19407
31937
24074
23660
11719
8868
1129
18963
7497
7322
5466
3959
13778
17482
7615
20680
18324
13804
29975
6613
22151
13740
8601
3470
17503
5452
32678
10849
9910
16593
9611
8223
8862
6976
18853
13043
22213
30224
31292
29341
7398
9574
4858
12787
14117
9443
8668
22523
29675
15942
24766
17162
6649
31252
1076
14521
17737
6748
29099
2885
11423
15965
5405
26610
9342
13163
32406
32268
9469
9560
9235
20728
12800
26394
21566
12384
21001
9150
26516
8334
11132
20828
13211
27655
11469
14720
22085
4530
10201
30081
25154
19015
24587
14945
12803
23273
17557
2216
5181
31879
25632
22635
11840
23563
11535
9128
25892
26521
20539
10165
18552
7478
10028
32142
13534
22533
420
10214
19244
2898
30226
27400
21488
3874
30182
4616
17621
16825
13720
63
9940
2918
6939
31486
7853
26956
19870
14419
7727
32549
14462
18229
20812
11523
27696
600
13489
8385
23432
8799
30871
22397
16529
22989
32585
84
32593
28278
30455
15643
10405
21188
15365
24015
7948
14422
1846
17183
26797
32706
24684
10611
2672
14928
8709
29793
21868
25838
3772
20986
14064
12529
24158
23215
27618
9936
389
13930
17378
6600
24051
24365
18470
4772
10837
8956
6142
30569
32570
7674
1083
10873
27972
18939
27451
22219
26819
19422
11655
16271
2589
15153
30184
18587
5508
27126
31018
9771
12979
30255
20564
1689
2794
22700
23619
1422
31732
10579
25293
28194
20377
15420
25433
13752
1694
21630
27388
11081
6058
6320
19051
5517
9145
2084
27040
21582
9489
21783
22185
12877
17156
10006
27852
983
28293
21619
5418
19885
22373
3918
2328
18818
26479
26738
26338
30843
20050
10605
6553
22573
22866
31974
20676
13915
26376
3906
31616
24238
16084
10284
17794
7616
850
20992
23258
26671
10123
5471
26877
32356
19974
25911
27728
18128
17459
15250
21163
21891
24162
21101
17448
25107
18529
11837
26018
15602
493
25644
30176
11793
18278
16263
31919
5100
14447
16067
26791
5653
4571
3667
25881
12084
18183
6659
13866
22607
6558
11514
15032
20957
980
7881
2072
18235
23099
11110
6880
18681
14239
4924
11607
4210
4143
26900
6842
691
11432
15188
20513
28761
18035
32468
4002
21146
29985
13148
22086
1950
621
15968
27873
6885
3048
7176
19436
23857
1333
8115
7127
12998
12094
26877
31464
23807
17322
9341
32455
11006
23039
16967
1221
2339
22060
14551
5762
7207
8561
29741
6721
7133
3694
7965
2989
29556
8802
4084
21256
6613
11815
17226
2580
9667
9342
18955
25228
10844
29563
27519
15567
4431
18030
23423
22846
25308
21616
20695
20327
22458
20270
17840
8739
9386
32177
12122
14276
5758
7194
19570
14880
19902
16715
26266
25569
10033
25511
18628
4723
12525
31203
27290
29234
9779
17233
21358
22556
3097
5516
28090
5794
22883
13648
4439
25056
31857
19161
14657
11740
2883
15976
27240
7307
19111
25114
23952
6138
31702
25483
10290
25126
31547
13573
7093
28263
9580
14969
10895
26304
11082
31140
19286
25621
4956
29979
8914
25843
20576
15665
20644
5905
10295
30619
15000
13037
23229
8952
17772
7077
25482
26577
16083
32332
8633
30473
14759
31788
7071
11435
25028
18914
21534
19680
171
14394
23985
28078
2121
13800
28235
29290
23981
23928
14191
17778
10485
19176
5606
11262
6633
311
5048
31103
22273
31495
31372
30568
8199
6495
28157
26535
32213
29049
6156
5374
9208
23816
5022
11754
14489
2450
15138
5173
27595
8821
31369
9187
23067
29899
5806
22002
27710
21332
9739
4076
18006
5920
32223
5921
23392
30076
29971
10524
13389
31838
18123
6694
2608
14391
5358
25014
15365
23729
18937
30808
21674
16020
22226
17804
26841
29764
29458
27877
3819
12545
3914
5858
16365
10121
27713
28636
6821
6934
2990
19473
18848
31098
156
21645
20131
29631
24122
4519
15726
20913
8667
6606
419
27597
20820
10654
16417
4247
9639
29875
27089
4899
10188
7334
20662
12807
10566
30328
16291
23243
13942
23519
24267
14956
24274
9323
18220
149
5825
12381
8082
7107
32371
3581
14899
23378
17889
4301
24026
23392
30454
21949
10741
8
24175
2620
16417
1551
1402
31658
21690
18652
24121
16471
22583
29813
3013
580
10309
9101
28350
16881
13544
21283
25778
9356
21072
23660
2488
22920
25443
30339
26374
213
27620
2104
27054
6468
15028
24845
25970
1072
20207
5671
10652
10840
19646
6108
17825
15380
12188
6550
12169
7601
3572
3008
25874
18305
15970
27584
30960
15881
13881
14179
1087
1741
24530
12783
16815
12228
27068
13023
4785
7565
22799
12300
9187
24956
26863
31653
2894
6853
16527
27127
21034
8088
4212
28170
6609
19812
18875
23365
3040
3112
22166
25977
18488
9217
6783
18529
11750
10952
2672
32483
23176
29907
15035
3326
29298
1569
17430
28775
20449
4333
3358
3304
8632
6155
25371
31531
3046
9633
20179
23350
11370
11692
18201
173
20733
1993
28444
2686
20642
5471
25376
16101
10434
22527
5172
21036
10544
3500
24965
23416
8199
1906
12622
17019
26702
20155
18681
14475
1098
24757
20577
24233
1456
14510
29418
20391
14623
2110
7254
6800
24990
8303
14412
22982
15594
1082
15975
22563
20691
3937
9216
23606
15288
3568
22268
11275
21031
26291
28071
18461
14421
13744
12248
30260
13969
24701
2691
23980
15777
5314
13284
13723
7943
21239
8709
28893
31775
20114
8296
20559
28916
8380
30215
12389
2319
6912
28194
24142
5971
18057
15935
302
17794
11688
23412
29410
20159
20476
5304
6174
16812
17533
19597
13770
21586
14809
16493
12540
24747
27824
32010
29526
30158
852
27176
23637
6393
24910
3838
3051
16387
448
25010
15754
30040
21192
4256
24071
27816
27536
5950
26036
85
3252
15431
10739
31472
5026
12428
2591
23699
37
26431
13471
31652
5791
31150
3528
5826
32100
10444
15261
1808
3766
14598
689
4354
29858
6707
18747
12243
13967
20052
23554
29993
14000
13836
8524
19965
28842
9914
18752
30429
3966
25226
5971
18837
20456
18370
24796
1135
25832
238
23648
1460
16307
26271
18928
10867
25114
1656
221
2896
30187
24022
2927
27573
4570
18613
10098
2152
24468
15681
13651
7544
4552
9472
3491
12966
4925
21032
13280
4366
4279
15411
6852
10899
3263
4178
23299
614
19050
24922
7849
24153
30892
24779
32219
10190
2399
9672
15756
5328
20351
30104
13582
30616
2535
848
18133
15736
4016
20730
4664
329
18001
23695
30607
10128
14569
6894
24888
29107
25484
25772
18727
3291
21758
27585
6870
10774
27555
25468
9115
31953
19571
4442
28365
18897
12644
29137
17054
1552
22187
27551
31525
8032
14915
23160
18391
17609
23168
247
12812
30667
30950
16895
12187
25912
3341
6820
23420
4971
15702
8332
5093
30897
30769
17369
13545
29107
24298
9591
4630
12613
2712
30691
19047
29511
13623
29094
6474
5078
18074
6716
18092
6016
21260
9090
27514
27367
12681
27205
11669
1504
2855
4399
4314
16655
9634
9825
8088
254
27426
30958
8426
12427
16906
1744
5760
3113
22193
32003
4208
30107
461
9344
15438
7638
6069
14861
11025
13034
4530
7130
20364
20916
25766
10810
6583
32257
20525
9242
6078
11050
14497
4628
21468
3434
969
21856
2789
141
10051
26698
17046
32174
10510
20032
15789
1360
11605
148
27956
19170
154
25735
13146
11112
6067
14470
12088
28640
7128
28869
32103
23671
29477
20490
15556
25634
18680
20704
32015
22752
22207
28008
8913
2547
8566
10257
22499
24098
30721
19322
3354
27183
30966
15679
27420
21227
12630
18678
