1.457564061100000072e+04 2.907428898700215971e-200 2.907428898700215971e-200 2.907428898700215971e-200
1.461596831099999872e+04 1.704935936461459910e-198 1.704935936461459910e-198 1.704935936461459910e-198
1.465629601100000036e+04 9.795889425199253993e-197 9.795889425199253993e-197 9.795889425199253993e-197
1.469662371100000018e+04 5.514631927287136065e-195 5.514631927287136065e-195 5.514631927287136065e-195
1.473695141100000001e+04 3.041767636558911487e-193 3.041767636558911487e-193 3.041767636558911487e-193
1.477727911099999983e+04 1.643888608924229572e-191 1.643888608924229572e-191 1.643888608924229572e-191
1.481760681099999965e+04 8.704735607900039786e-190 8.704735607900039786e-190 8.704735607900039786e-190
1.485793451099999947e+04 4.516225624449244279e-188 4.516225624449244279e-188 4.516225624449244279e-188
1.489826221100000112e+04 2.295791923620579267e-186 2.295791923620579267e-186 2.295791923620579267e-186
1.493858991099999912e+04 1.143473921164181162e-184 1.143473921164181162e-184 1.143473921164181162e-184
1.497891761100000076e+04 5.580291064416112653e-183 5.580291064416112653e-183 5.580291064416112653e-183
1.501924531100000058e+04 2.668236293474965154e-181 2.668236293474965154e-181 2.668236293474965154e-181
1.505957301100000041e+04 1.250053411278308253e-179 1.250053411278308253e-179 1.250053411278308253e-179
1.509990071100000023e+04 5.738120964716764131e-178 5.738120964716764131e-178 5.738120964716764131e-178
1.514022841100000005e+04 2.580760341867566198e-176 2.580760341867566198e-176 2.580760341867566198e-176
1.518055611099999987e+04 1.137267165695210282e-174 1.137267165695210282e-174 1.137267165695210282e-174
1.522088381100000151e+04 4.910369486693451823e-173 4.910369486693451823e-173 4.910369486693451823e-173
1.526121151099999952e+04 2.077316598699910401e-171 2.077316598699910401e-171 2.077316598699910401e-171
1.530153921100000116e+04 8.610493784983842011e-170 8.610493784983842011e-170 8.610493784983842011e-170
1.534186691099999916e+04 3.496956831728570293e-168 3.496956831728570293e-168 3.496956831728570293e-168
1.538219461100000080e+04 1.391519613398000274e-166 1.391519613398000274e-166 1.391519613398000274e-166
1.542252231100000063e+04 5.425318515081448320e-165 5.425318515081448320e-165 5.425318515081448320e-165
1.546285001100000045e+04 2.072516495097712910e-163 2.072516495097712910e-163 2.072516495097712910e-163
1.550317771100000027e+04 7.757246615383904727e-162 -6.709246041202477663e-162 2.222373927197028613e-161
1.554350541100000191e+04 2.844815127629417722e-160 -2.495154053272982343e-160 8.184784308531817155e-160
1.558383311099999992e+04 1.022203458810512780e-158 -8.965551072851048897e-159 2.940962024906130450e-158
1.562416081099999974e+04 3.598798169218381322e-157 -3.156437143890348667e-157 1.035403348232711066e-156
1.566448851099999956e+04 1.241407837461826543e-155 -1.088815105671174940e-155 3.571630780594828233e-155
1.570481621100000120e+04 4.195737624437070452e-154 -3.680001339656828476e-154 1.207147658853096805e-153
1.574514391100000103e+04 1.389437477333164581e-152 -1.218649075713250024e-152 3.997524030379578761e-152
1.578547161099999903e+04 4.508234964117465138e-151 -3.954086788176074652e-151 1.297055671641100628e-150
1.582579931100000067e+04 1.433213611795260583e-149 -1.257044287207688762e-149 4.123471510798209928e-149
1.586612701099999867e+04 4.464287473086369488e-148 -3.915541283107591956e-148 1.284411622928033093e-147
1.590645471100000032e+04 1.362480290890312542e-146 -1.195005442316031932e-146 3.919966024096657015e-146
1.594678241100000014e+04 4.074226337046834063e-145 -3.573426110125093333e-145 1.172187878421876146e-144
1.598711011099999996e+04 1.193704750970963742e-143 -1.046975639549742406e-143 3.434385141491670118e-143
1.602743781099999978e+04 3.426774608155762445e-142 -3.005558563831110042e-142 9.859107780142634931e-142
1.606776551100000142e+04 9.638534480112931655e-141 -8.453774514535577866e-141 2.773084347476144118e-140
1.610809321099999943e+04 2.656276730282113908e-139 -2.329769590215730032e-139 7.642323050779957847e-139
1.614842091099999925e+04 7.172531718905684840e-138 -6.290890588718802699e-138 2.063595402653017238e-137
1.618874861100000089e+04 1.897616659920179061e-136 -1.664363331488905498e-136 5.459596651329264002e-136
1.622907631100000071e+04 4.919051154228903883e-135 -4.314405822702417957e-135 1.415250813116022634e-134
1.626940401100000054e+04 1.249369905513997693e-133 -1.095798483499137278e-133 3.594538294527132665e-133
1.630973171099999854e+04 3.109120752334628035e-132 -2.726950433484593916e-132 8.945191938153849986e-132
1.635005941100000200e+04 7.580903804396653613e-131 -6.649065945760200422e-131 2.181087355455350765e-130
1.639038711100000000e+04 1.811094990927142115e-129 -1.588476828017076732e-129 5.210666809871360641e-129
1.643071481100000165e+04 4.239340697232809373e-128 -3.718244762068885382e-128 1.219692615653450362e-127
1.647104251099999965e+04 9.722820287759879905e-127 -8.527699986721392155e-127 2.797334056224115196e-126
1.651137021100000129e+04 2.184857133795413176e-125 -1.916296465369388933e-125 6.286010732960215548e-125
1.655169791099999929e+04 4.810505071711481883e-124 -4.219202126753457195e-124 1.384021227017642012e-123
1.659202561100000094e+04 1.037755770537341061e-122 -9.101957671450830907e-123 2.985707308219765346e-122
1.663235331099999894e+04 2.193494169913660168e-121 -1.923871844797439258e-121 6.310860184624760023e-121
1.667268101099999694e+04 4.542706299342958117e-120 -3.984320937964410488e-120 1.306973353665032672e-119
1.671300871100000222e+04 9.217850945894139433e-119 -8.084801020940599623e-119 2.652050291272887959e-118
1.675333641100000023e+04 1.832658521535905983e-117 -1.607389788890935171e-117 5.272706831962747137e-117
1.679366411099999823e+04 3.570016861031164776e-116 -3.131193608169141571e-116 1.027122733023147225e-115
1.683399181100000351e+04 6.813901186557877451e-115 -5.976342597968554313e-115 1.960414497108430831e-114
1.687431951100000151e+04 1.274260563507973189e-113 -1.117629604260670704e-113 3.666150731276616938e-113
1.691464721099999952e+04 2.334842022456293082e-112 -2.047845346783101533e-112 6.717529391695687698e-112
1.695497491100000116e+04 4.191732955152339846e-111 -3.676488920708939959e-111 1.205995483101362039e-110
1.699530261099999916e+04 7.373379043264171579e-110 -6.467049941105507028e-110 2.121380802763384900e-109
1.703563031100000080e+04 1.270797526305934561e-108 -1.114592240468296163e-108 3.656187293080164907e-108
1.707595801100000244e+04 2.145966848610223733e-107 -1.882186538965085214e-107 6.174120236185532378e-107
1.711628571100000045e+04 3.550638874995843444e-106 -3.114197546700869467e-106 1.021547529669255635e-105
1.715661341099999845e+04 5.756080330019840619e-105 -5.048548127097766409e-105 1.656070878713744842e-104
1.719694111100000009e+04 9.142901393973342860e-104 -8.019064200347040481e-104 2.630486698829372744e-103
1.723726881100000173e+04 1.422912101651539449e-102 -1.248009029400195372e-102 4.093833232703274467e-102
1.727759651099999974e+04 2.169746304563206553e-101 -1.903043045638323963e-101 6.242535654764737387e-101
1.731792421099999774e+04 3.241728872255963475e-100 -2.843258482900683051e-100 9.326716227412611017e-100
1.735825191100000302e+04 4.745492245112638019e-99 -4.162180618166879349e-99 1.365316510839215620e-98
1.739857961100000102e+04 6.806481905550108441e-98 -5.969835288290993965e-98 1.958279909939121085e-97
1.743890731099999903e+04 9.565352252247916783e-97 -8.389587780118759030e-97 2.752029228461459260e-96
1.747923501100000067e+04 1.317091930157317268e-95 -1.155196177949865715e-95 3.789380038264499919e-95
1.751956271100000231e+04 1.776920742567628666e-94 -1.558503247445162632e-94 5.112344732580419431e-94
1.755989041100000031e+04 2.348858596215921271e-93 -2.060139015937325668e-93 6.757856208369168210e-93
1.760021811100000195e+04 3.042163388354220816e-92 -2.668223408297774721e-92 8.752550185006215671e-92
1.764054581099999996e+04 3.860513233807185372e-91 -3.385982428793895417e-91 1.110700889640826616e-90
1.768087351099999796e+04 4.800034987911129872e-90 -4.210019016211167892e-90 1.381008899203342764e-89
1.772120121099999960e+04 5.847639725140336175e-89 -5.128853123944908872e-89 1.682413257422558262e-88
1.776152891100000124e+04 6.979971668292305404e-88 -6.121999845862337178e-88 2.008194318244694687e-87
1.780185661099999925e+04 8.163258687840619221e-87 -7.159838292140547240e-87 2.348635566782178389e-86
1.784218431100000089e+04 9.354278717470140826e-86 -8.204459213874692425e-86 2.691301664881497694e-85
1.788251201100000253e+04 1.050252925318948682e-84 -9.211567829317674761e-85 3.021662633569664840e-84
1.792283971100000053e+04 1.155352055052158512e-83 -1.013337222424081672e-83 3.324041332528398697e-83
1.796316741099999854e+04 1.245293237748869501e-82 -1.092222916059076743e-82 3.582809391556815891e-82
1.800349511100000018e+04 1.315121160516768850e-81 -1.153467653536142605e-81 3.783709974569680539e-81
1.804382281100000182e+04 1.360807671456271033e-80 -1.193538419754317673e-80 3.915153762666859739e-80
1.808415051099999982e+04 1.379636194393582430e-79 -1.210052557633076981e-79 3.969324946420241842e-79
1.812447821100000147e+04 1.370469129498736491e-78 -1.202012300087577864e-78 3.942950559085050606e-78
1.816480591099999947e+04 1.333861638171637646e-77 -1.169904568579198006e-77 3.837627844922472914e-77
1.820513361100000111e+04 1.272005985419194253e-76 -1.115652156877219869e-76 3.659664127715608528e-76
1.824546131099999911e+04 1.188514199289177177e-75 -1.042423105799445132e-75 3.419451504377799486e-75
1.828578901100000076e+04 1.088069011678430197e-74 -9.543245500611995653e-75 3.130462573418059959e-74
1.832611671099999876e+04 9.759899734756660839e-74 -8.560221661534315562e-74 2.808002113104763881e-73
1.836644441100000040e+04 8.577705230334661261e-73 -7.523341439408661169e-73 2.467875190007798495e-72
1.840677211100000204e+04 7.386415379052349656e-72 -6.478483862255736934e-72 2.125131462036043524e-71
1.844709981100000005e+04 6.232082345286575554e-71 -5.466040403940475560e-71 1.793020509451362747e-70
1.848742751099999805e+04 5.151924461643144810e-70 -4.518654553191132303e-70 1.482250347647742128e-69
1.852775521100000333e+04 4.172944778376213404e-69 -3.660010169677524390e-69 1.200589972642995068e-68
1.856808291100000133e+04 3.311712565178802173e-68 -2.904639843405726778e-68 9.528064973763331124e-68
1.860841061099999934e+04 2.575131915309984727e-67 -2.258599022717770467e-67 7.408862853337739920e-67
1.864873831100000098e+04 1.961928491917969515e-66 -1.720770011098537020e-66 5.644626994934475786e-66
1.868906601099999898e+04 1.464548351715096832e-65 -1.284527389156482664e-65 4.213624092586676751e-65
1.872939371100000062e+04 1.071176661560373514e-64 -9.395085923849214909e-65 3.081861915505668519e-64
1.876972141099999862e+04 7.676360050628624448e-64 -6.732788796294501633e-64 2.208550889755175053e-63
1.881004911100000027e+04 5.389970877852994930e-63 -4.727440518607638230e-63 1.550738227431362809e-62
1.885037681100000191e+04 3.708124849662916683e-62 -3.252325487393981113e-62 1.066857518671981405e-61
1.889070451099999991e+04 2.499534438169862509e-61 -2.192293919288525383e-61 7.191362795628250747e-61
1.893103221100000155e+04 1.650823903675473649e-60 -1.447906118266484722e-60 4.749553925617432020e-60
1.897135991099999956e+04 1.068265542174446071e-59 -9.369553051684529268e-60 3.073486389517345070e-59
1.901168761099999756e+04 6.773209965616039909e-59 -5.940653105206531561e-59 1.948707303643861049e-58
1.905201531100000284e+04 4.207718763317052523e-58 -3.690509767751094120e-58 1.210594729438519917e-57
1.909234301100000084e+04 2.561154146510280952e-57 -2.246339388652776243e-57 7.368647681673338148e-57
1.913267071099999885e+04 1.527430921950099528e-56 -1.339680490570197138e-56 4.394542334470395968e-56
1.917299841100000413e+04 8.925330078294503327e-56 -7.828236554570018482e-56 2.567889671115902514e-55
1.921332611100000213e+04 5.110034607685058596e-55 -4.481913762302252868e-55 1.470198297767237079e-54
1.925365381100000013e+04 2.866554768708699455e-54 -2.514200441802688669e-54 8.247309979220087580e-54
1.929398151099999814e+04 1.575554729254695951e-53 -1.381888962882382555e-53 4.532998421391774226e-53
1.933430921099999978e+04 8.484838701841631341e-53 -7.441889980844187818e-53 2.441156738452745050e-52
1.937463691099999778e+04 4.477035469505808437e-52 -3.926722307304096988e-52 1.288079324631571386e-51
1.941496461099999942e+04 2.314591355597596533e-51 -2.030083873631142320e-51 6.659266584826335385e-51
1.945529231100000106e+04 1.172451713875006343e-50 -1.028335006606068099e-50 3.373238434356081023e-50
1.949562001099999907e+04 5.819054867296044758e-50 -5.103781891046716830e-50 1.674189162563880635e-49
1.953594771100000071e+04 2.829741641376801585e-49 -2.481912350881523041e-49 8.141395633635125831e-49
1.957627541100000235e+04 1.348273400773423344e-48 -1.182544850319394435e-48 3.879091651866241124e-48
1.961660311100000035e+04 6.294279078233452458e-48 -5.520591970566194247e-48 1.810915012703310038e-47
1.965693081099999836e+04 2.879061025835703111e-47 -2.525169441082077245e-47 8.283291492753483954e-47
1.969725851100000000e+04 1.290305633232355901e-46 -1.131702428484758418e-46 3.712313694949470219e-46
1.973758621100000164e+04 5.665929462275843422e-46 -4.969478522709958094e-46 1.630133744726164572e-45
1.977791391099999964e+04 2.437735494881693592e-45 -2.138091246373120692e-45 7.013562236136507565e-45
1.981824161100000128e+04 1.027634901448873379e-44 -9.013189461563094076e-45 2.956588749054055917e-44
1.985856931100000293e+04 4.244513877251185038e-44 -3.722782059459169820e-44 1.221180981396153890e-43
1.989889701100000093e+04 1.717726110399895742e-43 -1.506584766074069995e-43 4.942036986873861678e-43
1.993922471099999893e+04 6.811091645934905638e-43 -5.973878403524956751e-43 1.959606169539476803e-42
1.997955241100000057e+04 2.646161691951741830e-42 -2.320897883262986407e-42 7.613221267166469747e-42
2.001988011099999858e+04 1.007286188816265252e-41 -8.834714789231072059e-42 2.898043856555637709e-41
2.006020781100000022e+04 3.756870523995936994e-41 -3.295079387365060029e-41 1.080882043535693402e-40
2.010053551100000186e+04 1.372892156408005462e-40 -1.204137490695522155e-40 3.949921803511532875e-40
2.014086321099999986e+04 4.915678455597065747e-40 -4.311447693045090676e-40 1.414280460423922217e-39
2.018119091100000151e+04 1.724516514351386865e-39 -1.512540499647998997e-39 4.961573528350772728e-39
2.022151861100000315e+04 5.927725653923590799e-39 -5.199094962329791575e-39 1.705454627017697317e-38
2.026184631100000115e+04 1.996391355426780406e-38 -1.750996730377418939e-38 5.743779441230979750e-38
2.030217401099999915e+04 6.587795559380561476e-38 -5.778029669942462401e-38 1.895362078870358640e-37
2.034250171100000080e+04 2.129959731929997995e-37 -1.868147002334670524e-37 6.128066466194666931e-37
2.038282941099999880e+04 6.747447592107274118e-37 -5.918057418035974355e-37 1.941295260225052343e-36
2.042315711100000044e+04 2.094327013485180067e-36 -1.836894225171891977e-36 6.025548252142252112e-36
2.046348481099999844e+04 6.369220968652146529e-36 -5.586322068590467364e-36 1.832476400589475909e-35
2.050381251100000009e+04 1.897863551641247189e-35 -1.664579874270200670e-35 5.460306977552694780e-35
2.054414021100000173e+04 5.540902416721458637e-35 -4.859819683551697407e-35 1.594162451699461468e-34
2.058446791099999973e+04 1.585013134448304823e-34 -1.390184747216515860e-34 4.560211016113125720e-34
2.062479561100000137e+04 4.442445172001211333e-34 -3.896383808812877318e-34 1.278127415281529998e-33
2.066512331099999938e+04 1.219967145469319999e-33 -1.070009880504027180e-33 3.509944171442667519e-33
2.070545101099999738e+04 3.282547663526754845e-33 -2.879059850537062172e-33 9.444155177590571178e-33
2.074577871100000266e+04 8.653878516247219465e-33 -7.590151517040795975e-33 2.489790854953523491e-32
2.078610641100000066e+04 2.235359587432108356e-32 -1.960591181432592167e-32 6.431310356296809153e-32
2.082643411099999867e+04 5.657451554319979712e-32 -4.962042631499459082e-32 1.627694574013941851e-31
2.086676181100000395e+04 1.402914293663471583e-31 -1.230469304752878547e-31 4.036297892079821713e-31
2.090708951100000195e+04 3.408617618821544545e-31 -2.989633311028772589e-31 9.806868548671861678e-31
2.094741721099999995e+04 8.114509579831525334e-31 -7.117081015815989375e-31 2.334610017547904004e-30
2.098774491099999796e+04 1.892705826402345039e-30 -1.660056008153480383e-30 5.445467660958170460e-30
2.102807261099999960e+04 4.325544760441733428e-30 -3.793852279501243360e-30 1.244494180038471022e-29
2.106840031100000124e+04 9.685796775913310820e-30 -8.495225988889141795e-30 2.786681954071576203e-29
2.110872801099999924e+04 2.125038228125672152e-29 -1.863829999721398320e-29 6.113906455972742905e-29
2.114905571100000088e+04 4.568093626239955249e-29 -4.006586268504959428e-29 1.314277352098486993e-28
2.118938341100000252e+04 9.621440625623578812e-29 -8.438777458815523990e-29 2.768165871006268386e-28
2.122971111100000053e+04 1.985555702827683965e-28 -1.741491663219211506e-28 5.712603068874579436e-28
2.127003881100000217e+04 4.014772285341946039e-28 -3.521276163612149683e-28 1.155082073429604086e-27
2.131036651100000017e+04 7.953836181064362047e-28 -6.976146356816820992e-28 2.288381871894554598e-27
2.135069421099999818e+04 1.543935897720921347e-27 -1.354153421331729206e-27 4.442025216773571901e-27
2.139102191099999982e+04 2.936424310337143798e-27 -2.575472545287866513e-27 8.448321165962153750e-27
2.143134961100000146e+04 5.471990251727674815e-27 -4.799353116495331215e-27 1.574333361995068013e-26
2.147167731099999946e+04 9.990997022589615517e-27 -8.762845505542952816e-27 2.874483955072218242e-26
2.151200501099999747e+04 1.787349285758650042e-26 -1.567632259104667093e-26 5.142330830621967463e-26
2.155233271100000275e+04 3.132905046925005133e-26 -2.747765670975161318e-26 9.013575764825171584e-26
2.159266041100000075e+04 5.380497065549110864e-26 -4.719016321544982872e-26 1.548001045264320460e-25
2.163298811099999875e+04 9.053889173496091746e-26 -7.940709084755115133e-26 2.604848743174729633e-25
2.167331581100000039e+04 1.492745998984077617e-25 -1.309190131421866620e-25 4.294682129390022083e-25
2.171364351099999840e+04 2.411432722919968536e-25 -2.114858038508927557e-25 6.937723484348864171e-25
2.175397121100000004e+04 3.816837316297101847e-25 -3.347294606433988867e-25 1.098096923902819302e-24
2.179429891100000168e+04 5.919329980296846967e-25 -5.190863881218392443e-25 1.702952384181208638e-24
2.183462661099999968e+04 8.994634578835654539e-25 -7.887084877068832365e-25 2.587635403474014144e-24
2.187495431100000133e+04 1.339180213230649549e-24 -1.174145431291494872e-24 3.852505857752793969e-24
2.191528201100000297e+04 1.953631538078313021e-24 -1.712583894255609898e-24 5.619846970412236308e-24
2.195560971100000097e+04 2.792542083724758262e-24 -2.447375700892556191e-24 8.032459868342071981e-24
2.199593741099999897e+04 3.911272013512986188e-24 -3.426571476015901688e-24 1.124911550304187333e-23
2.203626511099999698e+04 5.367956427780418558e-24 -4.700205858276904184e-24 1.543611871383774130e-23
2.207659281100000226e+04 7.219205700490622234e-24 -6.316167541309113472e-24 2.075457894229035647e-23
2.211692051100000026e+04 9.514456713132228115e-24 -8.314636870513936935e-24 2.734355029677839023e-23
2.215724821099999826e+04 1.228934990272684446e-23 -1.072127689528217348e-23 3.529997670073586386e-23
2.219757591100000354e+04 1.555883991924530368e-23 -1.353959668695396820e-23 4.465727652544457850e-23
2.223790361100000155e+04 1.931107978577600714e-23 -1.674313097162058550e-23 5.536529054317260271e-23
2.227823131099999955e+04 2.350338387908645482e-23 -2.026825526271359340e-23 6.727502302088650597e-23
2.231855901100000119e+04 2.806170007119994297e-23 -2.400854968913269264e-23 8.013194983153257271e-23
2.235888671099999920e+04 3.288493810598657243e-23 -2.781164356338713629e-23 9.358151977536028702e-23
2.239921441099999720e+04 3.785516315039490531e-23 -3.147949534518723173e-23 1.071898216459770424e-22
2.243954211100000248e+04 4.285405893009109034e-23 -3.477328960010831741e-23 1.204814074602904981e-22
2.247986981100000048e+04 4.778522594704049824e-23 -3.742494992806967881e-23 1.329954018221506635e-22
2.252019751099999849e+04 5.260088341203849292e-23 -3.915931558495744112e-23 1.443610824090344270e-22
2.256052521100000013e+04 5.733050251072352985e-23 -3.973519593700526259e-23 1.543962009584523223e-22
2.260085291100000177e+04 6.210795157367062185e-23 -3.902043757613597343e-23 1.632363407234772054e-22
2.264118061099999977e+04 6.719302739703371110e-23 -3.712369351781877152e-23 1.715097483118861937e-22
2.268150831099999778e+04 7.298292183676555283e-23 -3.460030209447366707e-23 1.805661457680047610e-22
2.272183601099999942e+04 8.000935061635909626e-23 -3.269008529721308884e-23 1.927087865299312814e-22
2.276216371100000106e+04 8.891784409484295547e-23 -3.338148071531800282e-23 2.112171689050039138e-22
2.280249141099999906e+04 1.004271172198706088e-22 -3.897588333570836253e-23 2.398301177754495919e-22
2.284281911100000070e+04 1.152684874058544201e-22 -5.122641342175128033e-23 2.817633882334601440e-22
2.288314681100000234e+04 1.341078996031662863e-22 -7.079802618822178563e-23 3.390138253945543348e-22
2.292347451100000035e+04 1.574560422970920166e-22 -9.744398143396393766e-23 4.123560660281479709e-22
2.296380221100000199e+04 1.855749651470286907e-22 -1.304340325504873282e-22 5.015839628445447096e-22
2.300412991099999999e+04 2.183920886144098501e-22 -1.688022398472009819e-22 6.055864170760206821e-22
2.304445761099999800e+04 2.554340062172425555e-22 -2.113966063236743752e-22 7.222646187581595333e-22
2.308478531099999964e+04 2.957925167530954282e-22 -2.568489449249511546e-22 8.484339784311420579e-22
2.312511301100000128e+04 3.381335251259094129e-22 -3.035467035122849160e-22 9.798137537641037888e-22
2.316544071099999928e+04 3.807557300747425830e-22 -3.496417599100837534e-22 1.111153220059569013e-21
2.320576841100000092e+04 4.217006669031128689e-22 -3.931052084503502405e-22 1.236506542256576072e-21
2.324609611100000257e+04 4.589093922805637522e-22 -4.318231696473185850e-22 1.349641954208446089e-21
2.328642381100000057e+04 4.904149177989468404e-22 -4.637196002646846527e-22 1.444549435862578427e-21
2.332675151099999857e+04 5.145545984290737145e-22 -4.868858939609802670e-22 1.515995090819127602e-21
2.336707921100000021e+04 5.301841213344155775e-22 -4.996942365792695986e-22 1.560062479248100848e-21
2.340740691099999822e+04 5.368751702015029650e-22 -5.008739546396101578e-22 1.574624295042615994e-21
2.344773461099999986e+04 5.350822659907128544e-22 -4.895405907959618469e-22 1.559705122777387556e-21
2.348806231100000150e+04 5.262699630152260693e-22 -4.651924467645502114e-22 1.517732372795002350e-21
2.352839001100000314e+04 5.129980942849930557e-22 -4.277427420721087861e-22 1.453738930642094804e-21
2.356871771100000115e+04 4.989682949734215763e-22 -3.777666684957085339e-22 1.375703258442551593e-21
2.360904541100000279e+04 4.890377889322845078e-22 -3.173578089496821562e-22 1.295433386814251172e-21
2.364937311100000079e+04 4.892051063931007727e-22 -2.522798409110596549e-22 1.230690053697261200e-21
2.368970081099999879e+04 5.065666627721911512e-22 -1.957649188497147232e-22 1.208898244394097026e-21
2.373002851099999680e+04 5.492338466003655835e-22 -1.705980823052050843e-22 1.269065775505936157e-21
2.377035621100000208e+04 6.261895723452034579e-22 -2.000178888195798451e-22 1.452397033509986761e-21
2.381068391100000008e+04 7.470542699246414800e-22 -2.915802734748565577e-22 1.785688813324139706e-21
2.385101161100000172e+04 9.217275514541861303e-22 -4.381028811136460413e-22 2.281557984022018302e-21
2.389133931100000336e+04 1.159876512682547184e-21 -6.300779318163119790e-22 2.949830957181406535e-21
2.393166701100000137e+04 1.470256781704843355e-21 -8.608780828868102707e-22 3.801391646296496605e-21
2.397199471099999937e+04 1.859878044956405843e-21 -1.125773708783453170e-21 4.845529798696264856e-21
2.401232241100000101e+04 2.333059446718901002e-21 -1.419865615010780330e-21 6.085984508448582711e-21
2.405265011099999901e+04 2.890457108827268068e-21 -1.736592117019448031e-21 7.517506334673983415e-21
2.409297781099999702e+04 3.528179278478361481e-21 -2.066976906762560336e-21 9.123335463719282545e-21
2.413330551100000230e+04 4.237126684327306099e-21 -2.399527757355684173e-21 1.087378112601029637e-20
2.417363321100000030e+04 5.002699610444404361e-21 -2.720684654129378632e-21 1.272608387501818660e-20
2.421396091100000194e+04 5.804994259884146409e-21 -3.015701088860436879e-21 1.462568960862872894e-20
2.425428861099999995e+04 6.619568023737830609e-21 -3.269801623912889229e-21 1.650893767138855120e-20
2.429461631100000159e+04 7.418789478778954231e-21 -3.469413649616947886e-21 1.830699260717485484e-20
2.433494401099999959e+04 8.173711751560638704e-21 -3.603247347613639421e-21 1.995067085073491683e-20
2.437527171099999759e+04 8.856328058392316309e-21 -3.663016085629505969e-21 2.137567220241413859e-20
2.441559941099999924e+04 9.441998115638701852e-21 -3.643660433813188752e-21 2.252765666509059396e-20
2.445592711100000088e+04 9.911785572695197542e-21 -3.543059087414994358e-21 2.336663023280538794e-20
2.449625481099999888e+04 1.025442893451943281e-20 -3.361359667323175391e-21 2.387021753636204101e-20
2.453658251100000416e+04 1.046768668373197524e-20 -3.100208439113621879e-21 2.403558180657757387e-20
2.457691021100000216e+04 1.055885144967872866e-20 -2.762260294496358429e-21 2.387996319385381425e-20
2.461723791100000017e+04 1.054431292416107247e-20 -2.351371411886594561e-21 2.343999726020874101e-20
2.465756561100000181e+04 1.044815521267447059e-20 -1.873789594026108971e-21 2.277010001937505015e-20
2.469789331099999981e+04 1.029988878356709438e-20 -1.340440963557458486e-21 2.194021853069164573e-20
2.473822101099999782e+04 1.013152604840220085e-20 -7.700296345648509436e-22 2.103308173136925264e-20
2.477854871099999946e+04 9.974299066423829226e-21 -1.920314912021661374e-22 2.014062962404982459e-20
2.481887641100000110e+04 9.855375992456917032e-21 3.523201131341702977e-22 1.935843187177966377e-20
2.485920411100000274e+04 9.794951037925949984e-21 8.139937613332416884e-22 1.877590831451865978e-20
2.489953181100000074e+04 9.804056626860750352e-21 1.147470853610823863e-21 1.846064240011067534e-20
2.493985951100000239e+04 9.883376955254783473e-21 1.327029345183171231e-21 1.843972456532639571e-20
2.498018721100000039e+04 1.002323553274338563e-20 1.358204668246026219e-21 1.868826639724074354e-20
2.502051491099999839e+04 1.020479677778157466e-20 1.274854693141391681e-21 1.913473886242175914e-20
2.506084261100000003e+04 1.040237866139385958e-20 1.124263895829971158e-21 1.968049342695774649e-20
2.510117031099999804e+04 1.058663738344871549e-20 9.517652848959160844e-22 2.022150948200151339e-20
2.514149801099999968e+04 1.072827380496262840e-20 7.924926327969310888e-22 2.066405497712832572e-20
2.518182571100000132e+04 1.080184004819589004e-20 6.701089766434800583e-22 2.093357111974830153e-20
2.522215341100000296e+04 1.078920363534981883e-20 5.991450625471723760e-22 2.097926220815246378e-20
2.526248111100000096e+04 1.068225944523549927e-20 5.880770301626644604e-22 2.077644186030833409e-20
2.530280881099999897e+04 1.048456291309613604e-20 6.415090922329959887e-22 2.032761673395927759e-20
2.534313651100000061e+04 1.021168066465958066e-20 7.606245173639001961e-22 1.966273681195525962e-20
2.538346421099999861e+04 9.890201304880088694e-21 9.414226295821917555e-22 1.883897998017798413e-20
2.542379191099999662e+04 9.555500796508036043e-21 1.170501643783870713e-21 1.794049994923220137e-20
2.546411961100000190e+04 9.248495302260037968e-21 1.418881169034097607e-21 1.707810943548597833e-20
2.550444731099999990e+04 9.011723754341724486e-21 1.636762038575709877e-21 1.638668547010773909e-20
2.554477501100000154e+04 8.885171498026834635e-21 1.757095020591575961e-21 1.601324797546209331e-20
2.558510271100000318e+04 8.902269233885437068e-21 1.718211081699401651e-21 1.608632738607147249e-20
2.562543041100000119e+04 9.086477550015074383e-21 1.500066515419782429e-21 1.667288858461036634e-20
2.566575811099999919e+04 9.448800598788678409e-21 1.141589534060520787e-21 1.775601166351683453e-20
2.570608581100000083e+04 9.986470662169647324e-21 7.199163334036206804e-22 1.925302499093567397e-20
2.574641351099999883e+04 1.068291912281105787e-20 3.161008263781123899e-22 2.104973741924400485e-20
2.578674121100000048e+04 1.150901168149523517e-20 -5.708331585459453049e-24 2.302373169457592980e-20
2.582706891100000212e+04 1.242539119728760093e-20 -2.038652233450777948e-22 2.505464761792027815e-20
2.586739661100000376e+04 1.338565569770170269e-20 -2.578743600299362651e-22 2.702918575543334014e-20
2.590772431100000176e+04 1.434001655406166298e-20 -1.655302903379375843e-22 2.884556339846126354e-20
2.594805201099999977e+04 1.523904422561567574e-20 5.969416413444790790e-23 3.041839428709690356e-20
2.598837971100000141e+04 1.603712259438200887e-20 3.909648461738917006e-22 3.168328034259012605e-20
2.602870741099999941e+04 1.669529645895809831e-20 7.905797893134363113e-22 3.260001312860276031e-20
2.606903511099999741e+04 1.718330049781140420e-20 1.213160603388642131e-21 3.315344039223416626e-20
2.610936281099999906e+04 1.748068466135642677e-20 1.609919977096976697e-21 3.335144934561587685e-20
2.614969051100000070e+04 1.757707852101297345e-20 1.934092540382290147e-21 3.322006450164365375e-20
2.619001821099999870e+04 1.747174328031033937e-20 2.147158191015440849e-21 3.279632836960524089e-20
2.623034591100000398e+04 1.717262716347608700e-20 2.224906803842544208e-21 3.212034752310962980e-20
2.627067361100000198e+04 1.669515856306107444e-20 2.161910248233914401e-21 3.122840687788823749e-20
2.631100131099999999e+04 1.606098315094752378e-20 1.972956542032985916e-21 3.014900975986205864e-20
2.635132901100000163e+04 1.529678776301207866e-20 1.690719382922827712e-21 2.890285614310132660e-20
2.639165671099999963e+04 1.443327391169341886e-20 1.360162572056685285e-21 2.750638525133014943e-20
2.643198441099999764e+04 1.350426813729666263e-20 1.031231128602244281e-21 2.597730514599107947e-20
2.647231211099999928e+04 1.254590297189980987e-20 7.516601032789969594e-22 2.434014584052062279e-20
2.651263981100000092e+04 1.159578178313662347e-20 5.612144570678906477e-22 2.263034910920535628e-20
2.655296751100000256e+04 1.069205462719660716e-20 4.878125126825155498e-22 2.089629674171069877e-20
2.659329521100000056e+04 9.872373007037753311e-21 5.452595007111666822e-22 1.919948651336433994e-20
2.663362291100000220e+04 9.172745327553246871e-21 7.319733687685012113e-22 1.761351728633799253e-20
2.667395061100000021e+04 8.626365712230296975e-21 1.030244434695290021e-21 1.622248698976530393e-20
2.671427831099999821e+04 8.262522314556482904e-21 1.406497171524600672e-21 1.511854745758836664e-20
2.675460601099999985e+04 8.105698023652873005e-21 1.815065844340813788e-21 1.439633020296493222e-20
2.679493371100000149e+04 8.174954100569836980e-21 2.209949388977853003e-21 1.413995881216182020e-20
2.683526141099999950e+04 8.483640304861806695e-21 2.564951046462358183e-21 1.440232956326125445e-20
2.687558911100000478e+04 9.039413546683518974e-21 2.888756414473056774e-21 1.519007067889398193e-20
2.691591681100000278e+04 9.844484331093637543e-21 3.217325113647007901e-21 1.647164354854026794e-20
2.695624451100000078e+04 1.089596016179670360e-20 3.588852304900939782e-21 1.820306801869246741e-20
2.699657221099999879e+04 1.218612971322012170e-20 4.022853789597168548e-21 2.034940563684307635e-20
2.703689991100000043e+04 1.370253920137914300e-20 4.513040525062297425e-21 2.289203787769598707e-20
2.707722761099999843e+04 1.542775595061010543e-20 5.030167402898642503e-21 2.582534449832156987e-20
2.711755531099999644e+04 1.733879047205004747e-20 5.529335770268731503e-21 2.914824517383136194e-20
2.715788301100000172e+04 1.940624779937611235e-20 5.958683641319754651e-21 3.285381195743246854e-20
2.719821071099999972e+04 2.159338573167136823e-20 6.267912219611119617e-21 3.691885924373161684e-20
2.723853841100000136e+04 2.385535182353761343e-20 6.415644914793304870e-21 4.129505873228192198e-20
2.727886611100000300e+04 2.613893034278154717e-20 6.374987410819170410e-21 4.590287327474392695e-20
2.731919381100000101e+04 2.838313482929492088e-20 6.137048955287533545e-21 5.062922070330230822e-20
2.735952151099999901e+04 3.052091776339039202e-20 5.712459936973903053e-21 5.532937558980688701e-20
2.739984921100000065e+04 3.248213378030914675e-20 5.131018626835506903e-21 5.983324893378278659e-20
2.744017691099999865e+04 3.419769888712259579e-20 4.439606569524718996e-21 6.395579120472047861e-20
2.748050461100000030e+04 3.560466242049278485e-20 3.698534759637740974e-21 6.751079008134782271e-20
2.752083231099999830e+04 3.665169049913934318e-20 2.976561968369847089e-21 7.032681902990883927e-20
2.756116001100000358e+04 3.730429473709527381e-20 2.344940099266792297e-21 7.226364937492375533e-20
2.760148771100000158e+04 3.754906976509102122e-20 1.870944296338821937e-21 7.322719523384321448e-20
2.764181541099999959e+04 3.739625577511922720e-20 1.611401416131992804e-21 7.318111013410646761e-20
2.768214311100000123e+04 3.688012379428029534e-20 1.606725455019306667e-21 7.215352213354128401e-20
2.772247081099999923e+04 3.605697106749106580e-20 1.875914173523398587e-21 7.023802796145873302e-20
2.776279851099999723e+04 3.500086601823748130e-20 2.412895220982155316e-21 6.758883681549280126e-20
2.780312621100000251e+04 3.379763352165982404e-20 3.184599460122737887e-21 6.441066758319691020e-20
2.784345391100000052e+04 3.253785352720363243e-20 4.131283844859516170e-21 6.094442320954774870e-20
2.788378161100000216e+04 3.130980118111417904e-20 5.170037269226930241e-21 5.744956509300142183e-20
2.792410931100000380e+04 3.019324975060043858e-20 6.203058242764161106e-21 5.418344125843671304e-20
2.796443701100000180e+04 2.925488640941499227e-20 7.132591284015452809e-21 5.137718153481453474e-20
2.800476471099999981e+04 2.854578704005764989e-20 7.882566201596060027e-21 4.920900787851923975e-20
2.804509241099999781e+04 2.810101955967778101e-20 8.421028247645868504e-21 4.778101087170969352e-20
2.808542011099999945e+04 2.794107140056922556e-20 8.770305749525701049e-21 4.711183705161274706e-20
2.812574781099999745e+04 2.807450041476367115e-20 8.994205776676321899e-21 4.715479505285102341e-20
2.816607551099999910e+04 2.850104727431733907e-20 9.167636352233087530e-21 4.783445819640158759e-20
2.820640321100000074e+04 2.921444953856432947e-20 9.347791070653234633e-21 4.908110800647542731e-20
2.824673091100000238e+04 3.020435598147314190e-20 9.562206353502845427e-21 5.084650560944343838e-20
2.828705861100000038e+04 3.145701490807658899e-20 9.815242915269818734e-21 5.309878690088336225e-20
2.832738631100000202e+04 3.295473959760522633e-20 1.010470404558022072e-20 5.580477514963023796e-20
2.836771401100000003e+04 3.467446699494009112e-20 1.043796308164071213e-20 5.891097090823947313e-20
2.840804171099999803e+04 3.658595905969247060e-20 1.083996599546202804e-20 6.233195212392291917e-20
2.844836941099999967e+04 3.865030689588517779e-20 1.135105011602580082e-20 6.594956367574454874e-20
2.848869711100000131e+04 4.081937075228962506e-20 1.201748924302095363e-20 6.962125226155829046e-20
2.852902481099999932e+04 4.303663708318809253e-20 1.287973199174412958e-20 7.319354217463205547e-20
2.856935251100000096e+04 4.523973203407235208e-20 1.396258132584757989e-20 7.651688274229712427e-20
2.860968021100000260e+04 4.736454591947328351e-20 1.526969422694987298e-20 7.945939761199670006e-20
2.865000791100000060e+04 4.935064349113322473e-20 1.678304994136164406e-20 8.191823704090480540e-20
2.869033561099999861e+04 5.114740024464205908e-20 1.846682135071398252e-20 8.382797913857012963e-20
2.873066331100000025e+04 5.272014326167513101e-20 2.027426898360808934e-20 8.516601753974217267e-20
2.877099101099999825e+04 5.405550070814955675e-20 2.215569939267054925e-20 8.595530202362855823e-20
2.881131871099999989e+04 5.516518147036905691e-20 2.406516691797062889e-20 8.626519602276749096e-20
2.885164641100000154e+04 5.608751344908641984e-20 2.596359174835122602e-20 8.621143514982160764e-20
2.889197411100000318e+04 5.688625978643562931e-20 2.781660651673544689e-20 8.595591305613581173e-20
2.893230181100000118e+04 5.764649682958353704e-20 2.958713246695492152e-20 8.570586119221214653e-20
2.897262951100000282e+04 5.846765940805799992e-20 3.122577551288503005e-20 8.570954330323096979e-20
2.901295721100000083e+04 5.945421136421839339e-20 3.266616774173056025e-20 8.624225498670622653e-20
2.905328491099999883e+04 6.070474341851739538e-20 3.383428265122613408e-20 8.757520418580865667e-20
2.909361261100000047e+04 6.230058720596884826e-20 3.467422683063227613e-20 8.992694758130542040e-20
2.913394031099999847e+04 6.429521092037495072e-20 3.517664178340377454e-20 9.341378005734612690e-20
2.917426801100000012e+04 6.670568306722853407e-20 3.538582517149456226e-20 9.802554096296249986e-20
2.921459571099999812e+04 6.950733093860658921e-20 3.537636994972125734e-20 1.036382919274919211e-19
2.925492341100000340e+04 7.263238446877625425e-20 3.521497390247443293e-20 1.100497950350780635e-19
2.929525111100000140e+04 7.597292358352076264e-20 3.492940949867272699e-20 1.170164376683687923e-19
2.933557881099999940e+04 7.938790792776652206e-20 3.449544238726907322e-20 1.242803734682639649e-19
2.937590651100000105e+04 8.271354969677862520e-20 3.384156999204785372e-20 1.315855294015094087e-19
2.941623421099999905e+04 8.577588046669781275e-20 3.286718859306360454e-20 1.386845723403320210e-19
2.945656191099999705e+04 8.840412882150502409e-20 3.146888427710792326e-20 1.453393733659021249e-19
2.949688961100000233e+04 9.044349968350672113e-20 2.956903507309580778e-20 1.513179642939176345e-19
2.953721731100000034e+04 9.176611964139779955e-20 2.714055955481943939e-20 1.563916797279761597e-19
2.957754501100000198e+04 9.227923879033219484e-20 2.422230705672546621e-20 1.603361705239389235e-19
2.961787271100000362e+04 9.193018769045487677e-20 2.092169926993190221e-20 1.629386761109778393e-19
2.965820041100000162e+04 9.070800066507999967e-20 1.740430097513457193e-20 1.640117003550254274e-19
2.969852811099999963e+04 8.864196799941826708e-20 1.387294845136067312e-20 1.634109875474758610e-19
2.973885581099999763e+04 8.579762822581924311e-20 1.054098952460115919e-20 1.610542669270373270e-19
2.977918351099999927e+04 8.227084519335378859e-20 7.604773568394232109e-21 1.569369168183133571e-19
2.981951121100000091e+04 7.818064600422772919e-20 5.219975964015610437e-21 1.511413160444398359e-19
2.985983891099999892e+04 7.366145391287490872e-20 3.485065513615449214e-21 1.438378423121343803e-19
2.990016661100000420e+04 6.885526778668302076e-20 2.433623734249733510e-21 1.352769118391163200e-19
2.994049431100000220e+04 6.390424390984563383e-20 2.035609521447367482e-21 1.257728782982439002e-19
2.998082201100000020e+04 5.894404301434363111e-20 2.206260108200227472e-21 1.156818259204870348e-19
3.002114971100000184e+04 5.409822054843700459e-20 2.820302870820986215e-21 1.053761382260530230e-19
3.006147741099999985e+04 4.947385891181053469e-20 3.728651907318983252e-21 9.521906591630208613e-20
3.010180511099999785e+04 4.515856177702575100e-20 4.774871988414435392e-21 8.554225156563706059e-20
3.014213281099999949e+04 4.121884945802804492e-20 5.809472596179141371e-21 7.662822631987694846e-20
3.018246051100000113e+04 3.769991104391260539e-20 6.701530060357507504e-21 6.869829202746770327e-20
3.022278821099999914e+04 3.462658755991614651e-20 7.348896624694016011e-21 6.190427849513827702e-20
3.026311591100000078e+04 3.200538642194789478e-20 7.689170305430806231e-21 5.632160253846497732e-20
3.030344361100000242e+04 2.982726674719801766e-20 7.711494445739438106e-21 5.194303904865659722e-20
3.034377131100000042e+04 2.807089284942950862e-20 7.463420866086115269e-21 4.867836483277290197e-20
3.038409901099999843e+04 2.670603410930703572e-20 7.043193577909313868e-21 4.636887464070476057e-20
3.042442671100000007e+04 2.569679779529343386e-20 6.574579705060307605e-21 4.481901588552656012e-20
3.046475441099999807e+04 2.500442122952480916e-20 6.174591434195173699e-21 4.383425102485444462e-20
3.050508211099999971e+04 2.458942277457249293e-20 5.928346970063472341e-21 4.325049857908151352e-20
3.054540981100000135e+04 2.441301462362203206e-20 5.877255829147586235e-21 4.294877341809647488e-20
3.058573751100000300e+04 2.443780425709752189e-20 6.018613640976909022e-21 4.285699487321813777e-20
3.062606521100000100e+04 2.462793740688344215e-20 6.312916655220858114e-21 4.294295815854602318e-20
3.066639291100000264e+04 2.494893872434946571e-20 6.696748695791613727e-21 4.320112875290731769e-20
3.070672061100000064e+04 2.536756085477870697e-20 7.099843236058283853e-21 4.363527847349913309e-20
3.074704831099999865e+04 2.585193776012227286e-20 7.463537707177663517e-21 4.424033781306688220e-20
3.078737601100000029e+04 2.637224657729903519e-20 7.755627245805081822e-21 4.498886590879298855e-20
3.082770371100000193e+04 2.690192513415915225e-20 7.976383639825465663e-21 4.582746662849283582e-20
3.086803141099999993e+04 2.741929970655925317e-20 8.153705183014352161e-21 4.668489423010415417e-20
3.090835911099999794e+04 2.790929427361788895e-20 8.329868113866071786e-21 4.748872043336970310e-20
3.094868681100000322e+04 2.836476757436232277e-20 8.544637296339048711e-21 4.818489785238559984e-20
3.098901451100000122e+04 2.878699887799638740e-20 8.818801611104477705e-21 4.875519614488829710e-20
3.102934221099999922e+04 2.918493875740823704e-20 9.140705557623669458e-21 4.922917195719280463e-20
3.106966991100000087e+04 2.957305050520587873e-20 9.458251890505474918e-21 4.968784911990627954e-20
3.110999761099999887e+04 2.996785497157519840e-20 9.680466344532158540e-21 5.025524359861824126e-20
3.115032531100000051e+04 3.038359718302850242e-20 9.693784894010001925e-21 5.107340947204700291e-20
3.119065301100000215e+04 3.082770735604570168e-20 9.394026432332267831e-21 5.226138827975913553e-20
3.123098071100000016e+04 3.129686805049277005e-20 8.723408049365724167e-21 5.387032805161981894e-20
3.127130841099999816e+04 3.177448133604411578e-20 7.692667982635790631e-21 5.585629468945244393e-20
3.131163611099999980e+04 3.223014641355403479e-20 6.376173003338715117e-21 5.808411982376935447e-20
3.135196381100000144e+04 3.262143764125575447e-20 4.887268224662765695e-21 6.035560705784874325e-20
3.139229151099999945e+04 3.289787576520859473e-20 3.350411981938782785e-21 6.244533954847840667e-20
3.143261921099999745e+04 3.300659065000791161e-20 1.880733971470582857e-21 6.413244732854524037e-20
3.147294691100000273e+04 3.289886238688361714e-20 5.727098451705713225e-22 6.522501492859666296e-20
3.151327461100000073e+04 3.253656268810062753e-20 -5.045297452111295584e-22 6.557765512141238463e-20
3.155360231099999874e+04 3.189753208549105284e-20 -1.307976344795630493e-21 6.510304051577774220e-20
3.159393001100000038e+04 3.097911481770590383e-20 -1.819343655282180757e-21 6.377757329069398842e-20
3.163425771100000202e+04 2.979939090135270366e-20 -2.042368635295280882e-21 6.164115043800068821e-20
3.167458541100000002e+04 2.839602693844067867e-20 -1.999228058627373525e-21 5.879128193550873687e-20
3.171491311100000166e+04 2.682303739098603336e-20 -1.726323455977230842e-21 5.537239823794929756e-20
3.175524081099999967e+04 2.514603757198909128e-20 -1.269694297243194003e-21 5.156176944122137356e-20
3.179556851100000131e+04 2.343673148177475863e-20 -6.803889379649214527e-22 4.755385190151444172e-20
3.183589621100000295e+04 2.176739496811159336e-20 -1.018113247459602859e-23 4.354497106869777974e-20
3.187622391100000095e+04 2.020600155333746236e-20 6.919808044459651054e-22 3.972002230222895962e-20
3.191655161099999896e+04 1.881243351583353789e-20 1.382492101797970336e-21 3.624237492986910545e-20
3.195687931100000060e+04 1.763597710419393449e-20 2.024470975313444702e-21 3.324748323307442428e-20
3.199720701100000224e+04 1.671407165364148974e-20 2.588222186157846701e-21 3.083992112112513278e-20
3.203753471100000024e+04 1.607211057437533529e-20 3.051457478740986485e-21 2.909276367000968258e-20
3.207786241099999825e+04 1.572400147441066621e-20 3.400273540119783082e-21 2.804772940870154633e-20
3.211819011100000353e+04 1.567318488744062331e-20 3.631477690102825075e-21 2.771489208477842004e-20
3.215851781100000153e+04 1.591386825066658351e-20 3.755357445218806374e-21 2.807237905611436365e-20
3.219884551099999953e+04 1.643232272102100668e-20 3.796636936802491438e-21 2.906800850523952043e-20
3.223917321100000117e+04 1.720817984352175076e-20 3.792071384056849464e-21 3.062428830298665355e-20
3.227950091100000282e+04 1.821572327087581816e-20 3.785249109133839670e-21 3.264619743261779364e-20
3.231982861100000082e+04 1.942518145859111758e-20 3.820092325815284155e-21 3.503027059136694799e-20
3.236015631100000246e+04 2.080399211875726434e-20 3.933851175740175236e-21 3.767413306177435344e-20
3.240048401100000046e+04 2.231794710551011910e-20 4.149733617592316971e-21 4.048616059342791822e-20
3.244081171099999847e+04 2.393206804102065870e-20 4.469606278918784799e-21 4.339452980312252960e-20
3.248113941100000375e+04 2.561104154991694331e-20 4.868140345233194830e-21 4.635394275460069178e-20
3.252146711099999811e+04 2.731908315170574330e-20 5.290775313945916762e-21 4.934739098946556984e-20
3.256179481100000339e+04 2.901920740159224490e-20 5.658264961596020266e-21 5.238014984158847254e-20
3.260212251099999412e+04 3.067204254278910741e-20 5.879466247212093677e-21 5.546461883836611513e-20
3.264245021100000304e+04 3.223450312088859883e-20 5.870864469044118568e-21 5.859814177273308211e-20
3.268277791100000104e+04 3.365877320246445054e-20 5.577200516972222503e-21 6.174034588795667858e-20
3.272310561099999904e+04 3.489210628463422329e-20 4.985591202542322568e-21 6.479862136672612402e-20
3.276343331100000069e+04 3.587788189774290227e-20 4.128095100054934241e-21 6.762766869543087030e-20
3.280376101099999505e+04 3.655816774089662914e-20 3.073164851521009477e-21 7.004317063027224881e-20
3.284408871100000397e+04 3.687774790445796345e-20 1.910645918122926452e-21 7.184484989079300044e-20
3.288441641099999833e+04 3.678924981073209933e-20 7.357010705921165556e-22 7.284279855087207608e-20
3.292474411099999998e+04 3.625870917116420471e-20 -3.646551902756579792e-22 7.288207353260406138e-20
3.296507181100000162e+04 3.527072602973707253e-20 -1.320807608268471011e-21 7.186225966774261004e-20
3.300539951100000326e+04 3.383233755761758030e-20 -2.085395537889136875e-21 6.975007065312429747e-20
3.304572721099999762e+04 3.197488132477666039e-20 -2.634312207043570832e-21 6.658407485659689763e-20
3.308605491099999927e+04 2.975342251410746310e-20 -2.964681604596724094e-21 6.247152663281165030e-20
3.312638261100000818e+04 2.724371090263853409e-20 -3.090733787110508451e-21 5.757815559238757061e-20
3.316671031099999527e+04 2.453703825816321992e-20 -3.038482052734842684e-21 5.211255856906128553e-20
3.320703801100000419e+04 2.173370203175895366e-20 -2.840023031538083761e-21 4.630742709505599108e-20
3.324736571099999856e+04 1.893598184787203739e-20 -2.528160949722815867e-21 4.040012464546688764e-20
3.328769341100000020e+04 1.624156710163162655e-20 -2.131948524992933031e-21 3.461508272825618311e-20
3.332802111100000184e+04 1.373823908124915326e-20 -1.673740412061395520e-21 2.915021857455970504e-20
3.336834881100000348e+04 1.150034448565901674e-20 -1.168692860988980617e-21 2.416938183230701258e-20
3.340867651099999784e+04 9.587256565332220636e-21 -6.288177410817479614e-22 1.980333087174618773e-20
3.344900421099999949e+04 8.043671474426346688e-21 -7.671281932899922895e-23 1.616405576818169261e-20
3.348933191100000840e+04 6.901291740556587186e-21 4.208290211826915528e-22 1.338175445993048357e-20
3.352965961099999549e+04 6.181251562031410973e-21 6.976634830005020006e-22 1.166483964106231919e-20
3.356998731100000441e+04 5.896564703234924546e-21 5.047341465308426315e-22 1.128839525993900646e-20
3.361031501099999878e+04 6.053928609051646810e-21 -2.517904808297591227e-22 1.235964769893305199e-20
3.365064271100000042e+04 6.654383285466173871e-21 -1.414647357470496876e-21 1.472341392840284462e-20
3.369097041100000206e+04 7.692572148750716025e-21 -2.820324830388674047e-21 1.820546912789010760e-20
3.373129811100000370e+04 9.154647111309430533e-21 -4.403991822991700467e-21 2.271328604561056153e-20
3.377162581099999807e+04 1.101515932240257745e-20 -6.157535862598432832e-21 2.818785450740358923e-20
3.381195351099999971e+04 1.323353631992728327e-20 -8.085803174605387952e-21 3.455287581445995299e-20
3.385228121100000135e+04 1.575092407997480799e-20 -1.018378241276215638e-20 4.168563057271176935e-20
3.389260891099999571e+04 1.848823355296208309e-20 -1.242634408572188798e-20 4.940281119164605417e-20
3.393293661100000463e+04 2.134615333236582444e-20 -1.476465640938028756e-20 5.745696307411193644e-20
3.397326431099999900e+04 2.420766947950070219e-20 -1.712682190621277852e-20 6.554216086521418592e-20
3.401359201100000064e+04 2.694329016641909041e-20 -1.942176659127198350e-20 7.330834692411016432e-20
3.405391971100000228e+04 2.941875149040343451e-20 -2.154581290989865245e-20 8.038331589070552749e-20
3.409424741099999665e+04 3.150454720320582838e-20 -2.339129184168719208e-20 8.640038624809884884e-20
3.413457511100000556e+04 3.308625588800448984e-20 -2.485631643354873720e-20 9.102882820955771086e-20
3.417490281099999993e+04 3.407440767538433356e-20 -2.585462377178258528e-20 9.400343912255124639e-20
3.421523051100000157e+04 3.441259290337235607e-20 -2.632429839599544723e-20 9.514948420274015937e-20
3.425555821099999594e+04 3.408268809293498300e-20 -2.623427017831232551e-20 9.439964636418229152e-20
3.429588591100000485e+04 3.310644061381298644e-20 -2.558774043884997801e-20 9.180062166647595089e-20
3.433621361099999922e+04 3.154315382389912265e-20 -2.442209588816166130e-20 8.750840353595990660e-20
3.437654131100000086e+04 2.948376240383851899e-20 -2.280535231325509736e-20 8.177287712093212931e-20
3.441686901100000250e+04 2.704208580964796307e-20 -2.082964308924331263e-20 7.491381470853923577e-20
3.445719671099999687e+04 2.434440922285114134e-20 -1.860264812451378607e-20 6.729146657021606574e-20
3.449752441100000578e+04 2.151870764596742096e-20 -1.623808366085662106e-20 5.927549895279145998e-20
3.453785211100000015e+04 1.868478139582066694e-20 -1.384641250125241234e-20 5.121597529289374924e-20
3.457817981100000179e+04 1.594633354704520625e-20 -1.152679522677072075e-20 4.341946232086113025e-20
3.461850751099999616e+04 1.338564936842334963e-20 -9.361026169364749178e-21 3.613232490621144694e-20
3.465883521100000507e+04 1.106111132520061929e-20 -7.409845011163859090e-21 2.953206766156509917e-20
3.469916291099999944e+04 9.007379275572423551e-21 -5.711653900676204305e-21 2.372641245182105141e-20
3.473949061100000108e+04 7.237748054887589595e-21 -4.283361174881321864e-21 1.875885728465650256e-20
3.477981831100000272e+04 5.748002302351228132e-21 -3.122859351737462561e-21 1.461886395643991958e-20
3.482014601099999709e+04 4.521030525211969658e-21 -2.212551450766370781e-21 1.125461250119031085e-20
3.486047371100000601e+04 3.531520327661308878e-21 -1.523378479848091110e-21 8.586419135170708867e-21
3.490080141099999310e+04 2.750199900625778608e-21 -1.018984253441071699e-21 6.519384054692629291e-21
3.494112911100000201e+04 2.147275327424605974e-21 -6.599922837869631842e-22 4.954542938636174755e-21
3.498145681100000365e+04 1.694899580822400536e-21 -4.088239325599899106e-22 3.798623094204790983e-21
3.502178451099999802e+04 1.368667559724314720e-21 -2.358320635587675611e-22 2.973167183007397001e-21
3.506211221099999966e+04 1.148245586872792890e-21 -1.269212155483113891e-22 2.423412389293896980e-21
3.510243991100000130e+04 1.017309825517302523e-21 -8.834692374859069774e-23 2.122966574783195743e-21
3.514276761100000294e+04 9.629923570927452242e-22 -1.348208968278793572e-22 2.060805611013369806e-21
3.518309531099999731e+04 9.750280123558259744e-22 -2.617867036781763395e-22 2.211842728389828288e-21
3.522342301100000623e+04 1.044772401341761959e-21 -4.438031132713275738e-22 2.533347915954851680e-21
3.526375071099999332e+04 1.164232586115024318e-21 -6.568622758066351314e-22 2.985327448036683955e-21
3.530407841100000223e+04 1.325222990686397964e-21 -8.865719376559670741e-22 3.537017919028762626e-21
3.534440611100000388e+04 1.518732601423643785e-21 -1.124536605653220062e-21 4.162001808500507633e-21
3.538473381099999824e+04 1.734564178046990760e-21 -1.364273749991312347e-21 4.833402106085293492e-21
3.542506151099999988e+04 1.961279540394589762e-21 -1.599098033142663439e-21 5.521657113931842585e-21
3.546538921100000152e+04 2.186454987614217962e-21 -1.821426893225034070e-21 6.194336868453469993e-21
3.550571691100000317e+04 2.397217469677474298e-21 -2.022894087452109991e-21 6.817329026807058962e-21
3.554604461099999753e+04 2.580997766038545468e-21 -2.194904329450412119e-21 7.356899861527503055e-21
3.558637231100000645e+04 2.726406358348668299e-21 -2.329402562204579851e-21 7.782215278901916071e-21
3.562670001099999354e+04 2.824116690269650454e-21 -2.419692674035089302e-21 8.067926054574389835e-21
3.566702771100000245e+04 2.867634276661537164e-21 -2.461170960271985430e-21 8.196439513595059758e-21
3.570735541100000410e+04 2.853841636701734453e-21 -2.451865757469528881e-21 8.159549030872998165e-21
3.574768311099999846e+04 2.783237926395948254e-21 -2.392707121215774350e-21 7.959182974007670481e-21
3.578801081100000010e+04 2.659834458054719360e-21 -2.287490599681057590e-21 7.607159515790495932e-21
3.582833851100000174e+04 2.490716074142349010e-21 -2.142543159974700477e-21 7.123975308259398120e-21
3.586866621100000339e+04 2.285325125039983479e-21 -1.966140721762450120e-21 6.536790971842416702e-21
3.590899391099999775e+04 2.054561451133798612e-21 -1.767758901833099354e-21 5.876881804100696953e-21
3.594932161099999939e+04 1.809812261694127672e-21 -1.557256462385765645e-21 5.176880985774021365e-21
3.598964931100000103e+04 1.562027452836729194e-21 -1.344092388873397749e-21 4.468147294546856325e-21
3.602997701100000268e+04 1.320939782590735420e-21 -1.136663509547708946e-21 3.778543074729179597e-21
3.607030471099999704e+04 1.094499762071120661e-21 -9.418239160091598574e-22 3.130823440151401180e-21
3.611063241099999868e+04 8.885585538830161616e-22 -7.646157370628569039e-22 2.541732844828889227e-21
3.615096011100000760e+04 7.067955678120633021e-22 -6.082090962163582978e-22 2.021800231840484902e-21
3.619128781099999469e+04 5.508568545952127732e-22 -4.740225678378833440e-22 1.575736277028308890e-21
3.623161551100000361e+04 4.206498570295144328e-22 -3.619776182763843849e-22 1.203277332335413250e-21
3.627194321099999797e+04 3.147311311129732879e-22 -2.708327062376698758e-22 9.002949684636164987e-22
3.631227091099999961e+04 2.307254922167161484e-22 -1.985442220283748622e-22 6.599952064618072059e-22
3.635259861100000126e+04 1.657251239194458376e-22 -1.426100676132707725e-22 4.740603154521624476e-22
3.639292631100000290e+04 1.166320740494423062e-22 -1.003644550053383167e-22 3.336286031042229055e-22
3.643325401099999726e+04 8.042378511075383470e-23 -6.920643867599746472e-23 2.300540088975051224e-22
3.647358171099999890e+04 5.433602664396689634e-23 -4.675735180226307782e-23 1.554294050901968705e-22
3.651390941100000782e+04 3.596897805079883752e-23 -3.095210215586576296e-23 1.028900582574634380e-22
3.655423711099999491e+04 2.332948606412596458e-23 -2.007554002796776432e-23 6.673451215621968761e-23
3.659456481100000383e+04 1.482583266549014311e-23 -1.275795797733079646e-23 4.240962330831108267e-23
3.663489251099999819e+04 9.231448798305214641e-24 -7.943866619552451864e-24 2.640676421616288262e-23
3.667522021099999984e+04 5.631933064786690172e-24 -4.846403459979675069e-24 1.611026958955305688e-23
3.671554791100000148e+04 3.366525836274723002e-24 -2.896970248849316424e-24 9.630021921398762428e-24
3.675587561100000312e+04 1.971711033070757098e-24 -1.696701137947236182e-24 5.640123204088750378e-24
3.679620331099999748e+04 1.131465793668242327e-24 -9.736514482008163886e-25 3.236583035537301226e-24
3.683653101099999913e+04 6.361747659701055844e-25 -5.474425177284656998e-25 1.819792049668676869e-24
3.687685871100000804e+04 3.504679399978279732e-25 -3.015854476386751297e-25 1.002521327634331076e-24
3.691718641099999513e+04 1.891720631405072406e-25 -1.627867626475703615e-25 5.411308889285848657e-25
3.695751411100000405e+04 1.000466502423612983e-25 -8.609236501405316988e-26 2.861856654987757666e-25
3.699784181100000569e+04 5.184238241898601294e-26 -4.461152172725871572e-26 1.482962865652307416e-25
3.703816951100000006e+04 2.632110985769763917e-26 -2.264989974632441711e-26 7.529211946171968971e-26
3.707849721100000170e+04 1.309363684835631049e-26 -1.126736537891411763e-26 3.745463907562674147e-26
3.711882491099999606e+04 6.381947580623495133e-27 -5.491807666197213136e-27 1.825570282744420412e-26
3.715915261100000498e+04 3.047775833547259007e-27 -2.622678810252611987e-27 8.718230477347129284e-27
3.719948031099999935e+04 1.426098939231604367e-27 -1.227189817610931688e-27 4.079387696074140423e-27
3.723980801100000099e+04 6.538123802151054029e-28 -5.626200774442441018e-28 1.870244837874454818e-27
3.728013571099999535e+04 2.936929152784452052e-28 -2.527292779086516155e-28 8.401151084655419362e-28
3.732046341100000427e+04 1.292619335139299064e-28 -1.112327653091858048e-28 3.697566323370456176e-28
3.736079111099999864e+04 5.574227285506944206e-29 -4.796746409205081325e-29 1.594520098021897086e-28
3.740111881100000028e+04 2.355242042129160583e-29 -2.026738098350690633e-29 6.737222182609011800e-29
3.744144651100000192e+04 9.750418681773346730e-30 -8.390451878723989269e-30 2.789128924227068273e-29
3.748177421099999628e+04 3.955012236694381729e-30 -3.403375889262426050e-30 1.131340036265118951e-29
3.752210191100000520e+04 1.571843290904262466e-30 -1.352606069920743568e-30 4.496292651729268149e-30
3.756242961099999957e+04 6.120790391781952549e-31 -5.267076103925777503e-31 1.750865688748968085e-30
3.760275731100000121e+04 2.335299659596140465e-31 -2.009577235168965923e-31 6.680176554361246852e-31
3.764308501099999557e+04 8.730006601891579913e-32 -7.512364615798839934e-32 2.497237781958200085e-31
3.768341271100000449e+04 3.197594406531789522e-32 -2.751601020565224582e-32 9.146789833628803627e-32
3.772374041099999886e+04 1.147543153680454770e-32 -9.874863761206803742e-33 3.282572683481589778e-32
3.776406811100000050e+04 4.035074191183764083e-33 -3.472270979658265959e-33 1.154241936202579413e-32
3.780439581100000214e+04 1.390179466959360859e-33 -1.196280313801062546e-33 3.976639247719784434e-33
3.784472351099999651e+04 4.692746152689366850e-34 -4.038212312548905658e-34 1.342370461792763936e-33
3.788505121100000542e+04 1.552101441563637711e-34 -1.335617770003460956e-34 4.439820653130736377e-34
3.792537891099999979e+04 5.029791580278637784e-35 -4.328247390367717303e-35 1.438783055092499180e-34
3.796570661100000143e+04 1.597043421250627271e-35 -1.374291341898719936e-35 4.568378184399974745e-35
3.800603431100000307e+04 4.968442933966787591e-36 -4.275455517371890723e-36 1.421234138530546591e-35
3.804636201100000471e+04 1.514470210450579075e-36 -1.303235259662457059e-36 4.332175680563614875e-36
3.808668971099999908e+04 4.523118977440976039e-37 -3.892244360023261624e-37 1.293848231490521370e-36
3.812701741100000072e+04 1.323585910632206360e-37 -1.138975079222674781e-37 3.786146900487087919e-37
3.816734511100000236e+04 3.794924208155713791e-38 -3.265616584392075023e-38 1.085546500070350208e-37
3.820767281099999673e+04 1.066082771734912851e-38 -9.173879078349589401e-39 3.049553451304784641e-38
3.824800051100000564e+04 2.934374843558004754e-39 -2.525094739270914354e-39 8.393844426386924188e-39
3.828832821099999273e+04 7.913654832194472130e-40 -6.809875782928527761e-40 2.263718544731747365e-39
3.832865591100000165e+04 2.091103188265805767e-40 -1.799440746827060868e-40 5.981647123358672810e-40
3.836898361100000329e+04 5.413905512155564845e-41 -4.658785961740994132e-41 1.548659698605212382e-40
3.840931131099999766e+04 1.373354727465831864e-41 -1.181802251709591672e-41 3.928511706641255655e-41
3.844963901099999930e+04 3.413434935767249975e-42 -2.937336590814816297e-42 9.764206462349316246e-42
3.848996671100000094e+04 8.312609489692165044e-43 -7.153185128381303973e-43 2.377840410776563406e-42
3.853029441100000258e+04 1.983444147617743733e-43 -1.706797750731304523e-43 5.673686045966791989e-43
3.857062211099999695e+04 4.637024812127235732e-44 -3.990262861159848377e-44 1.326431248541432084e-43
3.861094981100000587e+04 1.062174109454677790e-44 -9.140244171128815246e-45 3.038372636022236980e-44
3.865127751099999296e+04 2.383904481565740391e-45 -2.051402764217780031e-45 6.819211727349260813e-45
3.869160521100000187e+04 5.242263372371598270e-46 -4.511084087470511146e-46 1.499561083221370769e-45
3.873193291100000351e+04 1.129498528943391463e-46 -9.719585756777349069e-47 3.230955633564517834e-46
3.877226061099999788e+04 2.384456205875623023e-47 -2.051877535242881335e-47 6.820789946994127380e-47
3.881258831099999952e+04 4.932077342974729882e-48 -4.244162118470893110e-48 1.410831680442035227e-47
3.885291601100000116e+04 9.995562838859922903e-49 -8.601403871719920193e-49 2.859252954943976296e-48
3.889324371100000280e+04 1.984821594970376424e-49 -1.707983074777869571e-49 5.677626264718622799e-49
3.893357141099999717e+04 3.861646775758072679e-50 -3.323032836038723304e-50 1.104632638755486866e-49
3.897389911100000609e+04 7.361400794029806977e-51 -6.334648914905091114e-51 2.105745050296470507e-50
3.901422681100000045e+04 1.374944690492621389e-51 -1.183170450214749731e-51 3.933059831199992213e-51
3.905455451100000209e+04 2.516209746049636675e-52 -2.165254383433898301e-52 7.197673875533171650e-52
3.909488221100000374e+04 4.511752829582879660e-53 -3.882463537295267287e-53 1.290596919646102753e-52
3.913520991099999810e+04 7.926484339002212371e-54 -6.820915858540677659e-54 2.267388453654510008e-53
3.917553761100000702e+04 1.364434712420616874e-54 -1.174126380607318570e-54 3.902995805448552318e-54
3.921586531100000138e+04 2.301239186855519963e-55 -1.980267441731195256e-55 6.582745815442235544e-55
3.925619301100000303e+04 3.802836111354466819e-56 -3.272424952855540924e-56 1.087809717556447456e-55
3.929652071099999739e+04 6.157299871445052398e-57 -5.298493322225850459e-57 1.761309306511595412e-56
3.933684841099999903e+04 9.768094400958499365e-58 -8.405662227752310566e-58 2.794185102966931212e-57
3.937717611100000067e+04 1.518330228259893540e-58 -1.306556890736686394e-58 4.343217347256473652e-58
3.941750381100000232e+04 2.312381446322197828e-59 -1.989855603524699587e-59 6.614618496169095244e-59
3.945783151099999668e+04 3.450559821624306226e-60 -2.969283379814734573e-60 9.870403023063347024e-60
3.949815921099999832e+04 5.044945667296533601e-61 -4.341287818890884779e-61 1.443117915348395267e-60
3.953848691100000724e+04 7.227036913322583683e-62 -6.219025810697194135e-62 2.067309963734236323e-61
3.957881461099999433e+04 1.014380518508998267e-62 -8.728969703816953936e-63 2.901658007399691712e-62
3.961914231100000325e+04 1.395013383168884222e-63 -1.200440006083588814e-63 3.990466772421357258e-63
3.965947001099999761e+04 1.879717980003125844e-64 -1.617539079248531109e-64 5.376975039254782797e-64
3.969979771099999925e+04 2.481669049748509001e-65 -2.135531346954006508e-65 7.098869446451024511e-65
3.974012541100000090e+04 3.210198448734876963e-66 -2.762447078876701578e-66 9.182843976346454976e-66
3.978045311100000254e+04 4.068710071727370953e-67 -3.501215402078684143e-67 1.163863554553342539e-66
3.982078081099999690e+04 5.052641149746720301e-68 -4.347909952492478541e-68 1.445319225198591914e-67
3.986110851099999854e+04 6.147761527226488116e-69 -5.290285365133789768e-69 1.758580841958676497e-68
3.990143621100000746e+04 7.329129883992240722e-70 -6.306879079927798908e-70 2.096513884791228164e-69
3.994176391099999455e+04 8.561003425688223328e-71 -7.366933628313927012e-71 2.448894047969037367e-70
3.998209161100000347e+04 9.797917330966348326e-72 -8.431325521532749026e-72 2.802716018346544367e-71
4.002241931100000511e+04 1.098701501695485682e-72 -9.454570495827814696e-73 3.142860052973752833e-72
4.006274701099999947e+04 1.207153541135074198e-73 -1.038782438754966381e-73 3.453089521025114620e-73
4.010307471100000112e+04 1.299517566703266244e-74 -1.118263734599699942e-74 3.717298868006232233e-74
4.014340241100000276e+04 1.370688104667960415e-75 -1.179507563553673895e-75 3.920883772889594726e-75
4.018373011100000440e+04 1.416550234577478275e-76 -1.218972945156360427e-76 4.052073414311316671e-76
4.022405781099999876e+04 1.434373206470457880e-77 -1.234310008403035659e-77 4.103056421343951802e-77
4.026438551100000768e+04 1.423079607468745862e-78 -1.224591615577648666e-78 4.070750830515140390e-78
4.030471321099999477e+04 1.383353183183984685e-79 -1.190406144968189968e-79 3.957112511336159337e-79
4.034504091100000369e+04 1.317570308777939478e-80 -1.133798520192018446e-80 3.768939137747897214e-80
4.038536861099999805e+04 1.229564660996530116e-81 -1.058067705253074620e-81 3.517197027246134851e-81
4.042569631099999970e+04 1.124257498695453193e-82 -9.674485527212373148e-83 3.215963550112143701e-82
4.046602401100000134e+04 1.007203115880149435e-83 -8.667206559753877541e-84 2.881126887735686625e-83
4.050635171099999570e+04 8.841077053219392942e-85 -7.607943206568668736e-85 2.529009731300745576e-84
4.054667941100000462e+04 7.603790417024840614e-86 -6.543230570116038542e-86 2.175081140416572120e-85
4.058700711099999899e+04 6.407549169697255072e-87 -5.513838402596219742e-87 1.832893674199073078e-86
4.062733481100000063e+04 5.290425517292174345e-88 -4.552528683084427677e-88 1.513337971766877637e-87
4.066766251099999499e+04 4.279825959547825863e-89 -3.682885313433788043e-89 1.224253723252943977e-88
4.070799021100000391e+04 3.392332867650924598e-90 -2.919177792423655434e-90 9.703843527725503758e-90
4.074831791099999828e+04 2.634557362888133272e-91 -2.267095136785566553e-91 7.536209862561832552e-91
4.078864561099999992e+04 2.004719917108637341e-92 -1.725106023014007433e-92 5.734545857231282115e-92
4.082897331100000156e+04 1.494639992493255935e-93 -1.286170916586925316e-93 4.275450901573437185e-93
4.086930101099999592e+04 1.091833309008921844e-94 -9.395468172008477090e-95 3.123213435218691264e-94
4.090962871100000484e+04 7.814711101936693300e-96 -6.724732505031973887e-96 2.235415470890535882e-95
4.094995641099999921e+04 5.480325613044563257e-97 -4.715941934061606099e-97 1.567659316015073261e-96
4.099028411100000085e+04 3.765621331538723660e-98 -3.240400808107211426e-98 1.077164347118465940e-97
4.103061181100000249e+04 2.535150669477560826e-99 -2.181553468811439058e-99 7.251854807766561116e-99
4.107093951100000413e+04 1.672275213909814395e-100 -1.439029970737071314e-100 4.783580398556700358e-100
4.111126721099999850e+04 1.080808066665536968e-101 -9.300593512414219615e-102 3.091675484572496215e-101
4.115159491100000014e+04 6.844256062409530019e-103 -5.889634385107511095e-103 1.957814650992656915e-102
4.119192261100000906e+04 4.246594261500681028e-104 -3.654288699030529889e-104 1.214747722203189256e-103
4.123225031099999615e+04 2.581618919071044735e-105 -2.221540429866931358e-105 7.384778268009020053e-105
4.127257801100000506e+04 1.537730926626176212e-106 -1.323251622662445942e-106 4.398713475914798365e-106
4.131290571099999943e+04 8.974399739745543269e-108 -7.722670340054062690e-108 2.567146981954515074e-107
4.135323341100000107e+04 5.131771594803606042e-109 -4.416003458326580117e-109 1.467954664793379315e-108
4.139356111100000271e+04 2.875186855432816427e-110 -2.474162160643119007e-110 8.224535871508751861e-110
4.143388881099999708e+04 1.578344049847818739e-111 -1.358200117404843574e-111 4.514888217100480867e-111
4.147421651099999872e+04 8.489343913910993939e-113 -7.305269026531685728e-113 2.428395685435367361e-112
4.151454421100000036e+04 4.473870670193805618e-114 -3.849865097598519461e-114 1.279760643798613070e-113
4.155487191100000200e+04 2.310093565503943370e-115 -1.987886831255930329e-115 6.608073962263817521e-115
4.159519961099999637e+04 1.168725615408771228e-116 -1.005714355000920075e-116 3.343165585818462391e-116
4.163552731100000528e+04 5.793385157604784618e-118 -4.985336626693520393e-118 1.657210694190308787e-117
4.167585501099999237e+04 2.813773202791007669e-119 -2.421314348256219208e-119 8.048860753838234546e-119
4.171618271100000129e+04 1.339006309699134864e-120 -1.152244675179990526e-120 3.830257294578259910e-120
4.175651041100000293e+04 6.243282765103196187e-122 -5.372483512306662825e-122 1.785904904251305520e-121
4.179683811099999730e+04 2.852201696695367179e-123 -2.454382920940094852e-123 8.158786314330828538e-123
4.183716581099999894e+04 1.276686629289835562e-124 -1.098617205771966394e-124 3.651990464351637518e-124
4.187749351100000058e+04 5.599190369306087394e-126 -4.818227697374888690e-126 1.601660843598706282e-125
4.191782121100000222e+04 2.406040892782217610e-127 -2.070451637824300259e-127 6.882533423388735478e-127
4.195814891099999659e+04 1.013019073190422285e-128 -8.717254164408872523e-129 2.897763562821731951e-128
4.199847661100000551e+04 4.178968405648974658e-130 -3.596095147778928854e-130 1.195403195907687817e-129
4.203880431099999987e+04 1.689107928433447934e-131 -1.453514895519122846e-131 4.831730752386018965e-131
4.207913201100000151e+04 6.689329063872980993e-133 -5.756316261202906049e-133 1.913497438894886725e-132
4.211945971100000315e+04 2.595640654711677228e-134 -2.233606444875003010e-134 7.424887754298357954e-134
4.215978741099999752e+04 9.868324509677017968e-136 -8.491912462890919417e-136 2.822856148224495841e-135
4.220011511100000644e+04 3.676030654379139724e-137 -3.163306040177301894e-137 1.051536734893558230e-136
4.224044281100000080e+04 1.341688426517789236e-138 -1.154552696285002546e-138 3.837929549320581018e-138
4.228077051100000244e+04 4.798009130506515030e-140 -4.128793443350789201e-140 1.372481170436382019e-139
4.232109821099999681e+04 1.681153286480048277e-141 -1.446669749407858130e-141 4.808976322367954684e-141
4.236142591100000573e+04 5.771522659781997576e-143 -4.966523461647271084e-143 1.650956878121126442e-142
4.240175361100000009e+04 1.941379071694549031e-144 -1.670599818434451394e-144 5.553357961823549172e-144
4.244208131100000173e+04 6.398337275921151010e-146 -5.505911363361947731e-146 1.830258591520425064e-145
4.248240901100000337e+04 2.066144837380262014e-147 -1.777963531446666155e-147 5.910253206207189627e-147
4.252273671099999774e+04 6.537192033995411226e-149 -5.625398967307948573e-149 1.869978303529877102e-148
4.256306441100000666e+04 2.026555819773483400e-150 -1.743896302336112710e-150 5.797007941883078967e-150
4.260339211099999375e+04 6.155491635916565204e-152 -5.296937295384008882e-152 1.760792056721713929e-151
4.264371981100000266e+04 1.831908458119802533e-153 -1.576397923591616268e-153 5.240214839831221068e-153
4.268404751099999703e+04 5.341726369428706889e-155 -4.596674205983169338e-155 1.528012694484058312e-154
4.272437521099999867e+04 1.526146954633277662e-156 -1.313283357426279000e-156 4.365577266692834583e-156
4.276470291100000031e+04 4.272164025455158783e-158 -3.676292044799023170e-158 1.222062009570934074e-157
4.280503061100000195e+04 1.171753690940265835e-159 -1.008318869955948706e-159 3.351826251836480376e-159
4.284535831099999632e+04 3.148919722701568574e-161 -2.703064692936056671e-161 9.000904138339194214e-161
4.288568601099999796e+04 8.291320349992292622e-163 8.291320349992292622e-163 8.291320349992292622e-163
4.292601371100000688e+04 2.139058434286271313e-164 2.139058434286271313e-164 2.139058434286271313e-164
4.296634141099999397e+04 5.407025894883496617e-166 5.407025894883496617e-166 5.407025894883496617e-166
4.300666911100000289e+04 1.339155772057081214e-167 1.339155772057081214e-167 1.339155772057081214e-167
4.304699681100000453e+04 3.249679965460386325e-169 3.249679965460386325e-169 3.249679965460386325e-169
4.308732451099999889e+04 7.726573418585126322e-171 7.726573418585126322e-171 7.726573418585126322e-171
4.312765221100000053e+04 1.799990138119005282e-172 1.799990138119005282e-172 1.799990138119005282e-172
4.316797991100000218e+04 4.108565007843139636e-174 4.108565007843139636e-174 4.108565007843139636e-174
4.320830761100000382e+04 9.188551369192484653e-176 9.188551369192484653e-176 9.188551369192484653e-176
4.324863531099999818e+04 2.013449676958155407e-177 2.013449676958155407e-177 2.013449676958155407e-177
4.328896301100000710e+04 4.322861872255630667e-179 4.322861872255630667e-179 4.322861872255630667e-179
4.332929071099999419e+04 9.093661526285114052e-181 9.093661526285114052e-181 9.093661526285114052e-181
4.336961841100000311e+04 1.874317064679012010e-182 1.874317064679012010e-182 1.874317064679012010e-182
4.340994611100000475e+04 3.785159463096802372e-184 3.785159463096802372e-184 3.785159463096802372e-184
4.345027381099999911e+04 7.489660792022603233e-186 7.489660792022603233e-186 7.489660792022603233e-186
4.349060151100000076e+04 1.452034598432796930e-187 1.452034598432796930e-187 1.452034598432796930e-187
4.353092921100000240e+04 2.758218250414336007e-189 2.758218250414336007e-189 2.758218250414336007e-189
4.357125691100000404e+04 5.133542220015895489e-191 5.133542220015895489e-191 5.133542220015895489e-191
4.361158461099999840e+04 9.361436502325850442e-193 9.361436502325850442e-193 9.361436502325850442e-193
4.365191231100000005e+04 1.672648559642521495e-194 1.672648559642521495e-194 1.672648559642521495e-194
4.369224001099999441e+04 2.928220341445077721e-196 2.928220341445077721e-196 2.928220341445077721e-196
4.373256771100000333e+04 5.022727916372958617e-198 5.022727916372958617e-198 5.022727916372958617e-198
