1.457564061100000072e+04 7.604037705834220677e-180 7.604037705834220677e-180 7.604037705834220677e-180
1.461596831099999872e+04 4.459059051342762886e-178 4.459059051342762886e-178 4.459059051342762886e-178
1.465629601100000036e+04 2.561999455419126650e-176 2.561999455419126650e-176 2.561999455419126650e-176
1.469662371100000018e+04 1.442287002362645527e-174 1.442287002362645527e-174 1.442287002362645527e-174
1.473695141100000001e+04 7.955384845737926445e-173 7.955384845737926445e-173 7.955384845737926445e-173
1.477727911099999983e+04 4.299396959299501852e-171 4.299396959299501852e-171 4.299396959299501852e-171
1.481760681099999965e+04 2.276621031433677612e-169 2.276621031433677612e-169 2.276621031433677612e-169
1.485793451099999947e+04 1.181165597952175301e-167 1.181165597952175301e-167 1.181165597952175301e-167
1.489826221100000112e+04 6.004373265934362060e-166 6.004373265934362060e-166 6.004373265934362060e-166
1.493858991099999912e+04 2.990621306700811223e-164 2.990621306700811223e-164 2.990621306700811223e-164
1.497891761100000076e+04 1.459459376025316391e-162 1.459459376025316391e-162 1.459459376025316391e-162
1.501924531100000058e+04 6.978457630633535591e-161 6.978457630633535591e-161 6.978457630633535591e-161
1.505957301100000041e+04 3.269367404966092127e-159 3.269367404966092127e-159 3.269367404966092127e-159
1.509990071100000023e+04 1.500737926758947204e-157 1.500737926758947204e-157 1.500737926758947204e-157
1.514022841100000005e+04 6.749674586386516964e-156 6.749674586386516964e-156 6.749674586386516964e-156
1.518055611099999987e+04 2.974388269105963690e-154 2.974388269105963690e-154 2.974388269105963690e-154
1.522088381100000151e+04 1.284249280974241547e-152 1.284249280974241547e-152 1.284249280974241547e-152
1.526121151099999952e+04 5.432976796279045670e-151 5.432976796279045670e-151 5.432976796279045670e-151
1.530153921100000116e+04 2.251973193089576213e-149 2.251973193089576213e-149 2.251973193089576213e-149
1.534186691099999916e+04 9.145878551329763622e-148 9.145878551329763622e-148 9.145878551329763622e-148
1.538219461100000080e+04 3.639355587824221201e-146 3.639355587824221201e-146 3.639355587824221201e-146
1.542252231100000063e+04 1.418928131769030081e-144 1.418928131769030081e-144 1.418928131769030081e-144
1.546285001100000045e+04 5.420422690897710871e-143 5.420422690897710871e-143 5.420422690897710871e-143
1.550317771100000027e+04 2.028816449585554261e-141 -1.754724247868288075e-141 5.812357147039396015e-141
1.554350541100000191e+04 7.440278765300998094e-140 -6.525781425449459081e-140 2.140633895605145247e-139
1.558383311099999992e+04 2.673452701561922504e-138 -2.344834243135562301e-138 7.691739646259407608e-138
1.562416081099999974e+04 9.412232569696752678e-137 -8.255289430798456072e-137 2.707975457019196047e-136
1.566448851099999956e+04 3.246755925346250031e-135 -2.847667615158822327e-135 9.341179465851323000e-135
1.570481621100000120e+04 1.097345737819071239e-133 -9.624609893910349115e-134 3.157152465029177193e-133
1.574514391100000103e+04 3.633910006282135640e-132 -3.187233065629323114e-132 1.045505307819359314e-131
1.578547161099999903e+04 1.179075734895351350e-130 -1.034144808936633093e-130 3.392296278727335992e-130
1.582579931100000067e+04 3.748401327880493866e-129 -3.287651217233206613e-129 1.078445387299419370e-128
1.586612701099999867e+04 1.167581786443966740e-127 -1.024063686262843736e-127 3.359227259150777215e-127
1.590645471100000032e+04 3.563406661472469176e-126 -3.125395928378694613e-126 1.025220925132363296e-125
1.594678241100000014e+04 1.065565892354479358e-124 -9.345874938696295039e-125 3.065719278578588219e-124
1.598711011099999996e+04 3.121994123424506117e-123 -2.738241421410257601e-123 8.982229668259269499e-123
1.602743781099999978e+04 8.962325215058842190e-122 -7.860684282488181053e-122 2.578533471260586328e-121
1.606776551100000142e+04 2.520845123625465450e-120 -2.210985114507424504e-120 7.252675361758355060e-120
1.610809321099999943e+04 6.947178802283028162e-119 -6.093237849367957597e-119 1.998759545393401392e-118
1.614842091099999925e+04 1.875891158034279065e-117 -1.645308308701233380e-117 5.397090624769791509e-117
1.618874861100000089e+04 4.962992780220026512e-116 -4.352946183656421560e-116 1.427893174409647571e-115
1.622907631100000071e+04 1.286519868823134792e-114 -1.128382006822812767e-114 3.701421744469082530e-114
1.626940401100000054e+04 3.267579776176168429e-113 -2.865931817025169551e-113 9.401091369377507563e-113
1.630973171099999854e+04 8.131538983915794529e-112 -7.132017545614927207e-112 2.339509551344651534e-111
1.635005941100000200e+04 1.982696065197157869e-110 -1.738984852999909530e-110 5.704376983394225564e-110
1.639038711100000000e+04 4.736705549708943216e-109 -4.154473975437786720e-109 1.362788507485567268e-108
1.643071481100000165e+04 1.108749607739235441e-107 -9.724631059054380900e-108 3.189962321383909123e-107
1.647104251099999965e+04 2.542889083486379333e-106 -2.230319450703017356e-106 7.316097617675776021e-106
1.651137021100000129e+04 5.714236394454385090e-105 -5.011847610354287097e-105 1.644032039926305650e-104
1.655169791099999929e+04 1.258130919925637598e-103 -1.103482601920621829e-103 3.619744441771897025e-103
1.659202561100000094e+04 2.714127940373973450e-102 -2.380509781737419407e-102 7.808765662485367101e-102
1.663235331099999894e+04 5.736825544730479834e-101 -5.031660122650855153e-101 1.650531121211181736e-100
1.667268101099999694e+04 1.188091306452141006e-99 -1.042052194568561152e-99 3.418234807472843163e-99
1.671300871100000222e+04 2.410820302112087123e-98 -2.114484444826253543e-98 6.936125049050427789e-98
1.675333641100000023e+04 4.793102423212283781e-97 -4.203938596112803353e-97 1.379014344253736988e-96
1.679366411099999823e+04 9.336958449398688835e-96 -8.189267937533926924e-96 2.686318483633130626e-95
1.683399181100000351e+04 1.782095567997485103e-94 -1.563041988000198541e-94 5.127233123995168482e-94
1.687431951100000151e+04 3.332678359324264851e-93 -2.923028541043264928e-93 9.588385259691793352e-93
1.691464721099999952e+04 6.106504198214793682e-92 -5.355898209451440638e-92 1.756890660588102800e-91
1.695497491100000116e+04 1.096298363754168093e-90 -9.615423576016084948e-91 3.154139085109944899e-90
1.699530261099999916e+04 1.928420409161300972e-89 -1.691380711654326132e-89 5.548221529976928075e-89
1.703563031100000080e+04 3.323621193567681409e-88 -2.915084673933091846e-88 9.562327061068454106e-88
1.707595801100000244e+04 5.612523435946257353e-87 -4.922637116973861119e-87 1.614768398886637493e-86
1.711628571100000045e+04 9.286277610207199558e-86 -8.144816741388358660e-86 2.671737196180275635e-85
1.715661341099999845e+04 1.505434987141008236e-84 -1.320388276230326778e-84 4.331258250512343706e-84
1.719694111100000009e+04 2.391218129928413132e-83 -2.097291753968755686e-83 6.879728013825582681e-83
1.723726881100000173e+04 3.721458941913666479e-82 -3.264020565050851562e-82 1.070693844887818452e-81
1.727759651099999974e+04 5.674715801087685443e-81 -4.977184852681582071e-81 1.632661645485695483e-80
1.731792421099999774e+04 8.478359896520884683e-80 -7.436207544430496928e-80 2.439292733747226929e-79
1.735825191100000302e+04 1.241127581166726612e-78 -1.088569298227117071e-78 3.570824460560570535e-78
1.739857961100000102e+04 1.780155142470364438e-77 -1.561340077828849785e-77 5.121650362769579236e-77
1.743890731099999903e+04 2.501705174224422388e-76 -2.194197830424981093e-76 7.197608178873826483e-76
1.747923501100000067e+04 3.444698752029181735e-75 -3.021279488104891501e-75 9.910676992163254971e-75
1.751956271100000231e+04 4.647326829833641503e-74 -4.076081607201511799e-74 1.337073526686879402e-73
1.755989041100000031e+04 6.143162895327719576e-73 -5.388050852576630329e-73 1.767437664323206948e-72
1.760021811100000195e+04 7.956419887927617182e-72 -6.978423930970838631e-72 2.289126370682607299e-71
1.764054581099999996e+04 1.009671748356955203e-70 -8.855638076429429910e-71 2.904907304356853557e-70
1.768087351099999796e+04 1.255392592875345428e-69 -1.101080867561730787e-69 3.611866053312421514e-69
1.772120121099999960e+04 1.529381268101855510e-68 -1.341391101931947872e-68 4.400153638135659305e-68
1.776152891100000124e+04 1.825529345707377990e-67 -1.601136924925655879e-67 5.252195616340411531e-67
1.780185661099999925e+04 2.135004123147062934e-66 -1.872571341828919677e-66 6.142579588123045281e-66
1.784218431100000089e+04 2.446501378256395749e-65 -2.145779635270621740e-65 7.038782391783413661e-65
1.788251201100000253e+04 2.746812776181127486e-64 -2.409177027004690888e-64 7.902802579366945860e-64
1.792283971100000053e+04 3.021687166299134092e-63 -2.650264104990772778e-63 8.693638437589040963e-63
1.796316741099999854e+04 3.256917731985147319e-62 -2.856580341690337510e-62 9.370415805660633443e-62
1.800349511100000018e+04 3.439544436247652812e-61 -3.016758736170671679e-61 9.895847608665979029e-61
1.804382281100000182e+04 3.559032122425392475e-60 -3.121559103725967443e-60 1.023962334857675295e-59
1.808415051099999982e+04 3.608275905626586898e-59 -3.164749885507620080e-59 1.038130169676079343e-58
1.812447821100000147e+04 3.584300527537925822e-58 -3.143721539270872650e-58 1.031232259434672252e-57
1.816480591099999947e+04 3.488557947386884392e-57 -3.059747550724610681e-57 1.003686344549837890e-56
1.820513361100000111e+04 3.326781775987184139e-56 -2.917856760412004749e-56 9.571420312386373480e-56
1.824546131099999911e+04 3.108418847097015455e-55 -2.726334805805721570e-55 8.943172499999753204e-55
1.828578901100000076e+04 2.845716294232121835e-54 -2.495923413815141002e-54 8.187356002279385541e-54
1.832611671099999876e+04 2.552586775945894394e-53 -2.238825111551504756e-53 7.343998663443293545e-53
1.836644441100000040e+04 2.243397732964527716e-52 -1.967641306884706417e-52 6.454436772813762220e-52
1.840677211100000204e+04 1.931829909181182489e-51 -1.694371119006703942e-51 5.558030937369068326e-51
1.844709981100000005e+04 1.629927705561722313e-50 -1.429578461979177675e-50 4.689433873102622775e-50
1.848742751099999805e+04 1.347425138460230631e-49 -1.181800855644852173e-49 3.876651132565313055e-49
1.852775521100000333e+04 1.091384537497112773e-48 -9.572325344364072923e-49 3.140001609430632838e-48
1.856808291100000133e+04 8.661393999269431324e-48 -7.596743260342386377e-48 2.491953125888124781e-47
1.860841061099999934e+04 6.734954099915634843e-47 -5.907099616016130858e-47 1.937700781584740249e-46
1.864873831100000098e+04 5.131192799027398883e-46 -4.500471207846797653e-46 1.476285680590159620e-45
1.868906601099999898e+04 3.830353648007552962e-45 -3.359530032080696940e-45 1.102023732809580411e-44
1.872939371100000062e+04 2.801536342902863361e-44 -2.457174022258625811e-44 8.060246708064352034e-44
1.876972141099999862e+04 2.007661521650101694e-43 -1.760881578061263845e-43 5.776204621361467035e-43
1.881004911100000027e+04 1.409683373748723153e-42 -1.236406364800582994e-42 4.055773112298029459e-42
1.885037681100000191e+04 9.698163620573211354e-42 -8.506074094828442154e-42 2.790240133597486359e-41
1.889070451099999991e+04 6.537237806011967574e-41 -5.733686430644472986e-41 1.880816204266840610e-40
1.893103221100000155e+04 4.317535405544261288e-40 -3.786827847356291790e-40 1.242189865844481437e-39
1.897135991099999956e+04 2.793922653162531555e-39 -2.450496200394596347e-39 8.038341506719660437e-39
1.901168761099999756e+04 1.771453258619722156e-38 -1.553707821693127608e-38 5.096614338932571137e-38
1.905201531100000284e+04 1.100479263520867504e-37 -9.652093449395942400e-38 3.166167871981329039e-37
1.909234301100000084e+04 6.698396892603051335e-37 -5.875035987656509875e-37 1.927182977286261338e-36
1.913267071099999885e+04 3.994815601082482310e-36 -3.503776470207205390e-36 1.149340767237217001e-35
1.917299841100000413e+04 2.334314915928253715e-35 -2.047383031714094489e-35 6.716012863570601919e-35
1.921332611100000213e+04 1.336469340740410821e-34 -1.172191734700016382e-34 3.845130416180838239e-34
1.925365381100000013e+04 7.497136234989100455e-34 -6.575595010436731500e-34 2.156986748041493155e-33
1.929398151099999814e+04 4.120677748719539551e-33 -3.614167756168146080e-33 1.185552325360722313e-32
1.933430921099999978e+04 2.219109586671883120e-32 -1.946338637629532854e-32 6.384557810973298820e-32
1.937463691099999778e+04 1.170915874699421168e-31 -1.026987951396827926e-31 3.368819700795670262e-31
1.941496461099999942e+04 6.053540965156659150e-31 -5.309445169234691059e-31 1.741652709954800936e-30
1.945529231100000106e+04 3.066409309118848481e-30 -2.689489042348577948e-30 8.822307660586275261e-30
1.949562001099999907e+04 1.521905235344491250e-29 -1.334834016378632012e-29 4.378644487067614511e-29
1.953594771100000071e+04 7.400855838097341756e-29 -6.491149313097853097e-29 2.129286098929253437e-28
1.957627541100000235e+04 3.526250214351865715e-28 -3.092806718227483206e-28 1.014530714693121374e-27
1.961660311100000035e+04 1.646194528207641068e-27 -1.443845781455837520e-27 4.736234837871119834e-27
1.965693081099999836e+04 7.529844876908119277e-27 -6.604283135588485214e-27 2.166397288940472664e-26
1.969725851100000000e+04 3.374642348617859845e-26 -2.959834354618062902e-26 9.709119051853783166e-26
1.973758621100000164e+04 1.481857089918981834e-25 -1.299708552869969353e-25 4.263422732707933709e-25
1.977791391099999964e+04 6.375609951534070987e-25 -5.591925726267490126e-25 1.834314562933563210e-24
1.981824161100000128e+04 2.687657999802451551e-24 -2.357293502386012912e-24 7.732609501990915646e-24
1.985856931100000293e+04 1.110102592018107470e-23 -9.736497825754585687e-24 3.193854966611673067e-23
1.989889701100000093e+04 4.492510244228519672e-23 -3.940294936665240641e-23 1.292531542512228057e-22
1.993922471099999893e+04 1.781360765752013002e-22 -1.562397506978771038e-22 5.125119038482797277e-22
1.997955241100000057e+04 6.920724111372274433e-22 -6.070034945175207300e-22 1.991148316791975617e-21
2.001988011099999858e+04 2.634438339575261903e-21 -2.310615554782348061e-21 7.579492233932871868e-21
2.006020781100000022e+04 9.825652188149294611e-21 -8.617891882564158506e-21 2.826919625886275074e-20
2.010053551100000186e+04 3.590637668916883969e-20 -3.149279724897395315e-20 1.033055506273116265e-19
2.014086321099999986e+04 1.285637779236064269e-19 -1.127608342866210964e-19 3.698883901338339503e-19
2.018119091100000151e+04 4.510269745658827300e-19 -3.955871456071202671e-19 1.297641094738885727e-18
2.022151861100000315e+04 1.550326799132618545e-18 -1.359762027110704289e-18 4.460415625375941571e-18
2.026184631100000115e+04 5.221326357818525638e-18 -4.579525630544129256e-18 1.502217834618118207e-17
2.030217401099999915e+04 1.722960305383625896e-17 -1.511175578371438783e-17 4.957096189138690575e-17
2.034250171100000080e+04 5.570658708367695146e-17 -4.885918363178079266e-17 1.602723577991347079e-16
2.038282941099999880e+04 1.764715413383334193e-16 -1.547798185955828500e-16 5.077229012722496886e-16
2.042315711100000044e+04 5.477465531833987867e-16 -4.804180406984534840e-16 1.575911147065251057e-15
2.046348481099999844e+04 1.665794696615714869e-15 -1.461036714104549759e-15 4.792626107335979498e-15
2.050381251100000009e+04 4.963638496425536940e-15 -4.353512525785933791e-15 1.428078951863700609e-14
2.054414021100000173e+04 1.449157739332296452e-14 -1.271028575584533237e-14 4.169344054249125983e-14
2.058446791099999973e+04 4.145415093031351695e-14 -3.635864402612163354e-14 1.192669458867486674e-13
2.062479561100000137e+04 1.161869189960249370e-13 -1.019053274591188330e-13 3.342791654511687196e-13
2.066512331099999938e+04 3.190680321769810814e-13 -2.798484764530344227e-13 9.179845408069966864e-13
2.070545101099999738e+04 8.585116635462440241e-13 -7.529841803053008512e-13 2.470007507397788899e-12
2.074577871100000266e+04 2.263319958354642190e-12 -1.985114695474590286e-12 6.511754612183874666e-12
2.078610641100000066e+04 5.846319611300118634e-12 -5.127695221026519305e-12 1.682033444362675819e-11
2.082643411099999867e+04 1.479639792987256299e-11 -1.297763783140040771e-11 4.257043369114553854e-11
2.086676181100000395e+04 3.669157031437615661e-11 -3.218147481919645534e-11 1.055646154479487686e-10
2.090708951100000195e+04 8.914837748870573490e-11 -7.819033660236317491e-11 2.564870915797746318e-10
2.094741721099999995e+04 2.122254368351936168e-10 -1.861388680009878691e-10 6.105897416713751284e-10
2.098774491099999796e+04 4.950149073791512108e-10 -4.341680886999146810e-10 1.424197903458217206e-09
2.102807261099999960e+04 1.131295264739818312e-09 -9.922373612159357559e-10 3.254827890695572380e-09
2.106840031100000124e+04 2.533206020206325558e-09 -2.221826259207053349e-09 7.288238299619704051e-09
2.110872801099999924e+04 5.557787095062127137e-09 -4.874627751510092091e-09 1.599020194163434885e-08
2.114905571100000088e+04 1.194731062666348292e-08 -1.047875429421832531e-08 3.437337554754528785e-08
2.118938341100000252e+04 2.516374427398528133e-08 -2.207062811292278973e-08 7.239811666089336231e-08
2.122971111100000053e+04 5.192986985197002807e-08 -4.554666247362030774e-08 1.494064021775603507e-07
2.127003881100000217e+04 1.050016385670732321e-07 -9.209482898354760944e-08 3.020981061176940604e-07
2.131036651100000017e+04 2.080232134098976540e-07 -1.824528880564132579e-07 5.984993148762085923e-07
2.135069421099999818e+04 4.037982420450384142e-07 -3.541628715286635189e-07 1.161759355618740294e-06
2.139102191099999982e+04 7.679871788477463249e-07 -6.735844977486780039e-07 2.209558855444170442e-06
2.143134961100000146e+04 1.431134574561606137e-06 -1.255214257440949059e-06 4.117483406564161333e-06
2.147167731099999946e+04 2.613027548588121437e-06 -2.291818990460514747e-06 7.517874087636757198e-06
2.151200501099999747e+04 4.674601455767538039e-06 -4.099957461536902298e-06 1.344916037307197922e-05
2.155233271100000275e+04 8.193744003943197085e-06 -7.186457346638068012e-06 2.357394535452446218e-05
2.159266041100000075e+04 1.407205609769389511e-05 -1.234203115320107333e-05 4.048614334858886355e-05
2.163298811099999875e+04 2.367938032482465435e-05 -2.076798896734229400e-05 6.812674961699159931e-05
2.167331581100000039e+04 3.904101271946008915e-05 -3.424032528495687239e-05 1.123223507238770642e-04
2.171364351099999840e+04 6.306818150690951855e-05 -5.531162008638561278e-05 1.814479831002046228e-04
2.175397121100000004e+04 9.982488267600743838e-05 -8.754454635584886914e-05 2.871943117078637865e-04
2.179429891100000168e+04 1.548131009620717479e-04 -1.357609284831818740e-04 4.453871304073253427e-04
2.183462661099999968e+04 2.352440691438517086e-04 -2.062774117061224449e-04 6.767655499938258351e-04
2.187495431100000133e+04 3.502468053772672847e-04 -3.070839027453066091e-04 1.007577513499841124e-03
2.191528201100000297e+04 5.109493093879486541e-04 -4.479061383804046597e-04 1.469804757156302185e-03
2.195560971100000097e+04 7.303564778235843409e-04 -6.400822774462047249e-04 2.100795233093373082e-03
2.199593741099999897e+04 1.022947109104645202e-03 -8.961793946881842481e-04 2.942073612897474436e-03
2.203626511099999698e+04 1.403925753725756599e-03 -1.229283460293681060e-03 4.037134967745194258e-03
2.207659281100000226e+04 1.888098187964123162e-03 -1.651919197816053425e-03 5.428115573744299316e-03
2.211692051100000026e+04 2.488394045664495298e-03 -2.174595303155047593e-03 7.151383394484037322e-03
2.215724821099999826e+04 3.214134663183056649e-03 -2.804023644494320865e-03 9.232292970860435030e-03
2.219757591100000354e+04 4.069231253010905172e-03 -3.541121978095939250e-03 1.167958448411774916e-02
2.223790361100000155e+04 5.050585377928261399e-03 -4.378968623406090215e-03 1.448013937926261388e-02
2.227823131099999955e+04 6.147033116138032882e-03 -5.300923345642178861e-03 1.759498957791824636e-02
2.231855901100000119e+04 7.339207006114888479e-03 -6.279153281449974429e-03 2.095756729367975052e-02
2.235888671099999920e+04 8.600668082501917305e-03 -7.273807672881052282e-03 2.447514383788488776e-02
2.239921441099999720e+04 9.900571879325924946e-03 -8.233091088571382540e-03 2.803423484722323070e-02
2.243954211100000248e+04 1.120797416914077679e-02 -9.094544165579631148e-03 3.151049250386118300e-02
2.247986981100000048e+04 1.249766279909876251e-02 -9.788054680175434230e-03 3.478338027837295232e-02
2.252019751099999849e+04 1.375714126677848002e-02 -1.024165758192048872e-02 3.775594011547744877e-02
2.256052521100000013e+04 1.499411741352836905e-02 -1.039227230247232771e-02 4.038050712952906407e-02
2.260085291100000177e+04 1.624360292385650453e-02 -1.020533567509546852e-02 4.269254152280847064e-02
2.264118061099999977e+04 1.757354458864374136e-02 -9.709264615740969065e-03 4.485635379302845699e-02
2.268150831099999778e+04 1.908782325775249325e-02 -9.049301321771063833e-03 4.722494783727605033e-02
2.272183601099999942e+04 2.092550291352237093e-02 -8.549706626293524653e-03 5.040071245333826305e-02
2.276216371100000106e+04 2.325541441515370164e-02 -8.730532951272998790e-03 5.524136178158040034e-02
2.280249141099999906e+04 2.626552918867678874e-02 -1.019368303848867778e-02 6.272474141584225005e-02
2.284281911100000070e+04 3.014711468680941406e-02 -1.339766483602710528e-02 7.369189420964593340e-02
2.288314681100000234e+04 3.507434096457517220e-02 -1.851638954522843647e-02 8.866507147437877046e-02
2.292347451100000035e+04 4.118077257792191609e-02 -2.548532517378931245e-02 1.078468703296331377e-01
2.296380221100000199e+04 4.853494552756654201e-02 -3.411348432566366218e-02 1.311833753807967462e-01
2.300412991099999999e+04 5.711787749039262674e-02 -4.414823685632415090e-02 1.583839918371094113e-01
2.304445761099999800e+04 6.680575457912438231e-02 -5.528829152414496684e-02 1.888998006823937592e-01
2.308478531099999964e+04 7.736104747048723473e-02 -6.717581512607948002e-02 2.218979100670539495e-01
2.312511301100000128e+04 8.843483931158281630e-02 -7.938906365073904181e-02 2.562587422739047160e-01
2.316544071099999928e+04 9.958217480383209363e-02 -9.144468251929036007e-02 2.906090321269546028e-01
2.320576841100000092e+04 1.102908405822150967e-01 -1.028120353606108428e-01 3.233937165250410639e-01
2.324609611100000257e+04 1.200223442789230682e-01 -1.129382619027764212e-01 3.529829504606225576e-01
2.328642381100000057e+04 1.282622432525835354e-01 -1.212803974990899342e-01 3.778048840042570466e-01
2.332675151099999857e+04 1.345756922865510297e-01 -1.273392686498105442e-01 3.964906532229126035e-01
2.336707921100000021e+04 1.386634098417267036e-01 -1.306891397425226087e-01 4.080159594259760714e-01
2.340740691099999822e+04 1.404133748331202192e-01 -1.309976811007341202e-01 4.118244307669745585e-01
2.344773461099999986e+04 1.399444618623544856e-01 -1.280335733270387133e-01 4.079224970517476567e-01
2.348806231100000150e+04 1.376397078533813378e-01 -1.216656031467633903e-01 3.969450188535260660e-01
2.352839001100000314e+04 1.341686069677607007e-01 -1.118710741496488359e-01 3.802082880851702096e-01
2.356871771100000115e+04 1.304992782691923592e-01 -9.880042096757503389e-02 3.597989775059597384e-01
2.360904541100000279e+04 1.279020714240454715e-01 -8.300119554335971817e-02 3.388053383914506611e-01
2.364937311100000079e+04 1.279458313344412068e-01 -6.598081980842813998e-02 3.218724824773105397e-01
2.368970081099999879e+04 1.324865418363416758e-01 -5.120000785155216089e-02 3.161730915242355056e-01
2.373002851099999680e+04 1.436456410245021409e-01 -4.461791829102771528e-02 3.319092003400319624e-01
2.377035621100000208e+04 1.637725043333586594e-01 -5.231232203495636557e-02 3.798573307016736567e-01
2.381068391100000008e+04 1.953832418516232572e-01 -7.625938487340035155e-02 4.670258685766469076e-01
2.385101161100000172e+04 2.410669804822134499e-01 -1.145806464437384015e-01 5.967146074081652873e-01
2.389133931100000336e+04 3.033520352120223640e-01 -1.647894589369730267e-01 7.714935293610177824e-01
2.393166701100000137e+04 3.845283374028558576e-01 -2.251525189601052412e-01 9.942091937658168455e-01
2.397199471099999937e+04 4.864291879476149161e-01 -2.944328486812937129e-01 1.267291224576523545e+00
2.401232241100000101e+04 6.101842081412317542e-01 -3.713491215068477347e-01 1.591717537789311354e+00
2.405265011099999901e+04 7.559649989186331132e-01 -4.541852061583959155e-01 1.966115203995661975e+00
2.409297781099999702e+04 9.227537181901934726e-01 -5.405934550329895005e-01 2.386100891413376335e+00
2.413330551100000230e+04 1.108170558751238710e+00 -6.275682116004790423e-01 2.843909329102956463e+00
2.417363321100000030e+04 1.308397136926985782e+00 -7.115630138000318405e-01 3.328357287654003294e+00
2.421396091100000194e+04 1.518227849150290520e+00 -7.887210861621327673e-01 3.825176784462713364e+00
2.425428861099999995e+04 1.731270019065290100e+00 -8.551780870702304638e-01 4.317718125200810775e+00
2.429461631100000159e+04 1.940296973504701761e+00 -9.073842603895566628e-01 4.787978207398960073e+00
2.433494401099999959e+04 2.137737998795889549e+00 -9.423868871548416459e-01 5.217862884746621077e+00
2.437527171099999759e+04 2.316268250665019846e+00 -9.580186963353157781e-01 5.590555197665355358e+00
2.441559941099999924e+04 2.469443353260668772e+00 -9.529564536679860920e-01 5.891843160189324635e+00
2.445592711100000088e+04 2.592310727206858179e+00 -9.266453568906393157e-01 6.111266811304355784e+00
2.449625481099999888e+04 2.681925061168045410e+00 -8.791240145071995693e-01 6.242974136843290722e+00
2.453658251100000416e+04 2.737700112685159670e+00 -8.108229878812989178e-01 6.286223213251618702e+00
2.457691021100000216e+04 2.761543183035481075e+00 -7.224366326574370722e-01 6.245522998728398889e+00
2.461723791100000017e+04 2.757740802991968554e+00 -6.149734868632433793e-01 6.130455092847181042e+00
2.465756561100000181e+04 2.732591886566953843e+00 -4.900675896887504157e-01 5.955251362822657768e+00
2.469789331099999981e+04 2.693814549038737294e+00 -3.505765397699804886e-01 5.738205637847454632e+00
2.473822101099999782e+04 2.649781259453441784e+00 -2.013921777574177729e-01 5.500954696664301480e+00
2.477854871099999946e+04 2.608660394902892143e+00 -5.022357384084755183e-02 5.267544363646631922e+00
2.481887641100000110e+04 2.577557466162575306e+00 9.214517424634864617e-02 5.062969758078802229e+00
2.485920411100000274e+04 2.561754031284694033e+00 2.128904770898751020e-01 4.910617585479513103e+00
2.489953181100000074e+04 2.564135490780573789e+00 3.001074812561446703e-01 4.828163500305001854e+00
2.493985951100000239e+04 2.584880788050509359e+00 3.470688890116100933e-01 4.822692687089408459e+00
2.498018721100000039e+04 2.621459151056500847e+00 3.552224274237614776e-01 4.887695874689240050e+00
2.502051491099999839e+04 2.668944355382763423e+00 3.334232235374918196e-01 5.004465487228035414e+00
2.506084261100000003e+04 2.720619568958897005e+00 2.940379748932479553e-01 5.147201163024544890e+00
2.510117031099999804e+04 2.768810266614833537e+00 2.489229957330360288e-01 5.288697537496630297e+00
2.514149801099999968e+04 2.805853603777531013e+00 2.072671102663154463e-01 5.404440097288746969e+00
2.518182571100000132e+04 2.825093987873334100e+00 1.752591070307169263e-01 5.474928868715950969e+00
2.522215341100000296e+04 2.821789082986718267e+00 1.566993314577651286e-01 5.486878834515671599e+00
2.526248111100000096e+04 2.793819090172354525e+00 1.538046180008404151e-01 5.433833562343869161e+00
2.530280881099999897e+04 2.742113891624852862e+00 1.677791442520211174e-01 5.316448638997685272e+00
2.534313651100000061e+04 2.670744754883726202e+00 1.989323801728305197e-01 5.142557129594622189e+00
2.538346421099999861e+04 2.586665616284548719e+00 2.462179961019473617e-01 4.927113236467149271e+00
2.542379191099999662e+04 2.499128642054129212e+00 3.061309130569806469e-01 4.692126371051277722e+00
2.546411961100000190e+04 2.418834972440963682e+00 3.710916512612503215e-01 4.466578293620677265e+00
2.550444731099999990e+04 2.356910163932508961e+00 4.280758254267832408e-01 4.285744502438234349e+00
2.554477501100000154e+04 2.323811912442780958e+00 4.595474990045337327e-01 4.188076325881028517e+00
2.558510271100000318e+04 2.328283623796112423e+00 4.493778629518814793e-01 4.207189384640343199e+00
2.562543041100000119e+04 2.376461138376234850e+00 3.923247220116285461e-01 4.360597554740841097e+00
2.566575811099999919e+04 2.471222462575735968e+00 2.985692914266167008e-01 4.643875633724854346e+00
2.570608581100000083e+04 2.611843732353818393e+00 1.882856343174671709e-01 5.035401830390169309e+00
2.574641351099999883e+04 2.793991621069343623e+00 8.267244656263431080e-02 5.505310795576052740e+00
2.578674121100000048e+04 3.010046396047737716e+00 -1.492946865618732929e-03 6.021585738961094059e+00
2.582706891100000212e+04 3.249714660817838219e+00 -5.331854704743810985e-02 6.552747868683113985e+00
2.586739661100000376e+04 3.500860526224460756e+00 -6.744400036445021007e-02 7.069165052813371375e+00
2.590772431100000176e+04 3.750462363090623086e+00 -4.329249701514875648e-02 7.544217223196395317e+00
2.594805201099999977e+04 3.985592457454796289e+00 1.561230526048375429e-02 7.955572609649108173e+00
2.598837971100000141e+04 4.194320451147879325e+00 1.022522488268245155e-01 8.286388653468934606e+00
2.602870741099999941e+04 4.366458070247305479e+00 2.067668285920032656e-01 8.526149311902607053e+00
2.606903511099999741e+04 4.494089776518741530e+00 3.172878612964150635e-01 8.670891691741068996e+00
2.610936281099999906e+04 4.571867100453482102e+00 4.210556005236788524e-01 8.722678600383286351e+00
2.614969051100000070e+04 4.597077778649842017e+00 5.058391147661236431e-01 8.688316442533558615e+00
2.619001821099999870e+04 4.569528587596054514e+00 5.615639251632714712e-01 8.577493250028837224e+00
2.623034591100000398e+04 4.491298291685905220e+00 5.818981587460050342e-01 8.400698424625804961e+00
2.627067361100000198e+04 4.366422005200249146e+00 5.654221519071153113e-01 8.167421858493382203e+00
2.631100131099999999e+04 4.200560898571631618e+00 5.160035364681851977e-01 7.885118260675077373e+00
2.635132901100000163e+04 4.000694599275935737e+00 4.421877330681219243e-01 7.559201465483748272e+00
2.639165671099999963e+04 3.774852726139410475e+00 3.557344940957032908e-01 7.193970958183116160e+00
2.643198441099999764e+04 3.531882212204959792e+00 2.697063508183139002e-01 6.794058073591604519e+00
2.647231211099999928e+04 3.281233095492471108e+00 1.965878432954957233e-01 6.365878347689446493e+00
2.651263981100000092e+04 3.032740093730771136e+00 1.467790285262463856e-01 5.918701158935296469e+00
2.655296751100000256e+04 2.796380904598876782e+00 1.275816148581954135e-01 5.465180194339557929e+00
2.659329521100000056e+04 2.582002835052492618e+00 1.426061976864034520e-01 5.021399472418582199e+00
2.663362291100000220e+04 2.399023459108894585e+00 1.914390098506097149e-01 4.606607908367179149e+00
2.667395061100000021e+04 2.256124308643949750e+00 2.694482926530410438e-01 4.242800324634858455e+00
2.671427831099999821e+04 2.160965355103679819e+00 3.678527626317374954e-01 3.954077947575622698e+00
2.675460601099999985e+04 2.119949809658875584e+00 4.747090848931703189e-01 3.765190534424580626e+00
2.679493371100000149e+04 2.138062920540802381e+00 5.779862231294964348e-01 3.698139617952107994e+00
2.683526141099999950e+04 2.218796160062372014e+00 6.708327237043729685e-01 3.766759596420370837e+00
2.687558911100000478e+04 2.364152102854140125e+00 7.555202023493583496e-01 3.972784003358921900e+00
2.691591681100000278e+04 2.574708880468095096e+00 8.414534741343561164e-01 4.307964286801833964e+00
2.695624451100000078e+04 2.849709994580082117e+00 9.386220333483256129e-01 4.760797955811838733e+00
2.699657221099999879e+04 3.187138638848175720e+00 1.052130007885330398e+00 5.322147269811021708e+00
2.703689991100000043e+04 3.583737672812545405e+00 1.180332572737147645e+00 5.987142772887942499e+00
2.707722761099999843e+04 4.034947785560400568e+00 1.315581014393823578e+00 6.754314556726978225e+00
2.711755531099999644e+04 4.534756347161910561e+00 1.446132619240936279e+00 7.623380075082885732e+00
2.715788301100000172e+04 5.075475450532549893e+00 1.558423495961985816e+00 8.592527405103112415e+00
2.719821071099999972e+04 5.647495605951258213e+00 1.639298587012372188e+00 9.655692624890143350e+00
2.723853841100000136e+04 6.239086184814899738e+00 1.677936332721374990e+00 1.080023603690842293e+01
2.727886611100000300e+04 6.836329239402642699e+00 1.667302841619232145e+00 1.200535563718605303e+01
2.731919381100000101e+04 7.423274479669018433e+00 1.605072842174039005e+00 1.324147611716399631e+01
2.735952151099999901e+04 7.982386416852352617e+00 1.494026587313487031e+00 1.447074624639122042e+01
2.739984921100000065e+04 8.495319357314052411e+00 1.341957463697133646e+00 1.564868125093097007e+01
2.744017691099999865e+04 8.944005196711703576e+00 1.161126786929421284e+00 1.672688360649398831e+01
2.748050461100000030e+04 9.311979930789071602e+00 9.673081870100694868e-01 1.765665167456807438e+01
2.752083231099999830e+04 9.585817787757987318e+00 7.784847103691878711e-01 1.839315086514678654e+01
2.756116001100000358e+04 9.756498736641125546e+00 6.132914528268874621e-01 1.889970602045536197e+01
2.760148771100000158e+04 9.820516761059826294e+00 4.893234356044278144e-01 1.915171008651522300e+01
2.764181541099999959e+04 9.780550062570863901e+00 4.214430534476761303e-01 1.913965707169405306e+01
2.768214311100000123e+04 9.645561824501113435e+00 4.202201109149188984e-01 1.887090353808730825e+01
2.772247081099999923e+04 9.430275927915172218e+00 4.906232484226116242e-01 1.836992860740773281e+01
2.776279851099999723e+04 9.154064096236799841e+00 6.310643142048281140e-01 1.767706387826877190e+01
2.780312621100000251e+04 8.839372814295154868e+00 8.328944650573718578e-01 1.684585116353293799e+01
2.784345391100000052e+04 8.509892200575485788e+00 1.080488611221397388e+00 1.593929578992957374e+01
2.788378161100000216e+04 8.188709579443218090e+00 1.352162329862819812e+00 1.502525682902361481e+01
2.792410931100000380e+04 7.896688708978414795e+00 1.622336793534360222e+00 1.417104062442246892e+01
2.796443701100000180e+04 7.651270833709422625e+00 1.865445207901895053e+00 1.343709645951695109e+01
2.800476471099999981e+04 7.465814248883323678e+00 2.061592310734309486e+00 1.287003618703233698e+01
2.804509241099999781e+04 7.349490555029644767e+00 2.202420714247594002e+00 1.249656039581169686e+01
2.808542011099999945e+04 7.307657998663986021e+00 2.293770129371079047e+00 1.232154586795689255e+01
2.812574781099999745e+04 7.342554785149132179e+00 2.352328543286266171e+00 1.233278102701200041e+01
2.816607551099999910e+04 7.454113090317017409e+00 2.397687266812325024e+00 1.251053891382170846e+01
2.820640321100000074e+04 7.640695046601031493e+00 2.444804610674566003e+00 1.283658548252749654e+01
2.824673091100000238e+04 7.899593412799839065e+00 2.500882401475381211e+00 1.329830442412429647e+01
2.828705861100000038e+04 8.227211595129276134e+00 2.567061132707326276e+00 1.388736205755122732e+01
2.832738631100000202e+04 8.618923840172518780e+00 2.642766280655662658e+00 1.459508139968937535e+01
2.836771401100000003e+04 9.068698277612297076e+00 2.729926254787681472e+00 1.540747030043691268e+01
2.840804171099999803e+04 9.568626504275998812e+00 2.835065380147517189e+00 1.630218762840448221e+01
2.844836941099999967e+04 1.010853235687945428e+01 2.968733409840605741e+00 1.724833130391829883e+01
2.848869711100000131e+04 1.067582545071349998e+01 3.143032710937182728e+00 1.820861819048981545e+01
2.852902481099999932e+04 1.125572533378772100e+01 3.368542142167102682e+00 1.914290852540833754e+01
2.856935251100000096e+04 1.183191885939882582e+01 3.651748626423387822e+00 2.001208909237426425e+01
2.860968021100000260e+04 1.238763889470878432e+01 3.993608604158617403e+00 2.078166918525895568e+01
2.865000791100000060e+04 1.290707931263678887e+01 4.389408959581628800e+00 2.142474966569195161e+01
2.869033561099999861e+04 1.337699987055658646e+01 4.829779532029493616e+00 2.192422020908367841e+01
2.873066331100000025e+04 1.378833227522702920e+01 5.302496163483212399e+00 2.227416838697084600e+01
2.877099101099999825e+04 1.413757928100238814e+01 5.794562118313950627e+00 2.248059644369082477e+01
2.881131871099999989e+04 1.442780320913105996e+01 6.293960850538799612e+00 2.256164556772332119e+01
2.885164641100000154e+04 1.466902827044206603e+01 6.790471496022153275e+00 2.254758504486197879e+01
2.889197411100000318e+04 1.487793096344740995e+01 7.275105674851443993e+00 2.248075625204337769e+01
2.893230181100000118e+04 1.507676200430460867e+01 7.738165875245187841e+00 2.241535813336402683e+01
2.897262951100000282e+04 1.529152740104849251e+01 8.166733655981840201e+00 2.241632114611514481e+01
2.901295721100000083e+04 1.554954844076375053e+01 8.543451271474639341e+00 2.255564561005285995e+01
2.905328491099999883e+04 1.587661036470263021e+01 8.848957962301106761e+00 2.290426276710415365e+01
2.909361261100000047e+04 1.629398450368250906e+01 9.068635465467414392e+00 2.351933354189760195e+01
2.913394031099999847e+04 1.681565483378329517e+01 9.200036176472154992e+00 2.443127349109443358e+01
2.917426801100000012e+04 1.744608542150057318e+01 9.254745626845561901e+00 2.563742521615558445e+01
2.921459571099999812e+04 1.817882341079252129e+01 9.252272725000452169e+00 2.710537409658459040e+01
2.925492341100000340e+04 1.899614433949292192e+01 9.210061490552513774e+00 2.878222718843332828e+01
2.929525111100000140e+04 1.986982298379914269e+01 9.135375485507884363e+00 3.060427048209039924e+01
2.933557881099999940e+04 2.076297190070257415e+01 9.021876500900537721e+00 3.250406730050460880e+01
2.937590651100000105e+04 2.163275431976604679e+01 8.850863880427201735e+00 3.441464475910489540e+01
2.941623421099999905e+04 2.243367084957738555e+01 8.596025906537208883e+00 3.627131579261756400e+01
2.945656191099999705e+04 2.312105823845507757e+01 8.230315888744128117e+00 3.801180058816602525e+01
2.949688961100000233e+04 2.365443165775943868e+01 7.733432715120668099e+00 3.957543060039821370e+01
2.953721731100000034e+04 2.400034732348006372e+01 7.098293557739236093e+00 4.090240108922088780e+01
2.957754501100000198e+04 2.413454759086500445e+01 6.335059002267496631e+00 4.193403617946250961e+01
2.961787271100000362e+04 2.404325738851760974e+01 5.471823926280995565e+00 4.261469085075422214e+01
2.965820041100000162e+04 2.372360877290789816e+01 4.551889847341591633e+00 4.289532769847420468e+01
2.969852811099999963e+04 2.318326227300895326e+01 3.628306204234303500e+00 4.273821834178360746e+01
2.973885581099999763e+04 2.243935871972446705e+01 2.756871606996275315e+00 4.212184583245265657e+01
2.977918351099999927e+04 2.151697017322715766e+01 1.988938920716276426e+00 4.104500142573804311e+01
2.981951121100000091e+04 2.044722676961747609e+01 1.365223207063395172e+00 3.952923033217155790e+01
2.985983891099999892e+04 1.926528532720018205e+01 9.114778209944058851e-01 3.761909283340595778e+01
2.990016661100000420e+04 1.800828397658559865e+01 6.364856126084800225e-01 3.538008234056271561e+01
2.994049431100000220e+04 1.671340201889481136e+01 5.323896850017846294e-01 3.289441435278784098e+01
2.998082201100000020e+04 1.541611992010395937e+01 5.770213352124431427e-01 3.025521850499547583e+01
3.002114971100000184e+04 1.414875215186702739e+01 7.376169845867153185e-01 2.755988731914733947e+01
3.006147741099999985e+04 1.293930485408302644e+01 9.751849721195084975e-01 2.490342473604654217e+01
3.010180511099999785e+04 1.181068973508728881e+01 1.248811506849465625e+00 2.237256796332511044e+01
3.014213281099999949e+04 1.078030439919168337e+01 1.519399105240569092e+00 2.004120969314279677e+01
3.018246051100000113e+04 9.859967520191661450e+00 1.752706223994724866e+00 1.796722881638859803e+01
3.022278821099999914e+04 9.056175975539188627e+00 1.922017321057557293e+00 1.619033463002081774e+01
3.026311591100000078e+04 8.370631703189252093e+00 2.011011892851979788e+00 1.473025151352652173e+01
3.030344361100000242e+04 7.800970166770534675e+00 2.016850508707145107e+00 1.358508982483392380e+01
3.034377131100000042e+04 7.341611268943474045e+00 1.951969786968827059e+00 1.273125275091812014e+01
3.038409901099999843e+04 6.984648547424526122e+00 1.842064291231841011e+00 1.212723280361721123e+01
3.042442671100000007e+04 6.720694681199717913e+00 1.719503854406924548e+00 1.172188550799251061e+01
3.046475441099999807e+04 6.539611748609541308e+00 1.614891635173991924e+00 1.146433186204509092e+01
3.050508211099999971e+04 6.431073792591730509e+00 1.550489297048113890e+00 1.131165828813534624e+01
3.054540981100000135e+04 6.384936319305849040e+00 1.537127011142096933e+00 1.123274562746960115e+01
3.058573751100000300e+04 6.391419755848207984e+00 1.574097481224612904e+00 1.120874203047180373e+01
3.062606521100000100e+04 6.441146840859556910e+00 1.651068966864454923e+00 1.123122471485465823e+01
3.066639291100000264e+04 6.525100953124360004e+00 1.751455714430736998e+00 1.129874619181798145e+01
3.070672061100000064e+04 6.634586638765844313e+00 1.856880341824856950e+00 1.141229293570683190e+01
3.074704831099999865e+04 6.761269711005869709e+00 1.952000345379597324e+00 1.157053907663214254e+01
3.078737601100000029e+04 6.897350351404638147e+00 2.028392922553042599e+00 1.176630778025623236e+01
3.082770371100000193e+04 7.035881536815114856e+00 2.086129156264052487e+00 1.198563391736617589e+01
3.086803141099999993e+04 7.171194760066386564e+00 2.132505516527507083e+00 1.220988400360526605e+01
3.090835911099999794e+04 7.299347065535782164e+00 2.178578855385960189e+00 1.242011527568560325e+01
3.094868681100000322e+04 7.418470740560468180e+00 2.234749204463311489e+00 1.260219227665762531e+01
3.098901451100000122e+04 7.528900362927237744e+00 2.306453650546327783e+00 1.275134707530814637e+01
3.102934221099999922e+04 7.632976849511504014e+00 2.390643834804421441e+00 1.287530986421858614e+01
3.106966991100000087e+04 7.734482904075722587e+00 2.473694336560873897e+00 1.299527147159056994e+01
3.110999761099999887e+04 7.837739360322895976e+00 2.531811908686392609e+00 1.314366681195940068e+01
3.115032531100000051e+04 7.946471837089950085e+00 2.535295218371517389e+00 1.335764845580838234e+01
3.119065301100000215e+04 8.062623619947892450e+00 2.456896924736224452e+00 1.366835031515956089e+01
3.123098071100000016e+04 8.185327071518651465e+00 2.281504588483981522e+00 1.408914955455332141e+01
3.127130841099999816e+04 8.310241198696909137e+00 2.011926669112249932e+00 1.460855572828156923e+01
3.131163611099999980e+04 8.429415030674926257e+00 1.667612919373030467e+00 1.519121714197682138e+01
3.135196381100000144e+04 8.531752640744640459e+00 1.278207418089401193e+00 1.578529786339988128e+01
3.139229151099999945e+04 8.604051774828613830e+00 8.762607763901213431e-01 1.633184277326710898e+01
3.143261921099999745e+04 8.632484871973964857e+00 4.918838097846203739e-01 1.677308593416330851e+01
3.147294691100000273e+04 8.604309814102476750e+00 1.497855118357800941e-01 1.705883411636917302e+01
3.151327461100000073e+04 8.509554596817890726e+00 -1.319538100489912602e-01 1.715106300368477221e+01
3.155360231099999874e+04 8.342423672323141304e+00 -3.420858012593729347e-01 1.702693314590565876e+01
3.159393001100000038e+04 8.102222457529906663e+00 -4.758278959399727670e-01 1.668027281099978509e+01
3.163425771100000202e+04 7.793679567747303416e+00 -5.341574515869120798e-01 1.612151658708151913e+01
3.167458541100000002e+04 7.426646258909978648e+00 -5.228745420794481680e-01 1.537616705989940691e+01
3.171491311100000166e+04 7.015249377112611207e+00 -4.514995588571547036e-01 1.448199831308237862e+01
3.175524081099999967e+04 6.576649834333396782e+00 -3.320735827946186269e-01 1.348537325146141086e+01
3.179556851100000131e+04 6.129600966978032694e+00 -1.779477097868394642e-01 1.243714964374290588e+01
3.183589621100000295e+04 5.693005671413096991e+00 -2.662755235718112720e-03 1.138867409806191056e+01
3.187622391100000095e+04 5.284641621482534468e+00 1.809794258794413524e-01 1.038830381708562811e+01
3.191655161099999896e+04 4.920170321511533551e+00 3.615745194934760764e-01 9.478766123529592136e+00
3.195687931100000060e+04 4.612482009086171786e+00 5.294765295045552600e-01 8.695487488667788867e+00
3.199720701100000224e+04 4.371368501190971756e+00 6.769190160907951892e-01 8.065817986291149211e+00
3.203753471100000024e+04 4.203471145056135505e+00 7.980727486223140321e-01 7.608869541489955424e+00
3.207786241099999825e+04 4.112427311686427167e+00 8.893014794198488282e-01 7.335553143953005062e+00
3.211819011100000353e+04 4.099136832129910424e+00 9.497702005982882056e-01 7.248503463661532642e+00
3.215851781100000153e+04 4.162084729839649277e+00 9.821694908891892561e-01 7.341999968790109854e+00
3.219884551099999953e+04 4.297680387676571456e+00 9.929656555218079328e-01 7.602395119831334647e+00
3.223917321100000117e+04 4.500596676239059235e+00 9.917715889965230680e-01 8.009421763481595846e+00
3.227950091100000282e+04 4.764107787905138558e+00 9.899873033764232666e-01 8.538228272433853405e+00
3.231982861100000082e+04 5.080427326007292521e+00 9.991001361461843144e-01 9.161754515868398840e+00
3.236015631100000246e+04 5.441039007819931328e+00 1.028852422937717614e+00 9.853225592702145264e+00
3.240048401100000046e+04 5.836996095862602374e+00 1.085313931888293615e+00 1.058867825983690913e+01
3.244081171099999847e+04 6.259150407559980422e+00 1.168972857438610014e+00 1.134932795768134994e+01
3.248113941100000375e+04 6.698266145676626593e+00 1.273204746606011462e+00 1.212332754474724084e+01
3.252146711099999811e+04 7.144984300983601599e+00 1.383739942817768354e+00 1.290622865914943596e+01
3.256179481100000339e+04 7.589631766189699924e+00 1.479852530076028572e+00 1.369941100230337128e+01
3.260212251099999412e+04 8.021911322219684948e+00 1.537705119941788823e+00 1.450611752449757930e+01
3.264245021100000304e+04 8.430554476143742093e+00 1.535455426215632802e+00 1.532565352607185361e+01
3.268277791100000104e+04 8.803055533983405567e+00 1.458651079756901447e+00 1.614745998820990991e+01
3.272310561099999904e+04 9.125619269415226498e+00 1.303922634426430083e+00 1.694731590440402158e+01
3.276343331100000069e+04 9.383437265752860412e+00 1.079654632590340890e+00 1.768721989891538016e+01
3.280376101099999505e+04 9.561358012306586218e+00 8.037500561976664848e-01 1.831896596841550462e+01
3.284408871100000397e+04 9.644940438512895398e+00 4.997069269828089966e-01 1.879017395004298407e+01
3.288441641099999833e+04 9.621794804860883232e+00 1.924139463395312666e-01 1.905117566338223156e+01
3.292474411099999998e+04 9.483038151875998523e+00 -9.537126833003126136e-02 1.906144757208202734e+01
3.296507181100000162e+04 9.224642802517704965e+00 -3.454416670315192950e-01 1.879472727206692539e+01
3.300539951100000326e+04 8.848449245986584444e+00 -5.454106309797152052e-01 1.824230912295288576e+01
3.304572721099999762e+04 8.362653454461865365e+00 -6.889733179804962138e-01 1.741428022690422850e+01
3.308605491099999927e+04 7.781657077703076908e+00 -7.753775412091702401e-01 1.633869169661532439e+01
3.312638261100000818e+04 7.125271577341870888e+00 -8.083450042885259590e-01 1.505888815897226607e+01
3.316671031099999527e+04 6.417373239565099752e+00 -7.946791788382312482e-01 1.362942565796843120e+01
3.320703801100000419e+04 5.684193680909725543e+00 -7.427745602620812182e-01 1.211116192208153208e+01
3.324736571099999856e+04 4.952482932001636584e+00 -6.612107073952609992e-01 1.056617657139853250e+01
3.328769341100000020e+04 4.247790503074919677e+00 -5.575860162286798705e-01 9.053167022378518780e+00
3.332802111100000184e+04 3.593074555745320531e+00 -4.377470833004075690e-01 7.623896194791049297e+00
3.336834881100000348e+04 3.007779593101260751e+00 -3.056578472296389570e-01 6.321217033432160015e+00
3.340867651099999784e+04 2.507433989215836601e+00 -1.644598708990178682e-01 5.179327849330690903e+00
3.344900421099999949e+04 2.103727496559760990e+00 -2.006333399792986638e-02 4.227518327117452124e+00
3.348933191100000840e+04 1.804951537683863627e+00 1.100628719145315682e-01 3.499840203453195908e+00
3.352965961099999549e+04 1.616633513134105193e+00 1.824656634970887314e-01 3.050801362771121461e+00
3.356998731100000441e+04 1.542177019645588176e+00 1.320072688057269961e-01 2.952346770485449579e+00
3.361031501099999878e+04 1.583333695012702158e+00 -6.585283344523271132e-02 3.232520223470636722e+00
3.365064271100000042e+04 1.740375540546457156e+00 -3.699843477332634967e-01 3.850735428826177920e+00
3.369097041100000206e+04 2.011901604888806983e+00 -7.376227278528971754e-01 4.761425937630511918e+00
3.373129811100000370e+04 2.394290083899346389e+00 -1.151812169617820958e+00 5.940392337416513513e+00
3.377162581099999807e+04 2.880885130527725213e+00 -1.610430951386534471e+00 7.372201212441985341e+00
3.381195351099999971e+04 3.461075495371192190e+00 -2.114746546309027586e+00 9.036897537051411078e+00
3.385228121100000135e+04 4.119468601946029374e+00 -2.663448295821573275e+00 1.090238549971363113e+01
3.389260891099999571e+04 4.835379641230179715e+00 -3.249963877560060332e+00 1.292072316002041887e+01
3.393293661100000463e+04 5.582834885021378035e+00 -3.861521913770825432e+00 1.502719168381358195e+01
3.397326431099999900e+04 6.331230716417103999e+00 -4.479318466366312812e+00 1.714177989920052170e+01
3.401359201100000064e+04 7.046700073603692438e+00 -5.079534207696927872e+00 1.917293435490431364e+01
3.405391971100000228e+04 7.694127814840165058e+00 -5.635053494961222320e+00 2.102330912464155332e+01
3.409424741099999665e+04 8.239643106853231203e+00 -6.117716764522733719e+00 2.259700297822919524e+01
3.413457511100000556e+04 8.653320376286419702e+00 -6.500876684322314247e+00 2.380751743689515365e+01
3.417490281099999993e+04 8.911759833006511755e+00 -6.761972205706684669e+00 2.458549187171970729e+01
3.421523051100000157e+04 9.000208194592472566e+00 -6.884810069552116829e+00 2.488522645873706196e+01
3.425555821099999594e+04 8.913925478649758816e+00 -6.861264250008342280e+00 2.468911520730786080e+01
3.429588591100000485e+04 8.658599453487529019e+00 -6.692172014631143639e+00 2.400937092160620168e+01
3.433621361099999922e+04 8.249740213598572680e+00 -6.387311417042783823e+00 2.288679184423992652e+01
3.437654131100000086e+04 7.711130653233636778e+00 -5.964471184913607615e+00 2.138673249138087940e+01
3.441686901100000250e+04 7.072538909993477674e+00 -5.447747716908375892e+00 1.959282553689532946e+01
3.445719671099999687e+04 6.366993385103092429e+00 -4.865303424286919309e+00 1.759929019449310417e+01
3.449752441100000578e+04 5.627964432557948093e+00 -4.246879450185164551e+00 1.550280831530105985e+01
3.453785211100000015e+04 4.886784413631155566e+00 -3.621366039153274041e+00 1.339493486641558562e+01
3.457817981100000179e+04 4.170575645572944801e+00 -3.014697472773247622e+00 1.135584876391913767e+01
3.461850751099999616e+04 3.500858870876284445e+00 -2.448266094795047199e+00 9.449983836547616534e+00
3.465883521100000507e+04 2.892903335412842836e+00 -1.937957653391518598e+00 7.723764324217205157e+00
3.469916291099999944e+04 2.355773916700849124e+00 -1.493815778017248963e+00 6.205363611418946768e+00
3.473949061100000108e+04 1.892947722274403777e+00 -1.120262644980413169e+00 4.906158089529220945e+00
3.477981831100000272e+04 1.503322274186673857e+00 -8.167470671851898567e-01 3.823391615558537904e+00
3.482014601099999709e+04 1.182422263131120532e+00 -5.786667617305141231e-01 2.943511287992755410e+00
3.486047371100000601e+04 9.236275302368280871e-01 -3.984216916258871422e-01 2.245676752099543538e+00
3.490080141099999310e+04 7.192823787467017560e-01 -2.665033249233097479e-01 1.705068082416713482e+00
3.494112911100000201e+04 5.615945608108848797e-01 -1.726132052178234455e-01 1.295802326839593288e+00
3.498145681100000365e+04 4.432810145740054275e-01 -1.069230824397239404e-01 9.934851115877347816e-01
3.502178451099999802e+04 3.579588734069641953e-01 -6.167909744404261041e-02 7.775968442579710427e-01
3.506211221099999966e+04 3.003101036122273748e-01 -3.319474842982858553e-02 6.338149556542833629e-01
3.510243991100000130e+04 2.660653980294230281e-01 -2.310609692567456436e-02 5.552368929845206136e-01
3.514276761100000294e+04 2.518593041789271014e-01 -3.526081698754161831e-02 5.389794253453957795e-01
3.518309531099999731e+04 2.550070879983629690e-01 -6.846722774699079417e-02 5.784814037437167045e-01
3.522342301100000623e+04 2.732479111482091216e-01 -1.160714749994563588e-01 6.625672972958747131e-01
3.526375071099999332e+04 3.044913148912175016e-01 -1.717945885110617743e-01 7.807772182934967775e-01
3.530407841100000223e+04 3.465964582770284519e-01 -2.318724439274962301e-01 9.250653604815530784e-01
3.534440611100000388e+04 3.972066168657782392e-01 -2.941092989342129482e-01 1.088522532665769482e+00
3.538473381099999824e+04 4.536548226151013719e-01 -3.568097242430087745e-01 1.264119369473211574e+00
3.542506151099999988e+04 5.129495542783146789e-01 -4.182252485960423205e-01 1.444124357152671623e+00
3.546538921100000152e+04 5.718415392844349299e-01 -4.763727422773935127e-01 1.620055820846263206e+00
3.550571691100000317e+04 6.269639830800745051e-01 -5.290641130646958068e-01 1.782992079224844817e+00
3.554604461099999753e+04 6.750295541330320059e-01 -5.740513650841517768e-01 1.924110473350215900e+00
3.558637231100000645e+04 7.130594581204607874e-01 -6.092277930851246470e-01 2.035346709326046000e+00
3.562670001099999354e+04 7.386144441257551652e-01 -6.328421079572825736e-01 2.110070996208792682e+00
3.566702771100000245e+04 7.499959560842673900e-01 -6.436902649890759998e-01 2.143682177157610891e+00
3.570735541100000410e+04 7.463886536197351651e-01 -6.412565988381360160e-01 2.134033906077606346e+00
3.574768311099999846e+04 7.279230851039579786e-01 -6.257843545847895372e-01 2.081630524792705383e+00
3.578801081100000010e+04 6.956483620069657814e-01 -5.982662131305176434e-01 1.989562937144448984e+00
3.582833851100000174e+04 6.514174413954826326e-01 -5.603569181729002313e-01 1.863191800963865274e+00
3.586866621100000339e+04 5.976998587536619389e-01 -5.142209389863856561e-01 1.709620656493709312e+00
3.590899391099999775e+04 5.373463389030500581e-01 -4.623365114920732211e-01 1.537029189298173337e+00
3.594932161099999939e+04 4.733350722542377653e-01 -4.072820787785785268e-01 1.353952223287054224e+00
3.598964931100000103e+04 4.085298751150434060e-01 -3.515315270370759637e-01 1.168591277267162720e+00
3.602997701100000268e+04 3.454762356681140290e-01 -2.972809477580223847e-01 9.882334190942503316e-01
3.607030471099999704e+04 2.862535164156916334e-01 -2.463229478386130267e-01 8.188299806699962380e-01
3.611063241099999868e+04 2.323920199936300168e-01 -1.999762366570493888e-01 6.647602766443094779e-01
3.615096011100000760e+04 1.848540526773377324e-01 -1.590699226635639285e-01 5.287780280182393655e-01
3.619128781099999469e+04 1.440701196418538999e-01 -1.239750172692798136e-01 4.121152565529876410e-01
3.623161551100000361e+04 1.100160136413369377e-01 -9.467098092311772295e-02 3.147030082057916123e-01
3.627194321099999797e+04 8.231421890498542837e-02 -7.083310312850787938e-02 2.354615409384787361e-01
3.631227091099999961e+04 6.034353387962144988e-02 -5.192690184974846357e-02 1.726139696089913633e-01
3.635259861100000126e+04 4.334345344269248390e-02 -3.729798282763412826e-02 1.239848897130190891e-01
3.639292631100000290e+04 3.050374470646869535e-02 -2.624914062480691521e-02 8.725663003774429549e-02
3.643325401099999726e+04 2.103389337230142375e-02 -1.810012858488305870e-02 6.016791532948589927e-02
3.647358171099999890e+04 1.421094753411334538e-02 -1.222883442784490973e-02 4.065072949607159702e-02
3.651390941100000782e+04 9.407262391210046565e-03 -8.095157614112438380e-03 2.690968239653252977e-02
3.655423711099999491e+04 6.101552191651353312e-03 -5.250520946733951491e-03 1.745362533003665464e-02
3.659456481100000383e+04 3.877521842724172222e-03 -3.336693583545299272e-03 1.109173726899364415e-02
3.663489251099999819e+04 2.414376660188407176e-03 -2.077624712755634599e-03 6.906378033132449384e-03
3.667522021099999984e+04 1.472965732730999915e-03 -1.267519720390957762e-03 4.213451185852958025e-03
3.671554791100000148e+04 8.804751651241532039e-04 -7.576684339478843237e-04 2.518618764196190948e-03
3.675587561100000312e+04 5.156777882747907949e-04 -4.437521906124835365e-04 1.475107767162065235e-03
3.679620331099999748e+04 2.959215464137849748e-04 -2.546470638635037220e-04 8.464901566910737257e-04
3.683653101099999913e+04 1.663840140716623176e-04 -1.431771400650611134e-04 4.759451682083857215e-04
3.687685871100000804e+04 9.166076018646306719e-05 -7.887612028622941753e-05 2.621976406591555384e-04
3.691718641099999513e+04 4.947572412360441815e-05 -4.257495967437736233e-05 1.415264079215862122e-04
3.695751411100000405e+04 2.616602253370410987e-05 -2.251644365384028459e-05 7.484848872124850094e-05
3.699784181100000569e+04 1.355876426936807941e-05 -1.166761785577531125e-05 3.878514639451147178e-05
3.703816951100000006e+04 6.883976144930473673e-06 -5.923814397711070990e-06 1.969176668757201579e-05
3.707849721100000170e+04 3.424486436999806268e-06 -2.946846652895851405e-06 9.795819526895464788e-06
3.711882491099999606e+04 1.669123192020741605e-06 -1.436317585809994169e-06 4.774563969851477380e-06
3.715915261100000498e+04 7.971098577022601202e-07 -6.859307401246824949e-07 2.280150455529202630e-06
3.719948031099999935e+04 3.729793740103233738e-07 -3.209570369717757325e-07 1.066915784992422533e-06
3.723980801100000099e+04 1.709969242556360471e-07 -1.471466519734322778e-07 4.891405004847042926e-07
3.728013571099999535e+04 7.681192144413442469e-08 -6.609836475948830457e-08 2.197222076477571407e-07
3.732046341100000427e+04 3.380693563334863895e-08 -2.909161912483520393e-08 9.670549039153247851e-08
3.736079111099999864e+04 1.457873466100373057e-08 -1.254532503863690517e-08 4.170279436064436797e-08
3.740111881100000028e+04 6.159858045960337400e-09 -5.300694688217192753e-09 1.762041078013786838e-08
3.744144651100000192e+04 2.550107118252171490e-09 -2.194423825233613110e-09 7.294638061737956503e-09
3.748177421099999628e+04 1.034386849092151919e-09 -8.901128622835146563e-10 2.958886560467818493e-09
3.752210191100000520e+04 4.110970919028126458e-10 -3.537581799993686910e-10 1.175952363804993827e-09
3.756242961099999957e+04 1.600820606461777569e-10 -1.377541693681832980e-10 4.579182906605387600e-10
3.760275731100000121e+04 6.107701094231252490e-11 -5.255812472608469199e-11 1.747121466107097418e-10
3.764308501099999557e+04 2.283230362147198546e-11 -1.964770448008099421e-11 6.531231172302497805e-11
3.768341271100000449e+04 8.362931401728287050e-12 -7.196488251576425669e-12 2.392235105503299815e-11
3.772374041099999886e+04 3.001263904874539309e-12 -2.582654262457162852e-12 8.585182072206240661e-12
3.776406811100000050e+04 1.055326109928838601e-12 -9.081315613943004273e-13 3.018783781251977629e-12
3.780439581100000214e+04 3.635850592721740829e-13 -3.128730204531277576e-13 1.040043138997475873e-12
3.784472351099999651e+04 1.227332462194039846e-13 -1.056146848595799313e-13 3.510811772983879004e-13
3.788505121100000542e+04 4.059338438235175227e-14 -3.493150903270197845e-14 1.161182777974054830e-13
3.792537891099999979e+04 1.315482722415832380e-14 -1.132002105752208564e-14 3.762967550583873007e-14
3.796570661100000143e+04 4.176878890649155556e-15 -3.594297073703568420e-15 1.194805485500188032e-14
3.800603431100000307e+04 1.299437706836405954e-15 -1.118195013410196604e-15 3.717070427083008710e-15
3.804636201100000471e+04 3.960918387299937058e-16 -3.408458263064054469e-16 1.133029503766392809e-15
3.808668971099999908e+04 1.182968473203645341e-16 -1.017970650534872552e-16 3.383907596942163357e-16
3.812701741100000072e+04 3.461682992783645248e-17 -2.978855115695729041e-17 9.902221101263020153e-17
3.816734511100000236e+04 9.925177115251110525e-18 -8.540835392953595501e-18 2.839118962345581501e-17
3.820767281099999673e+04 2.788213874271047348e-18 -2.399319978270833949e-18 7.975747726812929030e-18
3.824800051100000564e+04 7.674511649602736203e-19 -6.604087761803410625e-19 2.195311106100888303e-18
3.828832821099999273e+04 2.069723175753872432e-19 -1.781042771109056862e-19 5.920489122616802208e-19
3.832865591100000165e+04 5.469033996832013763e-20 -4.706225247470208677e-20 1.564429324113423741e-19
3.836898361100000329e+04 1.415943195331753234e-20 -1.218450574400181817e-20 4.050336965063688585e-20
3.840931131099999766e+04 3.591847469014458959e-21 -3.090864539063010678e-21 1.027455947709192897e-20
3.844963901099999930e+04 8.927436873723625640e-22 -7.682257750573946084e-22 2.553713149802119924e-21
3.848996671100000094e+04 2.174065065589488052e-22 -1.870831285241087076e-22 6.218961416420063415e-22
3.853029441100000258e+04 5.187464461347317215e-23 -4.463928407190290994e-23 1.483885732988492484e-22
3.857062211099999695e+04 1.212759202127611584e-23 -1.043606234567388890e-23 3.469124638822612646e-23
3.861094981100000587e+04 2.777991228629887778e-24 -2.390523164603151651e-24 7.946505621862927574e-24
3.865127751099999296e+04 6.234821279047267641e-25 -5.365202215585788621e-25 1.783484477368032482e-24
3.869160521100000187e+04 1.371052216109154397e-25 -1.179820889537475879e-25 3.921925321755784673e-25
3.873193291100000351e+04 2.954070315050348118e-26 -2.542043130019972972e-26 8.450183760120669495e-26
3.877226061099999788e+04 6.236264248970779612e-27 -5.366443923260263451e-27 1.783897242120182196e-26
3.881258831099999952e+04 1.289926715003650392e-27 -1.110010593653851885e-27 3.689864023661152669e-27
3.885291601100000116e+04 2.614221684035177302e-28 -2.249595833380710258e-28 7.478039201451064413e-28
3.889324371100000280e+04 5.191067012595226358e-29 -4.467028482568829618e-29 1.484916250775928402e-28
3.893357141099999717e+04 1.009968212897826540e-29 -8.691000833850176641e-30 2.889036509180670603e-29
3.897389911100000609e+04 1.925287639212267976e-30 -1.656752783316364264e-30 5.507328061740900217e-30
3.901422681100000045e+04 3.596005829967668833e-31 -3.094442901040130449e-31 1.028645456097546680e-30
3.905455451100000209e+04 6.580850108940813383e-32 -5.662967710651437237e-32 1.882466792853306400e-31
3.909488221100000374e+04 1.179995791157261050e-32 -1.015412591596578287e-32 3.375404173911100798e-32
3.913520991099999810e+04 2.073078582090960564e-33 -1.783930172801582568e-33 5.930087336983502671e-33
3.917553761100000702e+04 3.568518220697932090e-34 -3.070789202633321284e-34 1.020782564402918504e-33
3.921586531100000138e+04 6.018619941081125589e-35 -5.179156161408337076e-35 1.721639604357059039e-34
3.925619301100000303e+04 9.945869765817775944e-36 -8.558641878448237428e-36 2.845038141008378932e-35
3.929652071099999739e+04 1.610369230681021974e-36 -1.385758496943057291e-36 4.606496958305101239e-36
3.933684841099999903e+04 2.554729994334256713e-37 -2.198401912800327417e-37 7.307861901468841678e-37
3.937717611100000067e+04 3.971013809059121038e-38 -3.417145597755060155e-38 1.135917321587330275e-37
3.941750381100000232e+04 6.047761207837703040e-39 -5.204232868818117893e-39 1.729975528449352528e-38
3.945783151099999668e+04 9.024532638303818644e-40 -7.765810812952981541e-40 2.581487608956062046e-39
3.949815921099999832e+04 1.319446095316648166e-40 -1.135412676178702208e-40 3.774304866811999151e-40
3.953848691100000724e+04 1.890146349406119983e-41 -1.626512922783386231e-41 5.406805621595625943e-41
3.957881461099999433e+04 2.652992722970597313e-42 -2.282959173673420732e-42 7.588944619614614721e-42
3.961914231100000325e+04 3.648493130993438947e-43 -3.139609389564877897e-43 1.043659565155175539e-42
3.965947001099999761e+04 4.916180891876075937e-44 -4.230482869164887651e-44 1.406284465291703903e-43
3.969979771099999925e+04 6.490512987652323112e-45 -5.585230610966548618e-45 1.856625658627119546e-44
3.974012541100000090e+04 8.395895788991910342e-46 -7.224854839112588621e-46 2.401664641709640619e-45
3.978045311100000254e+04 1.064123178157639199e-46 -9.157016340298460701e-47 3.043947990345124467e-46
3.982078081099999690e+04 1.321458758076585905e-47 -1.137144617194425842e-47 3.780062133347597410e-47
3.986110851099999854e+04 1.607874589139775301e-48 -1.383611802478962098e-48 4.599360980758512395e-48
3.990143621100000746e+04 1.916847562936045005e-49 -1.649489910186551028e-49 5.483185036058641609e-49
3.994176391099999455e+04 2.239029572754530028e-50 -1.926734686826583976e-50 6.404793832335644033e-50
3.998209161100000347e+04 2.562529830277949675e-51 -2.205113844901215438e-51 7.330173505457114196e-51
4.002241931100000511e+04 2.873524319058710358e-52 -2.472731511160345807e-52 8.219780149277766893e-52
4.006274701099999947e+04 3.157167849444587141e-53 -2.716813070126138590e-53 9.031148769015313334e-53
4.010307471100000112e+04 3.398735075180409582e-54 -2.924687034226209788e-54 9.722157184587028953e-54
4.014340241100000276e+04 3.584873231291460308e-55 -3.084863052571447543e-55 1.025460951515436743e-54
4.018373011100000440e+04 3.704820228192311494e-56 -3.188080107996646167e-56 1.059772056438126825e-55
4.022405781099999876e+04 3.751434111119879855e-57 -3.228192389771316750e-57 1.073106061201107703e-56
4.026438551100000768e+04 3.721897033641568721e-58 -3.202775078442606404e-58 1.064656914572574314e-57
4.030471321099999477e+04 3.617997251839736840e-59 -3.113367008094876999e-59 1.034936151177435068e-58
4.034504091100000369e+04 3.445949894944663943e-60 -2.965316435498533180e-60 9.857216225387860512e-60
4.038536861099999805e+04 3.215781492767960088e-61 -2.767251412293073520e-61 9.198814397828993349e-61
4.042569631099999970e+04 2.940363017980914356e-62 -2.530247696387626215e-62 8.410973732349455359e-62
4.046602401100000134e+04 2.634221072099231363e-63 -2.266805751091136467e-63 7.535247895289598652e-63
4.050635171099999570e+04 2.312279529962731053e-64 -1.989767902233349439e-64 6.614326962158811882e-64
4.054667941100000462e+04 1.988681789059961965e-65 -1.711304857545192929e-65 5.688668435665117070e-65
4.058700711099999899e+04 1.675818985982656701e-66 -1.442079465329738691e-66 4.793717437295052621e-66
4.062733481100000063e+04 1.383648457624592178e-67 -1.190660235183801364e-67 3.957957150432985720e-67
4.066766251099999499e+04 1.119338051064938174e-68 -9.632152587508959373e-69 3.201891360880772079e-68
4.070799021100000391e+04 8.872246900995709386e-70 -7.634765553010401510e-70 2.537925935500182157e-69
4.074831791099999828e+04 6.890374356030008277e-71 -5.929320201273941249e-71 1.971006891333395619e-70
4.078864561099999992e+04 5.243108729553400717e-72 -4.511811536104841582e-72 1.499802899521164352e-71
4.082897331100000156e+04 3.909054788802375105e-73 -3.363828484420234832e-73 1.118193806202498504e-72
4.086930101099999592e+04 2.855561370357569401e-74 -2.457273994760698541e-74 8.168396735475838128e-74
4.090962871100000484e+04 2.043845608946567560e-75 -1.758774550007823664e-75 5.846465767900958538e-75
4.094995641099999921e+04 1.433314590099516896e-76 -1.233399045498954006e-76 4.100028225697987798e-76
4.099028411100000085e+04 9.848538894180729154e-78 -8.474886501223963299e-78 2.817196428958542448e-77
4.103061181100000249e+04 6.630387862381196526e-79 -5.705596047955520158e-79 1.896637177271791441e-78
4.107093951100000413e+04 4.373638779881084040e-80 -3.763613329358489172e-80 1.251089088912065725e-79
4.111126721099999850e+04 2.826726148098982909e-81 -2.432460645440085954e-81 8.085912941638052240e-81
4.115159491100000014e+04 1.790034528108773624e-82 -1.540364476598436351e-82 5.120433532815982721e-82
4.119192261100000906e+04 1.110646692005655405e-83 -9.557361512040599499e-84 3.177029535215370760e-83
4.123225031099999615e+04 6.751920093897135934e-85 -5.810177232982476975e-85 1.931401742077674542e-84
4.127257801100000506e+04 4.021754049676073309e-86 -3.460808701987470696e-86 1.150431680133961731e-85
4.131290571099999943e+04 2.347148507699080520e-87 -2.019773432180968049e-87 6.714070447579129535e-87
4.135323341100000107e+04 1.342154393597062264e-88 -1.154953671308059767e-88 3.839262458502184853e-88
4.139356111100000271e+04 7.519712440708030223e-90 -6.470879603724543975e-90 2.151030448514060617e-89
4.143388881099999708e+04 4.127972888068689936e-91 -3.552212372048721284e-91 1.180815814818610170e-90
4.147421651099999872e+04 2.220287871804273664e-92 -1.910607036816740498e-92 6.351182780425287826e-92
4.151454421100000036e+04 1.170088158729801946e-93 -1.006886853797237855e-93 3.347063171256841747e-93
4.155487191100000200e+04 6.041777525135698144e-95 -5.199083776927129517e-95 1.728263882719852780e-94
4.159519961099999637e+04 3.056664137621939432e-96 -2.630327393438442180e-96 8.743655668682321045e-96
4.163552731100000528e+04 1.515191625237725659e-97 -1.303856053112811104e-97 4.334239303588262423e-97
4.167585501099999237e+04 7.359092268517373518e-99 -6.332662377418342162e-99 2.105084691445308838e-98
4.171618271100000129e+04 3.502013229576832093e-100 -3.013560180382168304e-100 1.001758663953583097e-99
4.175651041100000293e+04 1.632857043391611618e-101 -1.405109759341524244e-101 4.670823846124747005e-101
4.179683811099999730e+04 7.459597466342780551e-103 -6.419149332844397696e-103 2.133834426552995781e-102
4.183716581099999894e+04 3.339023448516424862e-104 -2.873303853003229308e-104 9.551350750036077793e-104
4.187749351100000058e+04 1.464402266531140045e-105 -1.260150681673167875e-105 4.188955214735447771e-105
4.191782121100000222e+04 6.292716454278275026e-107 -5.415022299998653993e-107 1.800045520855520525e-106
4.195814891099999659e+04 2.649432023157263222e-108 -2.279895112383974925e-108 7.578759158698502504e-108
4.199847661100000551e+04 1.092959946234655603e-109 -9.405163135615506060e-110 3.126436206030861813e-109
4.203880431099999987e+04 4.417662761339916935e-111 -3.801496943385347211e-111 1.263682246606518108e-110
4.207913201100000151e+04 1.749515197127014758e-112 -1.505496692161991434e-112 5.004527086416020488e-112
4.211945971100000315e+04 6.788592291301611196e-114 -5.841734473512607907e-114 1.941891905611583102e-113
4.215978741099999752e+04 2.580943998270731221e-115 -2.220959645525081547e-115 7.382847642066544440e-115
4.220011511100000644e+04 9.614225034427442312e-117 -8.273254219683510937e-117 2.750170428853839697e-116
4.224044281100000080e+04 3.509027990085547433e-118 -3.019596537631083146e-118 1.003765251780217757e-117
4.228077051100000244e+04 1.254862753741593057e-119 -1.079837276050879838e-119 3.589562783534066227e-119
4.232109821099999681e+04 4.396858332596327284e-121 -3.783594270286352358e-121 1.257731093547900693e-120
4.236142591100000573e+04 1.509473746535257303e-122 -1.298935691468139002e-122 4.317883184538653339e-122
4.240175361100000009e+04 5.077448211745565038e-124 -4.369256980425028247e-124 1.452415340391615664e-123
4.244208131100000173e+04 1.673409723708110665e-125 -1.440006241621328249e-125 4.786825689037549316e-125
4.248240901100000337e+04 5.403758370902189805e-127 -4.650054121276252715e-127 1.545757086308062986e-126
4.252273671099999774e+04 1.709725549574159779e-128 -1.471256816525889593e-128 4.890707915674209665e-128
4.256306441100000666e+04 5.300217960076164623e-130 -4.560955297636662171e-130 1.516139121778898821e-129
4.260339211099999375e+04 1.609896307984759592e-131 -1.385351536457043438e-131 4.605144152426562623e-131
4.264371981100000266e+04 4.791140720726500488e-133 -4.122883024155218484e-133 1.370516446560821868e-132
4.268404751099999703e+04 1.397065591029368231e-134 -1.202205976536784047e-134 3.996337158595520509e-134
4.272437521099999867e+04 3.991457535853600095e-136 -3.434737878810519870e-136 1.141765295051772082e-135
4.276470291100000031e+04 1.117334162482613593e-137 -9.614908670271339996e-138 3.196159191992361305e-137
4.280503061100000195e+04 3.064583712380205315e-139 -2.637139195416575037e-139 8.766306620176986040e-139
4.284535831099999632e+04 8.235628501447551611e-141 -7.069547205637207442e-141 2.354080420853231416e-140
4.288568601099999796e+04 2.168497141948261110e-142 2.168497141948261110e-142 2.168497141948261110e-142
4.292601371100000688e+04 5.594455292291792004e-144 5.594455292291792004e-144 5.594455292291792004e-144
4.296634141099999397e+04 1.414143912495915084e-145 1.414143912495915084e-145 1.414143912495915084e-145
4.300666911100000289e+04 3.502404130763078086e-147 3.502404130763078086e-147 3.502404130763078086e-147
4.304699681100000453e+04 8.499155043929669893e-149 8.499155043929669893e-149 8.499155043929669893e-149
4.308732451099999889e+04 2.020794236381280952e-150 2.020794236381280952e-150 2.020794236381280952e-150
4.312765221100000053e+04 4.707662115660199827e-152 4.707662115660199827e-152 4.707662115660199827e-152
4.316797991100000218e+04 1.074546767092983488e-153 1.074546767092983488e-153 1.074546767092983488e-153
4.320830761100000382e+04 2.403157343059022662e-155 2.403157343059022662e-155 2.403157343059022662e-155
4.324863531099999818e+04 5.265940387823113934e-157 5.265940387823113934e-157 5.265940387823113934e-157
4.328896301100000710e+04 1.130593586946879603e-158 1.130593586946879603e-158 1.130593586946879603e-158
4.332929071099999419e+04 2.378340022721768562e-160 2.378340022721768562e-160 2.378340022721768562e-160
4.336961841100000311e+04 4.902055434228963934e-162 4.902055434228963934e-162 4.902055434228963934e-162
4.340994611100000475e+04 9.899638575117242342e-164 9.899638575117242342e-164 9.899638575117242342e-164
4.345027381099999911e+04 1.958832530415744986e-165 1.958832530415744986e-165 1.958832530415744986e-165
4.349060151100000076e+04 3.797625400777618859e-167 3.797625400777618859e-167 3.797625400777618859e-167
4.353092921100000240e+04 7.213794836546847831e-169 7.213794836546847831e-169 7.213794836546847831e-169
4.357125691100000404e+04 1.342617479758281047e-170 1.342617479758281047e-170 1.342617479758281047e-170
4.361158461099999840e+04 2.448373412546121491e-172 2.448373412546121491e-172 2.448373412546121491e-172
4.365191231100000005e+04 4.374615221654118147e-174 4.374615221654118147e-174 4.374615221654118147e-174
4.369224001099999441e+04 7.658415274503673093e-176 7.658415274503673093e-176 7.658415274503673093e-176
4.373256771100000333e+04 1.313635304351571661e-177 1.313635304351571661e-177 1.313635304351571661e-177
