7.396359688109627086e+02 0.000000000000000000e+00 0.000000000000000000e+00 0.000000000000000000e+00
7.374362817698947765e+02 0.000000000000000000e+00 0.000000000000000000e+00 0.000000000000000000e+00
7.352496397288625758e+02 0.000000000000000000e+00 0.000000000000000000e+00 0.000000000000000000e+00
7.330759269880501279e+02 0.000000000000000000e+00 0.000000000000000000e+00 0.000000000000000000e+00
7.309150292118404195e+02 0.000000000000000000e+00 0.000000000000000000e+00 0.000000000000000000e+00
7.287668334087690027e+02 0.000000000000000000e+00 0.000000000000000000e+00 0.000000000000000000e+00
7.266312279118290007e+02 0.000000000000000000e+00 0.000000000000000000e+00 0.000000000000000000e+00
7.245081023591218354e+02 0.000000000000000000e+00 0.000000000000000000e+00 0.000000000000000000e+00
7.223973476748454914e+02 0.000000000000000000e+00 0.000000000000000000e+00 0.000000000000000000e+00
7.202988560506149724e+02 0.000000000000000000e+00 0.000000000000000000e+00 0.000000000000000000e+00
7.182125209271071071e+02 0.000000000000000000e+00 0.000000000000000000e+00 0.000000000000000000e+00
7.161382369760228812e+02 0.000000000000000000e+00 0.000000000000000000e+00 0.000000000000000000e+00
7.140759000823624092e+02 0.000000000000000000e+00 0.000000000000000000e+00 0.000000000000000000e+00
7.120254073270044728e+02 0.000000000000000000e+00 0.000000000000000000e+00 0.000000000000000000e+00
7.099866569695858516e+02 0.000000000000000000e+00 0.000000000000000000e+00 0.000000000000000000e+00
7.079595484316737384e+02 0.000000000000000000e+00 0.000000000000000000e+00 0.000000000000000000e+00
7.059439822802252138e+02 0.000000000000000000e+00 0.000000000000000000e+00 0.000000000000000000e+00
7.039398602113295738e+02 0.000000000000000000e+00 0.000000000000000000e+00 0.000000000000000000e+00
7.019470850342254380e+02 0.000000000000000000e+00 0.000000000000000000e+00 0.000000000000000000e+00
6.999655606555896838e+02 0.000000000000000000e+00 0.000000000000000000e+00 0.000000000000000000e+00
6.979951920640908156e+02 0.000000000000000000e+00 0.000000000000000000e+00 0.000000000000000000e+00
6.960358853152035863e+02 0.000000000000000000e+00 0.000000000000000000e+00 0.000000000000000000e+00
6.940875475162772545e+02 0.000000000000000000e+00 0.000000000000000000e+00 0.000000000000000000e+00
6.921500868118555445e+02 0.000000000000000000e+00 0.000000000000000000e+00 0.000000000000000000e+00
6.902234123692400090e+02 0.000000000000000000e+00 0.000000000000000000e+00 0.000000000000000000e+00
6.883074343642955455e+02 0.000000000000000000e+00 0.000000000000000000e+00 0.000000000000000000e+00
6.864020639674903350e+02 0.000000000000000000e+00 0.000000000000000000e+00 0.000000000000000000e+00
6.845072133301679287e+02 0.000000000000000000e+00 0.000000000000000000e+00 0.000000000000000000e+00
6.826227955710454580e+02 0.000000000000000000e+00 0.000000000000000000e+00 0.000000000000000000e+00
6.807487247629348985e+02 0.000000000000000000e+00 0.000000000000000000e+00 0.000000000000000000e+00
6.788849159196815890e+02 0.000000000000000000e+00 0.000000000000000000e+00 0.000000000000000000e+00
6.770312849833172777e+02 0.000000000000000000e+00 0.000000000000000000e+00 0.000000000000000000e+00
6.751877488114234893e+02 0.000000000000000000e+00 0.000000000000000000e+00 0.000000000000000000e+00
6.733542251646996419e+02 0.000000000000000000e+00 0.000000000000000000e+00 0.000000000000000000e+00
6.715306326947346633e+02 0.000000000000000000e+00 0.000000000000000000e+00 0.000000000000000000e+00
6.697168909319749446e+02 0.000000000000000000e+00 0.000000000000000000e+00 0.000000000000000000e+00
6.679129202738885169e+02 0.000000000000000000e+00 0.000000000000000000e+00 0.000000000000000000e+00
6.661186419733187449e+02 0.000000000000000000e+00 0.000000000000000000e+00 0.000000000000000000e+00
6.643339781270261710e+02 0.000000000000000000e+00 0.000000000000000000e+00 0.000000000000000000e+00
6.625588516644132824e+02 0.000000000000000000e+00 0.000000000000000000e+00 0.000000000000000000e+00
6.607931863364300398e+02 0.000000000000000000e+00 0.000000000000000000e+00 0.000000000000000000e+00
6.590369067046559621e+02 0.000000000000000000e+00 0.000000000000000000e+00 0.000000000000000000e+00
6.572899381305567204e+02 0.000000000000000000e+00 0.000000000000000000e+00 0.000000000000000000e+00
6.555522067649095561e+02 0.000000000000000000e+00 0.000000000000000000e+00 0.000000000000000000e+00
6.538236395373978667e+02 0.000000000000000000e+00 0.000000000000000000e+00 0.000000000000000000e+00
6.521041641463683618e+02 0.000000000000000000e+00 0.000000000000000000e+00 0.000000000000000000e+00
6.503937090487506794e+02 0.000000000000000000e+00 0.000000000000000000e+00 0.000000000000000000e+00
6.486922034501342296e+02 0.000000000000000000e+00 0.000000000000000000e+00 0.000000000000000000e+00
6.469995772950011315e+02 0.000000000000000000e+00 0.000000000000000000e+00 0.000000000000000000e+00
6.453157612571112622e+02 0.000000000000000000e+00 0.000000000000000000e+00 0.000000000000000000e+00
6.436406867300374870e+02 0.000000000000000000e+00 0.000000000000000000e+00 0.000000000000000000e+00
6.419742858178467486e+02 2.584340963119488559e-303 2.584340963119488559e-303 2.584340963119488559e-303
6.403164913259272453e+02 2.189324446906674615e-299 2.189324446906674615e-299 2.189324446906674615e-299
6.386672367519562385e+02 2.207854559263385948e-295 2.207854559263385948e-295 2.207854559263385948e-295
6.370264562770073553e+02 2.091603268321249732e-291 2.091603268321249732e-291 2.091603268321249732e-291
6.353940847567944274e+02 1.861421631788239375e-287 1.861421631788239375e-287 1.861421631788239375e-287
6.337700577130500506e+02 1.556204963930711749e-283 1.556204963930711749e-283 1.556204963930711749e-283
6.321543113250357919e+02 1.222208868948001043e-279 1.222208868948001043e-279 1.222208868948001043e-279
6.305467824211816605e+02 9.017385994438023478e-276 9.017385994438023478e-276 9.017385994438023478e-276
6.289474084708532473e+02 6.249891596497706113e-272 6.249891596497706113e-272 6.249891596497706113e-272
6.273561275762436935e+02 4.069311201052684756e-268 4.069311201052684756e-268 4.069311201052684756e-268
6.257728784643883273e+02 2.489005853387408263e-264 2.489005853387408263e-264 2.489005853387408263e-264
6.241976004792999220e+02 1.430169549188340594e-260 1.430169549188340594e-260 1.430169549188340594e-260
6.226302335742229843e+02 7.719794342637359315e-257 7.719794342637359315e-257 7.719794342637359315e-257
6.210707183040030941e+02 3.914538146147412187e-253 3.914538146147412187e-253 3.914538146147412187e-253
6.195189958175722040e+02 1.864712676138036782e-249 1.864712676138036782e-249 1.864712676138036782e-249
6.179750078505455804e+02 8.344492172790727951e-246 8.344492172790727951e-246 8.344492172790727951e-246
6.164386967179289059e+02 3.507878115628249068e-242 3.507878115628249068e-242 3.507878115628249068e-242
6.149100053069342948e+02 1.385305866145940831e-238 1.385305866145940831e-238 1.385305866145940831e-238
6.133888770699029465e+02 5.139293806304370689e-235 5.139293806304370689e-235 5.139293806304370689e-235
6.118752560173326174e+02 1.791091671463714448e-231 1.791091671463714448e-231 1.791091671463714448e-231
6.103690867110076397e+02 5.863930000181038038e-228 5.863930000181038038e-228 5.863930000181038038e-228
6.088703142572303477e+02 1.803500782650398878e-224 1.803500782650398878e-224 1.803500782650398878e-224
6.073788843001524356e+02 5.210753006611464316e-221 5.210753006611464316e-221 5.210753006611464316e-221
6.058947430152035167e+02 1.414299003372855398e-217 1.414299003372855398e-217 1.414299003372855398e-217
6.044178371026165451e+02 3.606106741351252248e-214 3.606106741351252248e-214 3.606106741351252248e-214
6.029481137810458904e+02 8.637588597944323758e-211 8.637588597944323758e-211 8.637588597944323758e-211
6.014855207812810249e+02 1.943582800917597454e-207 1.943582800917597454e-207 1.943582800917597454e-207
6.000300063400492263e+02 4.108375913069004843e-204 4.108375913069004843e-204 4.108375913069004843e-204
5.985815191939088891e+02 8.158191515907569114e-201 8.158191515907569114e-201 8.158191515907569114e-201
5.971400085732312846e+02 1.521858285636176115e-197 1.521858285636176115e-197 1.521858285636176115e-197
5.957054241962686092e+02 2.666926979345159375e-194 2.666926979345159375e-194 2.666926979345159375e-194
5.942777162633074113e+02 4.390405476636793889e-191 4.390405476636793889e-191 4.390405476636793889e-191
5.928568354509068286e+02 6.789764838991910114e-188 6.789764838991910114e-188 6.789764838991910114e-188
5.914427329062174294e+02 9.864190009038846631e-185 9.864190009038846631e-185 9.864190009038846631e-185
5.900353602413824774e+02 1.346246913174481057e-181 1.346246913174481057e-181 1.346246913174481057e-181
5.886346695280192307e+02 1.726015162866819592e-178 1.726015162866819592e-178 1.726015162866819592e-178
5.872406132917777768e+02 2.078840109717178547e-175 2.078840109717178547e-175 2.078840109717178547e-175
5.858531445069770598e+02 2.352091234901398555e-172 2.352091234901398555e-172 2.352091234901398555e-172
5.844722165913173058e+02 2.500022022038549725e-169 2.500022022038549725e-169 2.500022022038549725e-169
5.830977834006669127e+02 2.496261622370289258e-166 2.496261622370289258e-166 2.496261622370289258e-166
5.817297992239223277e+02 2.341493521184885892e-163 2.341493521184885892e-163 2.341493521184885892e-163
5.803682187779405695e+02 2.063252670288558135e-160 2.063252670288558135e-160 2.063252670288558135e-160
5.790129972025424649e+02 1.707923704243974244e-157 1.707923704243974244e-157 1.707923704243974244e-157
5.776640900555858025e+02 1.328131604264197449e-154 1.328131604264197449e-154 1.328131604264197449e-154
5.763214533081074933e+02 9.702202870256006114e-152 9.702202870256006114e-152 9.702202870256006114e-152
5.749850433395324671e+02 6.658190032799154380e-149 6.658190032799154380e-149 6.658190032799154380e-149
5.736548169329502116e+02 4.292384481787136968e-146 4.292384481787136968e-146 4.292384481787136968e-146
5.723307312704561127e+02 2.599546801725535882e-143 2.599546801725535882e-143 2.599546801725535882e-143
5.710127439285565742e+02 1.478949212153055953e-140 -1.400250454628956753e-140 4.358148878935068425e-140
5.697008128736392791e+02 7.904337487377454988e-138 -7.485210251082573255e-138 2.329388522583748085e-137
5.683948964575033642e+02 3.968572184912414976e-135 -3.758138776178760047e-135 1.169528314600358939e-134
5.670949534129528047e+02 1.871801057811579560e-132 -1.772548868683187349e-132 5.516150984306346469e-132
5.658009428494498252e+02 8.293573301754816308e-130 -7.853806851970698616e-130 2.444095345548032963e-129
5.645128242488264050e+02 3.452075467343751850e-127 -3.269029279961539703e-127 1.017318021464904299e-126
5.632305574610559233e+02 1.349818792845120076e-124 -1.278244696037441445e-124 3.977882281727681598e-124
5.619541027000811937e+02 4.958236682312662582e-122 -4.695326346365050509e-122 1.461179971099037406e-121
5.606834205396995685e+02 1.710943360060005490e-119 -1.620220645029999548e-119 5.042107365150010802e-119
5.594184719095039782e+02 5.546264870901467489e-117 -5.252174359719406184e-117 1.634470410152234187e-116
5.581592180908776299e+02 1.688970929440069905e-114 -1.599413301816347947e-114 4.977355160696487035e-114
5.569056207130439589e+02 4.831704190913916981e-112 -4.575503236134164584e-112 1.423891161796199947e-111
5.556576417491696702e+02 1.298479495402819600e-109 -1.229627663142518034e-109 3.826586653948157470e-109
5.544152435125188276e+02 3.278132088683247936e-107 -3.104309243196471936e-107 9.660573420562966598e-107
5.531783886526594642e+02 7.774534532199631754e-105 -7.362290095989434587e-105 2.291135916038869655e-104
5.519470401517208984e+02 1.732123842270506269e-102 -1.640278032872425248e-102 5.104525717413437785e-102
5.507211613207001619e+02 3.625267664494639817e-100 -3.433037966591646030e-100 1.068357329558092617e-99
5.495007157958186781e+02 7.127837824914692335e-98 -6.749884460200662593e-98 2.100556011003004726e-97
5.482856675349256648e+02 1.316534175648245708e-95 -1.246724994565623154e-95 3.879793345862115070e-95
5.470759808139509914e+02 2.284352177260611995e-93 -2.163224478680034433e-93 6.731928833201258848e-93
5.458716202234031698e+02 3.723493301233089194e-91 -3.526055192193666075e-91 1.097304179465984501e-90
5.446725506649152067e+02 5.701572996842415013e-89 -5.399247277423473956e-89 1.680239327110830259e-88
5.434787373478343397e+02 8.201539783677061399e-87 -7.766653408142476765e-87 2.416973297549660135e-86
5.422901457858571348e+02 1.108288170465179669e-84 -1.049521226913822187e-84 3.266097567844181753e-84
5.411067417937091477e+02 1.406910900376710534e-82 -1.332309496457083307e-82 4.146131297210504667e-82
5.399284914838669920e+02 1.677788008388834302e-80 -1.588823354783686200e-80 4.944399371561354804e-80
5.387553612633244029e+02 1.879594530271238572e-78 -1.779929092523661814e-78 5.539118153066139197e-78
5.375873178303985469e+02 1.978098227949420389e-76 -1.873209634893197728e-76 5.829406090792038506e-76
5.364243281715795320e+02 1.955636481070022893e-74 -1.851938921398523301e-74 5.763211883538569479e-74
5.352663595584203904e+02 1.816289202955985444e-72 -1.719980528093696048e-72 5.352558934005666181e-72
5.341133795444656016e+02 1.584668653793245955e-70 -1.500641650883018015e-70 4.669978958469510248e-70
5.329653559622221337e+02 1.298818685977792074e-68 -1.229948868148485689e-68 3.827586240104070248e-68
5.318222569201666374e+02 1.000034962875386497e-66 -9.470081420729758059e-67 2.947078067823749328e-66
5.306840507997927716e+02 7.233332591137545327e-65 -6.849785369936800756e-65 2.131645055221189141e-64
5.295507062526962727e+02 4.914940674751223534e-63 -4.654326108171327432e-63 1.448420745767377288e-62
5.284221921976959493e+02 3.137290399525307972e-61 -2.970935679943852534e-61 9.245516478994468823e-61
5.272984778179931027e+02 1.881255383752303376e-59 -1.781501879303876049e-59 5.544012646808482801e-59
5.261795325583665317e+02 1.059735263290621416e-57 -1.003542836034942316e-57 3.123013362616185289e-57
5.250653261224023254e+02 5.607943261861520372e-56 -5.310582256040519187e-56 1.652646877976356265e-55
5.239558284697599220e+02 2.787830922510950510e-54 -2.640006280130113990e-54 8.215668125152015010e-54
5.228510098134723876e+02 1.301924637943850104e-52 -1.232890127114368771e-52 3.836739403002068794e-52
5.217508406172802324e+02 5.711653533820197512e-51 -5.408793294261703240e-51 1.683210036190209826e-50
5.206552915930002428e+02 2.353934965827965338e-49 -2.229117642187018990e-49 6.936987573842949666e-49
5.195643336979252354e+02 9.113467717202950963e-48 -8.630226393180604931e-48 2.685716182758650686e-47
5.184779381322583731e+02 3.314587237740662709e-46 -3.138831359181892999e-46 9.768005834663218028e-46
5.173960763365786306e+02 1.132483395429849076e-44 -1.072433500875678659e-44 3.337400291735376562e-44
5.163187199893387742e+02 3.634886271410773845e-43 -3.442146547194513989e-43 1.071191909001606088e-42
5.152458410043927870e+02 1.095989532030717474e-41 -1.037874723375218103e-41 3.229853787436653179e-41
5.141774115285560356e+02 3.104406470884327761e-40 -2.939795420530560010e-40 9.148608362299215533e-40
5.131134039391945407e+02 8.260519272070238063e-39 -7.822505511115867674e-39 2.434354405525634380e-38
5.120537908418448296e+02 2.064869989677595957e-37 -1.955380326828135631e-37 6.085120306183327545e-37
5.109985450678624943e+02 4.848804464719888794e-36 -4.591696768487682379e-36 1.428930569792745863e-35
5.099476396721001379e+02 1.069629135925783544e-34 -1.012912086401141761e-34 3.152170358252709063e-34
5.089010479306140837e+02 2.216605326721320552e-33 -2.099069902647974005e-33 6.532280556090615793e-33
5.078587433383990515e+02 4.315191917911889415e-32 -4.086379009310024920e-32 1.271676284513380430e-31
5.068206996071505728e+02 7.891661592868293824e-31 -7.473206498143285160e-31 2.325652968387987281e-30
5.057868906630549191e+02 1.355792997948192539e-29 -1.283902119112632773e-29 3.995488115009017289e-29
5.047572906446058028e+02 2.188139038538267809e-28 -2.072113038453434504e-28 6.448391115529969675e-28
5.037318739004481358e+02 3.317516084183191213e-27 -3.141604903638493728e-27 9.776637072004875437e-27
5.027106149872477658e+02 4.725064645799128105e-26 -4.474518249368125544e-26 1.392464754096638118e-25
5.016934886675866210e+02 6.322066607143215894e-25 -5.986839234576010469e-25 1.863097244886244226e-24
5.006804699078841168e+02 7.946336910570062262e-24 -7.524982658928647018e-24 2.341765648006877154e-23
4.996715338763435739e+02 9.382778772235785308e-23 -8.885257238423268902e-23 2.765081478289483952e-22
4.986666559409226238e+02 1.040764747990603733e-21 -9.855782316782157842e-22 3.067107727659423439e-21
4.976658116673290237e+02 1.084501771267164100e-20 -1.026996100740870312e-20 3.195999643275198662e-20
4.966689768170401180e+02 1.061608904220780273e-19 -1.005317127207452706e-19 3.128534935649013133e-19
4.956761273453460603e+02 9.762373834040606149e-19 -9.244724284489732469e-19 2.876947195257094669e-18
4.946872393994166259e+02 8.433404101951538782e-18 -7.986223128345953910e-18 2.485303133224903455e-17
4.937022893163907611e+02 6.843952431329062417e-17 -6.481052079795150858e-17 2.016895694245327569e-16
4.927212536214893248e+02 5.217562363325442448e-16 -4.940901291120090430e-16 1.537602601777097434e-15
4.917441090261498857e+02 3.736671416950788899e-15 -3.538534537933830805e-15 1.101187737183540939e-14
4.907708324261844837e+02 2.513962332051330770e-14 -2.380659561552231737e-14 7.408584225654893278e-14
4.898014008999577413e+02 1.588873117732191220e-13 -1.504623171982017722e-13 4.682369407446399657e-13
4.888357917065881679e+02 9.433574059567431151e-13 -8.933359092866789509e-13 2.780050721200165383e-12
4.878739822841695286e+02 5.261625145377277008e-12 -4.982627630835250298e-12 1.550587792158980351e-11
4.869159502480137007e+02 2.756894459379881727e-11 -2.610710206569489917e-11 8.124499125329252725e-11
4.859616733889143916e+02 1.356991015320293854e-10 -1.285036597240353208e-10 3.999018627880941433e-10
4.850111296714302398e+02 6.274662913408533847e-10 -5.941948993110676375e-10 1.849127481992774407e-09
4.840642972321891762e+02 2.725589351907909137e-09 -2.581064961581836869e-09 8.032243665397653903e-09
4.831211543782123954e+02 1.112210642870906118e-08 -1.053235628555908156e-08 3.277656914297720393e-08
4.821816795852568589e+02 4.263539303845591833e-08 -4.037464675774001993e-08 1.256454328346518566e-07
4.812458514961785454e+02 1.535359579826412102e-07 -1.453946778740480628e-07 4.524665938393304568e-07
4.803136489193137209e+02 5.194055128722904530e-07 -4.918637882603734165e-07 1.530674814004954217e-06
4.793850508268792510e+02 1.650667682239856231e-06 -1.563139480983176314e-06 4.864474845462888988e-06
4.784600363533920131e+02 4.927985561042764691e-06 -4.666670173775190839e-06 1.452264129586071853e-05
4.775385847941053044e+02 1.382088873246818591e-05 -1.308798783541793867e-05 4.072976530035431387e-05
4.766206756034644627e+02 3.641324935295032106e-05 -3.448219331048760515e-05 1.073086920163882405e-04
4.757062883935799960e+02 9.012392869125103467e-05 -8.534395601060993579e-05 2.655918133931120051e-04
4.747954029327175363e+02 2.095456132282936385e-04 -1.984293484733148677e-04 6.175205749299020634e-04
4.738879991438061552e+02 4.576946980394219181e-04 -4.334041554736943296e-04 1.348793551552538057e-03
4.729840571029631633e+02 9.391480966164266657e-04 -8.892665135647650348e-04 2.767562706797618583e-03
4.720835570380355080e+02 1.810327174212427066e-03 -1.714028653585601908e-03 5.334683002010455824e-03
4.711864793271587928e+02 3.278326965682248385e-03 -3.103437773487935716e-03 9.660091704852432487e-03
4.702928044973314172e+02 5.577425914614143540e-03 -5.278259454922819456e-03 1.643311128415110567e-02
4.694025132230059967e+02 8.915149799691199362e-03 -8.431997786810391249e-03 2.626229738619278997e-02
4.685155863246958461e+02 1.339023127749669473e-02 -1.265038852860276425e-02 3.943085108359615371e-02
4.676320047675984029e+02 1.890208638647284181e-02 -1.781966930443759992e-02 5.562384207738328701e-02
4.667517496602327469e+02 2.508875667549904584e-02 -2.355625638422368870e-02 7.373376973522177691e-02
4.658748022530934918e+02 3.133629577264224197e-02 -2.919593256973039563e-02 9.186852411501487958e-02
4.650011439373197959e+02 3.688732608656081907e-02 -3.386800209997492539e-02 1.076426542730965635e-01
4.641307562433785279e+02 4.103939869570109866e-02 -3.665126642599698947e-02 1.187300638173991729e-01
4.632636208397634050e+02 4.337811331372819212e-02 -3.678092991019447922e-02 1.235371565376508773e-01
4.623997195317074329e+02 4.395846445343826875e-02 -3.387667133536059055e-02 1.217936002422371350e-01
4.615390342599106930e+02 4.335067096199858583e-02 -2.821914570372413555e-02 1.149204876277212933e-01
4.606815470992817154e+02 4.250861181566702174e-02 -2.119885117031544350e-02 1.062160748016494904e-01
4.598272402576931768e+02 4.248516807162433517e-02 -1.588338450797832299e-02 1.008537206512269829e-01
4.589760960747511263e+02 4.408202650751939095e-02 -1.617153871994377046e-02 1.043355917349825523e-01
4.581280970205784797e+02 4.755537500625707514e-02 -2.294351612705854485e-02 1.180542661395726917e-01
4.572832256946109624e+02 5.248881109572644393e-02 -3.309149718173997473e-02 1.380691193731928557e-01
4.564414648244073760e+02 5.789239950328035206e-02 -4.303380102504267279e-02 1.588186000316033630e-01
4.556027972644723150e+02 6.250901360577924837e-02 -5.032205982162680363e-02 1.753400870331852934e-01
4.547672059950920698e+02 6.523338003379718086e-02 -5.351578808276154231e-02 1.839825481503559179e-01
4.539346741211834910e+02 6.550564766006565509e-02 -5.196771165921346136e-02 1.829790069793447715e-01
4.531051848711548473e+02 6.355022311333034801e-02 -4.573707444171553477e-02 1.728375206683762100e-01
4.522787215957799845e+02 6.039086351420249604e-02 -3.554916681754675956e-02 1.563308938459517516e-01
4.514552677670843650e+02 5.765873106699210410e-02 -2.287268815784443757e-02 1.381901502918286562e-01
4.506348069772429312e+02 5.728207619270164058e-02 -1.031543679726180419e-02 1.248795891826650906e-01
4.498173229374907010e+02 6.117269761485117502e-02 -1.719314585744074119e-03 1.240647098154464278e-01
4.490027994770446753e+02 7.099824594921715082e-02 8.729548499850521819e-04 1.411235370484492380e-01
4.481912205420372857e+02 8.807060478056936981e-02 3.532786348544124768e-04 1.757879309262843359e-01
4.473825701944623461e+02 1.133224442807555937e-01 6.878093485475834283e-04 2.259570792129635963e-01
4.465768326111308966e+02 1.473141092342668268e-01 3.875440854085489360e-03 2.907527776144481768e-01
4.457739920826397224e+02 1.902185537380463864e-01 1.051610695998512340e-02 3.699210005161076564e-01
4.449740330123500485e+02 2.417586559916702071e-01 2.060381656856786342e-02 4.629134954147725578e-01
4.441769399153778295e+02 3.010954824076032543e-01 3.337433162112413837e-02 5.688166331940822662e-01
4.433826974175943860e+02 3.666757028138361019e-01 4.645721274281196939e-02 6.868941928848601997e-01
4.425912902546381247e+02 4.360537225638156378e-01 5.543097227413845696e-02 8.166764728534928741e-01
4.418027032709363766e+02 5.057367004104621477e-01 5.507925633254982106e-02 9.563941444883743426e-01
4.410169214187383773e+02 5.711682960389400376e-01 4.229581253727100754e-02 1.100040779540609082e+00
4.402339297571576253e+02 6.270307653184314933e-01 1.861208015073530925e-02 1.235449450486127754e+00
4.394537134512251555e+02 6.680250070878497315e-01 -9.613109080101210277e-03 1.345663123255800731e+00
4.386762577709528159e+02 6.901231315847961012e-01 -3.327553950849224118e-02 1.413521802678084471e+00
4.379015480904059814e+02 6.920088467490492778e-01 -4.349094373951453013e-02 1.427508637237612898e+00
4.371295698867863848e+02 6.761695712450717100e-01 -3.421332725838963779e-02 1.386552469748532967e+00
4.363603087395247826e+02 6.490619257239967910e-01 -4.013064399586711156e-03 1.302136915847580179e+00
4.355937503293831128e+02 6.200334899410460121e-01 4.281943315621530161e-02 1.197247546725876743e+00
4.348298804375655209e+02 5.991691058652862667e-01 9.572814992558575931e-02 1.102610061804986774e+00
4.340686849448398448e+02 5.947119937441167625e-01 1.398730545164745265e-01 1.049550932971759165e+00
4.333101498306672283e+02 6.109408005772407613e-01 1.650836928077683841e-01 1.056797908346713166e+00
4.325542611723413984e+02 6.472400350089718701e-01 1.758653610813210588e-01 1.118614708936622737e+00
4.318010051441368660e+02 6.986505042951169919e-01 1.853595489680647246e-01 1.211941459622169148e+00
4.310503680164660523e+02 7.576399537361061531e-01 2.022428989505269947e-01 1.313037008521685367e+00
4.303023361550448840e+02 8.164290400353563237e-01 2.274876193616237052e-01 1.405370460709088887e+00
4.295568960200677111e+02 8.690912280479559104e-01 2.576714287972774464e-01 1.480511027298634374e+00
4.288140341653897849e+02 9.128218393551500442e-01 2.884979878756674387e-01 1.537145690834632594e+00
4.280737372377193424e+02 9.481254259675614415e-01 3.168383838937763874e-01 1.579412468041346607e+00
4.273359919758171372e+02 9.780365580591329211e-01 3.418067332863259922e-01 1.614266382831939906e+00
4.266007852097046680e+02 1.006733140708113705e+00 3.653361796087067348e-01 1.648130101807520509e+00
4.258681038598805344e+02 1.037977072536707679e+00 3.915174682929914995e-01 1.684436676780423747e+00
4.251379349365448093e+02 1.073771674553659849e+00 4.239038452886577657e-01 1.723639503818662044e+00
4.244102655388312542e+02 1.113549154310924827e+00 4.621631205407374932e-01 1.764935188081112161e+00
4.236850828540477210e+02 1.154145711517180928e+00 5.012078126459302840e-01 1.807083610388431572e+00
4.229623741569238291e+02 1.190745623574937850e+00 5.344723211995012768e-01 1.847018925950374424e+00
4.222421268088671127e+02 1.218778337777933762e+00 5.590838736457528491e-01 1.878472801910114676e+00
4.215243282572257044e+02 1.236388489759209897e+00 5.783609880294753314e-01 1.894415991488944462e+00
4.208089660345594325e+02 1.246681438371939565e+00 5.995206710912803771e-01 1.893842205652598754e+00
4.200960277579179092e+02 1.258732915679481978e+00 6.283085266816246239e-01 1.889157304677339555e+00
4.193855011281260659e+02 1.286577931312319789e+00 6.637864678246608863e-01 1.909369394799978359e+00
4.186773739290767935e+02 1.346079109051071754e+00 6.987050386948326919e-01 1.993453179407310927e+00
4.179716340270309161e+02 1.450445101115783730e+00 7.303195239371287339e-01 2.170570678294438949e+00
4.172682693699242691e+02 1.605797862216797878e+00 7.696999246846509823e-01 2.441895799748944551e+00
4.165672679866810881e+02 1.808251479428836461e+00 8.333966034053125194e-01 2.783106355452360514e+00
4.158686179865357531e+02 2.043446760328593292e+00 9.293334781545955492e-01 3.157560042502590925e+00
4.151723075583595346e+02 2.288664520903446409e+00 1.051325551855727847e+00 3.526003489951165193e+00
4.144783249699956400e+02 2.516898752617410473e+00 1.181731696700396350e+00 3.852065808534424818e+00
4.137866585676000000e+02 2.701861105105195282e+00 1.298479778868245393e+00 4.105242431342144727e+00
4.130972967749889335e+02 2.822829502424705872e+00 1.383239265023461284e+00 4.262419739825950238e+00
4.124102280929935205e+02 2.868408860938683080e+00 1.427226965100183431e+00 4.309590756777182285e+00
4.117254410988201130e+02 2.838511256063438459e+00 1.432132597693854148e+00 4.244889914433023215e+00
4.110429244454169293e+02 2.744164860387841909e+00 1.406553352980226768e+00 4.081776367795456828e+00
4.103626668608480372e+02 2.605169891458523512e+00 1.360877251224143825e+00 3.849462531692902978e+00
4.096846571476721692e+02 2.446121687711384940e+00 1.303835212489849349e+00 3.588408162932920309e+00
4.090088841823286430e+02 2.291772665580913415e+00 1.242310131599995593e+00 3.341235199561831237e+00
4.083353369145289093e+02 2.162897410216173988e+00 1.183584534710533598e+00 3.142210285721814156e+00
4.076640043666542965e+02 2.073631892537931787e+00 1.137109147367855844e+00 3.010154637708007730e+00
4.069948756331596655e+02 2.030736497507675598e+00 1.113319685308811202e+00 2.948153309706540437e+00
4.063279398799828073e+02 2.034596564598713631e+00 1.120575038964041870e+00 2.948618090233385391e+00
4.056631863439596941e+02 2.081267619188506224e+00 1.162889344909429301e+00 2.999645893467583146e+00
4.050006043322455298e+02 2.164656413721563588e+00 1.238648726935326794e+00 3.090664100507800160e+00
4.043401832217413130e+02 2.278047901184835133e+00 1.339232011463236116e+00 3.216863790906434595e+00
4.036819124585263694e+02 2.414593974524247955e+00 1.448671600061743447e+00 3.380516348986752018e+00
4.030257815572957725e+02 2.566944678192053075e+00 1.547706659398570217e+00 3.586182696985535490e+00
4.023717801008039032e+02 2.726709600135339251e+00 1.622915993726862238e+00 3.830503206543816042e+00
4.017198977393130690e+02 2.884610482511424934e+00 1.674267952759648459e+00 4.094953012263202297e+00
4.010701241900472951e+02 3.031827318929256609e+00 1.714007834544063025e+00 4.349646803314450416e+00
4.004224492366523123e+02 3.162223173522427988e+00 1.758928821631541739e+00 4.565517525413314459e+00
3.997768627286592391e+02 3.274287541262581591e+00 1.821880076807459670e+00 4.726695005717703957e+00
3.991333545809550287e+02 3.371366951061462558e+00 1.905475451696918565e+00 4.837258450426006107e+00
3.984919147732568945e+02 3.459421330784057336e+00 1.999827332225942333e+00 4.919015329342172116e+00
3.978525333495923064e+02 3.542930813391151457e+00 2.086789587141831159e+00 4.999072039640471310e+00
3.972152004177840467e+02 3.620886245799034064e+00 2.150355114641775423e+00 5.091417376956292706e+00
3.965799061489398127e+02 3.685137293122480617e+00 2.185401576470171303e+00 5.184873009774789487e+00
3.959466407769470493e+02 3.722384145264653110e+00 2.196481834368122943e+00 5.248286456161183722e+00
3.953153945979727268e+02 3.719262296957508429e+00 2.190179979684260925e+00 5.248344614230756378e+00
3.946861579699671552e+02 3.668336571614994490e+00 2.170173511404235533e+00 5.166499631825753447e+00
3.940589213121735952e+02 3.572337285029588028e+00 2.137433070307264593e+00 5.007241499751911462e+00
3.934336751046416794e+02 3.444873963416164031e+00 2.092612222773173603e+00 4.797135704059154904e+00
3.928104098877458341e+02 3.307559888204596454e+00 2.037936992436278238e+00 4.577182783972914670e+00
3.921891162617082500e+02 3.184984700384459355e+00 1.977700803728408285e+00 4.392268597040510869e+00
3.915697848861264561e+02 3.099536694469821718e+00 1.917786637141360107e+00 4.281286751798282886e+00
3.909524064795047593e+02 3.067612508171364993e+00 1.865588970312767936e+00 4.269636046029962273e+00
3.903369718187914827e+02 3.097769523575521156e+00 1.831147174703514180e+00 4.364391872447527909e+00
3.897234717389185334e+02 3.190554834120780114e+00 1.827645454472732967e+00 4.553464213768826596e+00
3.891118971323476217e+02 3.339468396135989892e+00 1.868899220484562917e+00 4.810037571787417754e+00
3.885022389486185261e+02 3.532691034316630230e+00 1.964632198551641062e+00 5.100749870081619619e+00
3.878944881939034417e+02 3.755433306102158753e+00 2.116177332895219365e+00 5.394689279309097252e+00
3.872886359305642259e+02 3.992708458172087749e+00 2.314139368433844268e+00 5.671277547910330341e+00
3.866846732767144204e+02 4.232006122796243552e+00 2.538282013580432928e+00 5.925730232012053733e+00
3.860825914057853083e+02 4.465060098339638905e+00 2.760159370000061951e+00 6.169960826679216304e+00
3.854823815460958940e+02 4.688016653296076086e+00 2.950277126003769457e+00 6.425756180588382271e+00
3.848840349804267476e+02 4.899901775903821921e+00 3.089764485471834021e+00 6.710039066335810709e+00
3.842875430455980563e+02 5.100074803692013603e+00 3.178763442097516823e+00 7.021386165286510384e+00
3.836928971320518826e+02 5.285887435844077942e+00 3.231668915691410682e+00 7.340105955996744314e+00
3.831000886834372068e+02 5.451734309442882065e+00 3.263104944263118146e+00 7.640363674622644652e+00
3.825091091962001997e+02 5.590115920697677154e+00 3.278943922605886740e+00 7.901287918789467568e+00
3.819199502191773377e+02 5.694533250482693987e+00 3.280033007679878043e+00 8.109033493285510374e+00
3.813326033531924963e+02 5.763319472343791716e+00 3.273800706473150246e+00 8.252838238214431854e+00
3.807470602506579667e+02 5.803068320753586917e+00 3.281829173065086813e+00 8.324307468442087909e+00
3.801633126151789384e+02 5.830204983247655015e+00 3.334999082020782879e+00 8.325410884474525375e+00
3.795813522011615646e+02 5.869531095968621770e+00 3.458416974064999039e+00 8.280645217872244501e+00
3.790011708134248920e+02 5.949342180764247701e+00 3.655506730320101649e+00 8.243177631208393308e+00
3.784227603068160306e+02 6.093899986405525659e+00 3.901469583036086597e+00 8.286330389774965610e+00
3.778461125858290757e+02 6.315278243360393340e+00 4.154534247001632430e+00 8.476022239719155138e+00
3.772712196042273263e+02 6.607297711985890665e+00 4.382304694337577189e+00 8.832290729634204141e+00
3.766980733646691419e+02 6.943943582503767864e+00 4.577651562246655814e+00 9.310235602760878137e+00
3.761266659183369825e+02 7.283295460943511657e+00 4.746967236541579815e+00 9.819623685345444386e+00
3.755569893645701995e+02 7.576121073972455378e+00 4.892278624651434704e+00 1.025996352329347516e+01
3.749890358505003860e+02 7.776691120450707650e+00 5.006439240269139113e+00 1.054694300063227530e+01
3.744227975706912162e+02 7.852718604049075957e+00 5.076873488861138206e+00 1.062856371923701282e+01
3.738582667667803321e+02 7.791806613140643378e+00 5.090248974761798273e+00 1.049336425151948760e+01
3.732954357271252093e+02 7.603096435977385603e+00 5.036931449989467069e+00 1.016926142196530414e+01
3.727342967864519210e+02 7.314334375912403985e+00 4.916563855696815644e+00 9.712104896127991438e+00
3.721748423255074272e+02 6.965725020851456506e+00 4.743523252390228429e+00 9.187926789312683695e+00
3.716170647707142507e+02 6.602399179119730732e+00 4.547107801936809857e+00 8.657690556302650720e+00
3.710609565938291894e+02 6.267164062719752238e+00 4.362220024039171307e+00 8.172108101400331392e+00
3.705065103116044156e+02 5.994740086708199911e+00 4.214500931650909443e+00 7.774979241765490379e+00
3.699537184854515885e+02 5.808224633686413618e+00 4.111350125931712896e+00 7.505099141441114341e+00
3.694025737211096612e+02 5.718135916052499823e+00 4.047379619266167516e+00 7.388892212838832130e+00
3.688530686683148474e+02 5.723953282004943688e+00 4.019275882153729995e+00 7.428630681856157381e+00
3.683051960204739430e+02 5.817482408980803044e+00 4.033327925955195958e+00 7.601636892006411017e+00
3.677589485143404886e+02 5.986781601411675702e+00 4.098390323939753443e+00 7.875172878883597960e+00
3.672143189296937749e+02 6.219168763535412481e+00 4.215510817599883886e+00 8.222826709470941964e+00
3.666713000890208605e+02 6.502308674375948172e+00 4.375312988906767231e+00 8.629304359845129113e+00
3.661298848572010911e+02 6.823470647431342684e+00 4.563907574882811957e+00 9.083033719979873410e+00
3.655900661411935744e+02 7.168168171249964971e+00 4.771285825229943711e+00 9.565050517269986230e+00
3.650518368897277242e+02 7.519800609646718037e+00 4.994229276272902140e+00 1.004537194302053393e+01
3.645151900929957378e+02 7.861257241892992909e+00 5.230837481310997461e+00 1.049167700247498836e+01
3.639801187823488249e+02 8.178094241755534455e+00 5.472112505638990321e+00 1.088407597787207770e+01
3.634466160299950843e+02 8.461764373037141240e+00 5.699299394052880885e+00 1.122422935202140337e+01
3.629146749487007924e+02 8.711244180224943179e+00 5.892036230615199877e+00 1.153045212983468737e+01
3.623842886914939641e+02 8.932305888042183284e+00 6.043492545123974047e+00 1.182111923096039341e+01
3.618554504513707570e+02 9.134910000966909749e+00 6.169077367409109058e+00 1.210074263452471044e+01
3.613281534610037511e+02 9.329893417956714785e+00 6.297844409120027187e+00 1.236194242679340327e+01
3.608023909924539225e+02 9.525994645512392722e+00 6.452671409082544329e+00 1.259931788194223934e+01
3.602781563568839829e+02 9.727707525683026546e+00 6.636072597230304737e+00 1.281934245413574835e+01
3.597554429042751281e+02 9.934125164208056802e+00 6.832441445740363939e+00 1.303580888267574878e+01
3.592342440231453793e+02 1.013903816747421871e+01 7.023768446175299829e+00 1.325430788877313937e+01
3.587145531402713345e+02 1.033270299535066172e+01 7.204413478604036136e+00 1.346099251209728820e+01
3.581963637204115116e+02 1.050536968961063877e+01 7.381645935207402864e+00 1.362909344401387379e+01
3.576796692660325334e+02 1.065178264983945056e+01 7.563853498651176288e+00 1.373971180102772216e+01
3.571644633170374732e+02 1.077498887566579100e+01 7.749513033939345874e+00 1.380046471739223435e+01
3.566507394504966442e+02 1.088763643529188663e+01 7.926560431354906733e+00 1.384871243922886741e+01
3.561384912803807765e+02 1.100982092656822431e+01 8.082615916445654136e+00 1.393702593669079270e+01
3.556277124572962975e+02 1.116403906647184385e+01 8.218479300134857723e+00 1.410959883280882998e+01
3.551183966682229425e+02 1.136911205188952501e+01 8.353096319118810342e+00 1.438512778466023789e+01
3.546105376362539232e+02 1.163535330580753779e+01 8.514910824102807752e+00 1.475579578751226606e+01
3.541041291203377455e+02 1.196261890423680363e+01 8.727651633066912495e+00 1.519758617540669476e+01
3.535991649150226976e+02 1.234159694684555397e+01 9.000827689390410669e+00 1.568236620430069905e+01
3.530956388502034997e+02 1.275743123202258467e+01 9.327719146147478213e+00 1.618714331789768934e+01
3.525935447908697142e+02 1.319408416225035907e+01 9.689721884197135537e+00 1.669844644030358083e+01
3.520928766368569995e+02 1.363789875471941215e+01 1.006566053032802799e+01 1.721013697911079632e+01
3.515936283225994998e+02 1.407939599837758315e+01 1.044201243908575805e+01 1.771677955766940826e+01
3.510957938168853616e+02 1.451302051350652000e+01 1.081670789064381921e+01 1.820933313636922080e+01
3.505993671226136144e+02 1.493501322183172952e+01 1.119227293538845736e+01 1.867775350827499992e+01
3.501043422765536661e+02 1.533984877464209085e+01 1.156276346373439345e+01 1.911693408554979001e+01
3.496107133491059358e+02 1.571598032431957392e+01 1.190424689480557241e+01 1.952771375383357366e+01
3.491184744440658392e+02 1.604216706513068758e+01 1.217642102994357600e+01 1.990791310031779560e+01
3.486276196983884006e+02 1.628622027164323782e+01 1.233579419729456816e+01 2.023664634599190393e+01
3.481381432819559336e+02 1.640801822200904780e+01 1.235224737791031657e+01 2.046378906610777548e+01
3.476500393973467453e+02 1.636758439705146984e+01 1.221797154864632162e+01 2.051719724545662160e+01
3.471633022796067394e+02 1.613696762503284177e+01 1.194566751631775503e+01 2.032826773374792850e+01
3.466779261960220992e+02 1.571247382968930140e+01 1.156204996364097859e+01 1.986289769573762243e+01
3.461939054458943019e+02 1.512272302122319090e+01 1.110284976431477943e+01 1.914259627813160236e+01
3.457112343603170643e+02 1.442886249440126178e+01 1.061050361663136954e+01 1.824722137217115758e+01
3.452299073019550519e+02 1.371584707611780374e+01 1.013244393703473634e+01 1.729925021520087114e+01
3.447499186648240084e+02 1.307683262901952936e+01 9.717577418131353895e+00 1.643608783990770661e+01
3.442712628740735568e+02 1.259500487335339436e+01 9.410102378833762771e+00 1.577990736787302595e+01
3.437939343857712515e+02 1.232772768147483156e+01 9.242137217929423443e+00 1.541331814502023967e+01
3.433179276866884493e+02 1.229680085517222210e+01 9.227676606100123635e+00 1.536592510424432056e+01
3.428432372940880555e+02 1.248659169823863557e+01 9.359090185495842817e+00 1.561409321098142833e+01
3.423698577555140332e+02 1.284970965798659215e+01 9.606652350366886139e+00 1.609276696560629816e+01
3.418977836485827311e+02 1.331832451501286130e+01 9.923159379368723165e+00 1.671348965065699943e+01
3.414270095807756320e+02 1.381840753384307163e+01 1.025528672380182726e+01 1.738152834388431600e+01
3.409575301892344328e+02 1.428403975457569963e+01 1.055888957531402994e+01 1.800918993383736932e+01
3.404893401405568625e+02 1.466926759999883956e+01 1.081154771120278113e+01 1.852698748879489798e+01
3.400224341305951157e+02 1.495554446198828202e+01 1.101652586118515487e+01 1.889456306279141273e+01
3.395568068842554226e+02 1.515342120567320983e+01 1.119675819929535976e+01 1.911008421205105989e+01
3.390924531552993244e+02 1.529787178466808051e+01 1.138146798501444401e+01 1.921427558432171878e+01
3.386293677261467110e+02 1.543764486592250407e+01 1.159008102723155886e+01 1.928520870461344927e+01
3.381675454076803931e+02 1.562042201192122093e+01 1.181987737167171915e+01 1.942096665217072271e+01
3.377069810390523230e+02 1.587708775178038678e+01 1.204533003068106467e+01 1.970884547287970534e+01
3.372476694874912369e+02 1.620942231413444645e+01 1.223176114998067909e+01 2.018708347828821559e+01
3.367896056481121718e+02 1.658527546340195258e+01 1.235102095902302999e+01 2.081952996778087339e+01
3.363327844437270642e+02 1.694347041237733009e+01 1.238377775399766101e+01 2.150316307075699740e+01
3.358772008246573364e+02 1.720778267873568979e+01 1.231352552350395335e+01 2.210203983396742444e+01
3.354228497685479624e+02 1.730639539880025524e+01 1.212752573468878481e+01 2.248526506291172566e+01
3.349697262801825559e+02 1.719134287259642591e+01 1.182666818248348584e+01 2.255601756270936775e+01
3.345178253913005619e+02 1.685223158900141271e+01 1.143445534087752868e+01 2.227000783712529852e+01
3.340671421604158127e+02 1.631997797406420148e+01 1.099537652084882211e+01 2.164457942727958084e+01
3.336176716726359928e+02 1.565903145483289194e+01 1.055974255576596121e+01 2.075832035389982266e+01
3.331694090394842647e+02 1.494996857638850862e+01 1.016085708211499039e+01 1.973908007066202686e+01
3.327223493987220309e+02 1.426762709782521732e+01 9.798392540633713566e+00 1.873686165501672107e+01
3.322764879141730603e+02 1.366197253411149681e+01 9.444717932898228696e+00 1.787922713532476493e+01
3.318318197755491497e+02 1.314850489900720731e+01 9.077396093635705654e+00 1.721961370437870897e+01
3.313883401982770351e+02 1.271177156957207011e+01 8.708528495140077652e+00 1.671501464400406078e+01
3.309460444233269527e+02 1.232038158665526950e+01 8.377079185031837127e+00 1.626368398827870010e+01
3.305049277170421078e+02 1.194704311997572077e+01 8.118386562162552167e+00 1.577569967778888582e+01
3.300649853709703621e+02 1.158501378749003585e+01 7.945604808872018587e+00 1.522442276610805223e+01
3.296262127016959766e+02 1.125414662987865633e+01 7.850016413663593262e+00 1.465827684609371850e+01
3.291886050506740276e+02 1.099453284559910671e+01 7.810897829306072460e+00 1.417816786189214007e+01
3.287521577840651048e+02 1.085110062202459247e+01 7.809366096371611832e+00 1.389283514767757310e+01
3.283168662925722288e+02 1.085586370245930787e+01 7.840161138734597301e+00 1.387156626618401845e+01
3.278827259912779937e+02 1.101462959017020893e+01 7.908754789785213291e+00 1.412050439055520457e+01
3.274497323194840419e+02 1.130246841713033312e+01 8.014125175960122860e+00 1.459081165830054161e+01
3.270178807405512202e+02 1.166874477092060935e+01 8.139535420169654145e+00 1.519795412167156634e+01
3.265871667417411572e+02 1.204952868828419632e+01 8.261470613168901522e+00 1.583758676339949112e+01
3.261575858340589775e+02 1.238340610131504782e+01 8.362078943136150855e+00 1.640473325949394479e+01
3.257291335520974940e+02 1.262608873733557679e+01 8.431145445849912434e+00 1.682103202882123938e+01
3.253018054538823094e+02 1.275962459258350101e+01 8.458010761214410422e+00 1.706123842395259160e+01
3.248755971207186235e+02 1.279344580296298162e+01 8.422064687169642738e+00 1.716482691875631872e+01
3.244505041570384378e+02 1.275692601123103209e+01 8.292197271316267049e+00 1.722165475114579891e+01
3.240265221902499206e+02 1.268604620167990937e+01 8.042885849446268054e+00 1.732920655391355069e+01
3.236036468705872267e+02 1.260910904569868940e+01 7.680151871038600753e+00 1.753806622035877893e+01
3.231818738709618515e+02 1.253701136529910976e+01 7.252678517496550903e+00 1.782134421310166772e+01
3.227611988868148956e+02 1.246182767897593813e+01 6.835068972080096117e+00 1.808858638587178191e+01
3.223416176359708061e+02 1.236393476659551816e+01 6.499611002379807267e+00 1.822825853081122816e+01
3.219231258584919146e+02 1.222415231952819603e+01 6.294771277562808187e+00 1.815353336149358299e+01
3.215057193165345097e+02 1.203517153383016947e+01 6.233503612135629979e+00 1.783683945552471073e+01
3.210893937942054777e+02 1.180699941283868348e+01 6.289654063334153555e+00 1.732434476234321252e+01
3.206741450974204781e+02 1.156407230693033128e+01 6.405054422633106981e+00 1.672309019122755558e+01
3.202599690537632569e+02 1.133564691881942466e+01 6.512749770069718558e+00 1.615854406756913164e+01
3.198468615123457539e+02 1.114410070501482686e+01 6.572816497080017584e+00 1.571538491294963436e+01
3.194348183436694057e+02 1.099643323168599984e+01 6.594741746504510616e+00 1.539812471686749085e+01
3.190238354394876410e+02 1.088240752036500325e+01 6.619237796692106990e+00 1.514557724403790040e+01
3.186139087126692857e+02 1.077955124937224340e+01 6.675951748581653966e+00 1.488315075016283373e+01
3.182050340970630486e+02 1.066235843534677130e+01 6.757003065151500287e+00 1.456771380554204320e+01
3.177972075473632572e+02 1.051177762849581043e+01 6.818711279564610095e+00 1.420484397742700722e+01
3.173904250389762183e+02 1.032169113977342434e+01 6.801402862773305635e+00 1.384197941677354393e+01
3.169846825678878304e+02 1.010085898509445279e+01 6.660015023570721837e+00 1.354170294661818552e+01
3.165799761505325023e+02 9.870615047336654513e+00 6.397219004256145425e+00 1.334401109041716360e+01
3.161763018236624703e+02 9.659646724868048651e+00 6.073772925516091270e+00 1.324552052422000514e+01
3.157736556442184792e+02 9.497314928046575844e+00 5.778875473743598334e+00 1.321575438234955335e+01
3.153720336892016007e+02 9.406623608428560601e+00 5.583598453748418677e+00 1.322964876310870075e+01
3.149714320555455060e+02 9.397743530662323153e+00 5.510335860349800718e+00 1.328515120097484470e+01
3.145718468599903872e+02 9.463226080539515195e+00 5.530900566152229914e+00 1.339555159492680048e+01
3.141732742389571627e+02 9.576433531287211309e+00 5.590273078071332336e+00 1.356259398450308851e+01
3.137757103484231607e+02 9.694620200850035729e+00 5.639853376613595870e+00 1.374938702508647559e+01
3.133791513637983144e+02 9.767055780499491746e+00 5.656279146996505247e+00 1.387783241400248002e+01
3.129835934798029484e+02 9.746772834061733448e+00 5.636831070171274050e+00 1.385671459795219285e+01
3.125890329103455656e+02 9.602798829418963678e+00 5.585270418064553155e+00 1.362032724077337420e+01
3.121954658884023388e+02 9.329106380022825107e+00 5.503139945346242179e+00 1.315507281469940715e+01
3.118028886658970578e+02 8.947460537692920823e+00 5.388879428703186925e+00 1.250604164668265383e+01
3.114112975135824968e+02 8.503459893476263076e+00 5.240522917019088567e+00 1.176639686993343581e+01
3.110206887209217825e+02 8.057322389466884616e+00 5.059471298705230602e+00 1.105517348022853774e+01
3.106310585959716946e+02 7.672317088372938798e+00 4.856293064655083036e+00 1.048834111209079367e+01
3.102424034652660225e+02 7.403735012598716025e+00 4.657292253320176378e+00 1.015017777187725656e+01
3.098547196737003446e+02 7.290245643818919596e+00 4.502118256367934279e+00 1.007837303126990314e+01
3.094680035844172039e+02 7.348222347593945436e+00 4.426242224132581171e+00 1.027020247105531148e+01
3.090822515786928761e+02 7.568926686206430610e+00 4.442601585356889871e+00 1.069525178705597135e+01
3.086974600558234556e+02 7.918581583821876713e+00 4.539944201359482179e+00 1.129721896628427125e+01
3.083136254330142378e+02 8.341911002645431950e+00 4.695227938969885884e+00 1.198859406632097802e+01
3.079307441452673970e+02 8.769849476126376331e+00 4.885257176827429326e+00 1.265444177542532422e+01
3.075488126452720508e+02 9.131208155140750904e+00 5.089645439953526918e+00 1.317277087032797311e+01
3.071678274032946661e+02 9.366278501496958953e+00 5.288316207239918576e+00 1.344424079575399844e+01
3.067877849070703178e+02 9.438662985057989729e+00 5.459159099392939751e+00 1.341816687072303971e+01
3.064086816616949704e+02 9.341317507927005437e+00 5.577574148221189354e+00 1.310506086763282063e+01
3.060305141895177030e+02 9.094511506015928504e+00 5.617017591494946060e+00 1.257200542053690917e+01
3.056532790300353213e+02 8.736576384643537807e+00 5.551323874034322259e+00 1.192182889525275336e+01
3.052769727397857196e+02 8.311333583700703187e+00 5.363024267831527858e+00 1.125964289956987585e+01
3.049015918922441415e+02 7.857310601153735696e+00 5.058895371012542164e+00 1.065572583129493012e+01
3.045271330777185312e+02 7.402567819411160599e+00 4.679654231407551990e+00 1.012548140741476743e+01
3.041535929032463628e+02 6.965872040547144373e+00 4.287191508177431665e+00 9.644552572916856192e+00
3.037809679924924922e+02 6.561742741281748614e+00 3.937382324767593200e+00 9.186103157795903584e+00
3.034092549856468963e+02 6.205243062472954207e+00 3.659280462074460338e+00 8.751205662871447188e+00
3.030384505393244012e+02 5.913055695292491976e+00 3.447302320641808748e+00 8.378809069943175203e+00
3.026685513264635574e+02 5.699882487815737697e+00 3.267074513982816342e+00 8.132690461648659053e+00
3.022995540362281304e+02 5.572126339585270927e+00 3.080200087155653410e+00 8.064052592014888887e+00
3.019314553739074540e+02 5.522598968086308346e+00 2.877443623875187040e+00 8.167754312297429209e+00
3.015642520608187738e+02 5.529729345414859942e+00 2.685756927158131191e+00 8.373701763671588694e+00
3.011979408342099305e+02 5.562574544383759090e+00 2.543765702331298506e+00 8.581383386436218785e+00
3.008325184471626130e+02 5.589981837459733427e+00 2.477680920725457092e+00 8.702282754194008874e+00
3.004679816684964635e+02 5.590050529961779091e+00 2.492706214891487360e+00 8.687394845032072155e+00
3.001043272826736370e+02 5.555751392670212674e+00 2.573970192022515313e+00 8.537532593317910923e+00
2.997415520897048964e+02 5.494345560169780818e+00 2.691211670175987170e+00 8.297479450163573134e+00
2.993796529050547406e+02 5.421170637747088961e+00 2.807006988458444763e+00 8.035334287035732714e+00
2.990186265595492614e+02 5.350906804732298738e+00 2.889485128695373550e+00 7.812328480769222594e+00
2.986584698992828635e+02 5.290341903994158379e+00 2.924378987793794238e+00 7.656304820194523408e+00
2.982991797855268032e+02 5.235612511746927211e+00 2.915282514098910926e+00 7.555942509394943940e+00
2.979407530946378984e+02 5.174631557651564684e+00 2.871120491550702258e+00 7.478142623752427554e+00
2.975831867179679762e+02 5.093148199737034254e+00 2.795376049948015140e+00 7.390920349526053812e+00
2.972264775617743453e+02 4.981616366417020991e+00 2.686047550992438193e+00 7.277185181841604233e+00
2.968706225471298126e+02 4.840100622196032987e+00 2.540258625184053098e+00 7.139942619208013319e+00
2.965156186098349167e+02 4.679533747671131394e+00 2.355752954691377798e+00 7.003314540650885434e+00
2.961614627003293663e+02 4.519191084951579285e+00 2.131217109434424106e+00 6.907165060468734019e+00
2.958081517836052967e+02 4.381689459210042159e+00 1.873503970625196358e+00 6.889874947794887738e+00
2.954556828391198451e+02 4.287671552103177852e+00 1.610509869483645495e+00 6.964833234722711097e+00
2.951040528607098281e+02 4.252262898922967160e+00 1.394109548488627226e+00 7.110416249357307095e+00
2.947532588565057381e+02 4.284352728321431769e+00 1.284391978493025999e+00 7.284313478149837096e+00
2.944032978488469894e+02 4.388185729578218286e+00 1.325164994451609290e+00 7.451206464704826615e+00
2.940541668741980743e+02 4.565482902988414970e+00 1.523695212205417260e+00 7.607270593771412237e+00
2.937058629830641507e+02 4.816111415948513219e+00 1.841482565064550325e+00 7.790740266832475669e+00
2.933583832399088465e+02 5.136378053439777602e+00 2.202736304272451928e+00 8.070019802607104609e+00
2.930117247230710404e+02 5.515707550550955851e+00 2.527729391192192310e+00 8.503685709909719392e+00
2.926658845246835199e+02 5.933723481668991440e+00 2.776174148083137894e+00 9.091272815254846762e+00
2.923208597505912394e+02 6.359781460991950297e+00 2.957024989347141197e+00 9.762537932636758953e+00
2.919766475202709444e+02 6.755819947105566214e+00 3.096819104046889759e+00 1.041482079016424223e+01
2.916332449667507944e+02 7.081763995005456280e+00 3.208445042128090119e+00 1.095508294788282200e+01
2.912906492365308964e+02 7.301617583189075056e+00 3.282839930746086488e+00 1.132039523563206451e+01
2.909488574895042348e+02 7.388348262551384771e+00 3.296557055053970675e+00 1.148013947004879931e+01
2.906078668988778873e+02 7.326531730156846223e+00 3.225039061267881202e+00 1.142802439904581036e+01
2.902676746510958310e+02 7.112833144043340994e+00 3.055370574053482446e+00 1.117029571403319821e+01
2.899282779457606125e+02 6.755118753962957356e+00 2.793731108816981390e+00 1.071650639910893332e+01
2.895896739955573480e+02 6.271062205824224911e+00 2.464560728427162228e+00 1.007756368322128893e+01
2.892518600261768711e+02 5.686705060024485725e+00 2.102769044375238927e+00 9.270641075673731635e+00
2.889148332762400742e+02 5.034921351303060177e+00 1.744119806388806371e+00 8.325722896217312652e+00
2.885785909972231593e+02 4.353432469277442429e+00 1.418511404021555622e+00 7.288353534533329459e+00
2.882431304533819230e+02 3.682046828900106927e+00 1.147285919272419186e+00 6.216807738527794669e+00
2.879084489216785983e+02 3.059114375437608668e+00 9.427003537238139996e-01 5.175528397151403226e+00
2.875745436917074471e+02 2.517638825309759909e+00 8.072062171316660706e-01 4.228071433487853525e+00
2.872414120656220575e+02 2.081874038185031583e+00 7.314804767307461209e-01 3.432267599639316380e+00
2.869090513580624133e+02 1.765333112824950756e+00 6.924236335106072060e-01 2.838242592139294196e+00
2.865774588960827600e+02 1.570832092740525932e+00 6.580669416803143212e-01 2.483597243800737431e+00
2.862466320190800388e+02 1.492532810947515109e+00 6.108154758816626284e-01 2.374250146013367591e+00
2.859165680787227188e+02 1.519210517954157957e+00 5.658773984030687210e-01 2.472543637505247194e+00
2.855872644388802541e+02 1.637516658035490735e+00 5.453700070935690869e-01 2.729663308977412051e+00
2.852587184755523708e+02 1.834085468176137379e+00 5.533620612584433385e-01 3.114808875093831642e+00
2.849309275768001157e+02 2.095912137601147585e+00 5.824891513599431692e-01 3.609335123842351667e+00
2.846038891426761097e+02 2.409202748031861407e+00 6.262618330709884829e-01 4.192143662992734221e+00
2.842776005851559944e+02 2.757475883687980023e+00 6.809845383053227952e-01 4.833967229070637472e+00
2.839520593280702201e+02 3.119864146819813833e+00 7.399657763594112980e-01 5.499762517280216478e+00
2.836272628070360042e+02 3.470380558749020405e+00 7.886783197719700045e-01 6.152082797726071028e+00
2.833032084693903130e+02 3.778608810987069688e+00 8.062847296967824429e-01 6.750932892277356601e+00
2.829798937741227292e+02 4.012018054338156503e+00 7.728791411559996494e-01 7.251156967520313579e+00
2.826573161918094002e+02 4.139865269373063761e+00 6.778766728112304296e-01 7.601853865934898202e+00
2.823354732045463038e+02 4.138283060261517932e+00 5.252585083109179154e-01 7.751307612212118947e+00
2.820143623058847879e+02 3.995608228978552834e+00 3.339927341772204183e-01 7.657223723779885916e+00
2.816939810007656888e+02 3.716486821136222751e+00 1.338459848796934026e-01 7.299127657392753044e+00
2.813743268054549844e+02 3.323168703601102170e+00 -4.229073181898345551e-02 6.688628139021187913e+00
2.810553972474797320e+02 2.852960887344051955e+00 -1.673280370653540683e-01 5.873249811753457728e+00
2.807371898655640052e+02 2.351978112442573376e+00 -2.270282941311618230e-01 4.930984519016308631e+00
2.804197022095661396e+02 1.866659921525415156e+00 -2.226986961825282996e-01 3.956018539233358222e+00
2.801029318404149535e+02 1.435403437235492685e+00 -1.692332645533754232e-01 3.040040139024360766e+00
2.797868763300483579e+02 1.082665307448780423e+00 -9.044968189707411343e-02 2.255780296794634765e+00
2.794715332613502596e+02 8.170169054687953514e-01 -1.426492280168550029e-02 1.648298733739276267e+00
2.791569002280899667e+02 6.333031847213780319e-01 3.255569541348338897e-02 1.234050674029272709e+00
2.788429748348601152e+02 5.178226569486762410e-01 3.703664546215344050e-02 9.986086684351990206e-01
2.785297546970163580e+02 4.547312213565134487e-01 1.593032297528760091e-02 8.935321197377391611e-01
2.782172374406168274e+02 4.317833740370451423e-01 -2.550033004603893816e-03 8.661167810786941645e-01
2.779054207023623349e+02 4.439081164673808755e-01 -1.692335889665420173e-02 9.047395918314159458e-01
2.775943021295365725e+02 4.937436073454791186e-01 -6.222996111011028925e-02 1.049717175801068603e+00
2.772838793799468817e+02 5.889782287812111994e-01 -1.789492835728086761e-01 1.356905741135231214e+00
2.769741501218659323e+02 7.371316062500208321e-01 -3.754995189977543557e-01 1.849762731497796020e+00
2.766651120339727754e+02 9.392226376073725680e-01 -6.352719320980632078e-01 2.513717207312808455e+00
2.763567628052953182e+02 1.184431880759861722e+00 -9.312854478005923031e-01 3.300149209320315968e+00
2.760491001351522868e+02 1.448014925944623332e+00 -1.229168011719036890e+00 4.125197863608283555e+00
2.757421217330963827e+02 1.694005573838618828e+00 -1.489264837524687968e+00 4.877275985201925401e+00
2.754358253188573258e+02 1.882630506826739714e+00 -1.672492574899914430e+00 5.437753588553394302e+00
2.751302086222851244e+02 1.980361361336811843e+00 -1.748866888062038161e+00 5.709589610735661402e+00
2.748252693832945965e+02 1.969107436215428830e+00 -1.705514092787719482e+00 5.643728965218577365e+00
2.745210053518089239e+02 1.851073175080388378e+00 -1.550779588745553994e+00 5.252925938906330749e+00
2.742174142877048553e+02 1.647453095307395587e+00 -1.312478863009325813e+00 4.607385053624116544e+00
2.739144939607576248e+02 1.391673762459421537e+00 -1.030717449336063352e+00 3.814064974254906648e+00
2.736122421505860416e+02 1.120033634269717693e+00 -7.478363289508019873e-01 2.987903597490237484e+00
2.733106566465986020e+02 8.632837210106057979e-01 -4.988782896438741510e-01 2.225445731665085969e+00
2.730097352479393749e+02 6.417394154028274178e-01 -3.052486185203583391e-01 1.588727449326013064e+00
2.727094757634347957e+02 4.646198192902891155e-01 -1.725821078428917410e-01 1.101821746423470083e+00
2.724098760115397226e+02 3.325500903570945410e-01 -9.247729115707967185e-02 7.575774718712686706e-01
2.721109338202856520e+02 2.413102193487560720e-01 -4.805143613829814669e-02 5.306718748358102422e-01
2.718126470272272854e+02 1.850948804156319627e-01 -2.437346236711311967e-02 3.945632231983770555e-01
2.715150134793910865e+02 1.583558836063052866e-01 -2.037965895198476721e-02 3.370914261645953647e-01
2.712180310332229851e+02 1.561771478530160073e-01 -4.297871176504654972e-02 3.553330074710785436e-01
2.709216975545372748e+02 1.737118752672582034e-01 -8.441378683201355981e-02 4.318375373665299666e-01
2.706260109184651128e+02 2.054009375356044276e-01 -1.305696276748242735e-01 5.413715027460331841e-01
2.703309690094042139e+02 2.445775272879649187e-01 -1.723172567117658427e-01 6.614723112876956801e-01
2.700365697209680320e+02 2.837755056052173042e-01 -2.036675080054013987e-01 7.712185192158359515e-01
2.697428109559356244e+02 3.157083151958161027e-01 -2.202300224622606994e-01 8.516466528538929603e-01
2.694496906262020843e+02 3.345745695748597592e-01 -2.196017761014270875e-01 8.887509152511465782e-01
2.691572066527290303e+02 3.371819060258320899e-01 -2.021802720637893847e-01 8.765440841154535923e-01
2.688653569654950957e+02 3.234370614732628435e-01 -1.714317258396490518e-01 8.183058487861747388e-01
2.685741395034476113e+02 2.960115628928833842e-01 -1.332577155035339633e-01 7.252808412893007040e-01
2.682835522144537208e+02 2.593353810041644225e-01 -9.459357769468620947e-02 6.132643397030150823e-01
2.679935930552523473e+02 2.183235254310788576e-01 -6.166823312498641296e-02 4.983152839871441975e-01
2.677042599914061611e+02 1.772847186039532008e-01 -3.841524880899377381e-02 3.929846860169001754e-01
2.674155509972542859e+02 1.393018407187646412e-01 -2.548643104852654773e-02 3.040901124860558857e-01
2.671274640558644933e+02 1.061244196652487704e-01 -2.039088285936056441e-02 2.326397221898580947e-01
2.668399971589869324e+02 7.841424398741482504e-02 -1.909428028774138100e-02 1.759227682625709999e-01
2.665531483070069498e+02 5.611720444262128377e-02 -1.823638600914083072e-02 1.304707948943834017e-01
2.662669155088988191e+02 3.878777469883541024e-02 -1.630086574301292668e-02 9.387641514068374715e-02
2.659812967821798111e+02 2.579742390302043956e-02 -1.330334600552845158e-02 6.489819381156933242e-02
2.656962901528642647e+02 1.644328553102567328e-02 -9.910866770425829850e-03 4.279743783247717120e-02
2.654118936554183961e+02 1.000582147074390721e-02 -6.779086764466756530e-03 2.679072970595457182e-02
2.651281053327145969e+02 5.793199684196580213e-03 -4.282002152108440457e-03 1.586840152050160088e-02
2.648449232359871530e+02 3.184151864011581980e-03 -2.507629103106851550e-03 8.875932831130016812e-03
2.645623454247870541e+02 1.663360173859183356e-03 -1.360733038707287630e-03 4.687453386425653908e-03
2.642803699669382809e+02 8.410019244352099884e-04 -6.707276776014822793e-04 2.352731526471902365e-03
2.639989949384932402e+02 4.555516822226838387e-04 -2.714262409675234004e-04 1.182529605412891132e-03
2.637182184236891089e+02 3.676015773563283341e-04 -1.408489209962422467e-04 8.760520757088988879e-04
2.634380385149047470e+02 5.566910236502561242e-04 -4.111222736622252441e-04 1.524504320962737384e-03
2.631584533126168139e+02 1.131382667289570392e-03 -1.034148509238981203e-03 3.296913843818121987e-03
2.628794609253577619e+02 2.355480716072684295e-03 -2.239009601232492316e-03 6.949971033377862206e-03
2.626010594696720659e+02 4.681033363625291578e-03 -4.479876904410238364e-03 1.384194363166082152e-02
2.623232470700748422e+02 8.763255594523304895e-03 -8.396471736288773843e-03 2.592298292533538537e-02
2.620460218590091586e+02 1.541889032579253464e-02 -1.477650110309523292e-02 4.561428175468030394e-02
2.617693819768043113e+02 2.548783719218206817e-02 -2.442679336546281499e-02 7.540246774982695133e-02
2.614933255716343865e+02 3.957997998855711935e-02 -3.793251358400961254e-02 1.170924735611238582e-01
2.612178507994765937e+02 5.773987042653874746e-02 -5.533657816335657564e-02 1.708163190164340706e-01
2.609429558240708502e+02 7.912847863614540234e-02 -7.583494698859288841e-02 2.340919042608837208e-01
2.606686388168780582e+02 1.018700344063237784e-01 -9.762994342863201558e-02 3.013700122412795723e-01
2.603948979570405413e+02 1.232016970515402571e-01 -1.180737284155978228e-01 3.644771225186783092e-01
2.601217314313408906e+02 1.399727590314471526e-01 -1.341467361719372864e-01 4.140922542348315916e-01
2.598491374341626852e+02 1.493918657731068689e-01 -1.431737957147626306e-01 4.419575272609763683e-01
2.595771141674500768e+02 1.497845345711057985e-01 -1.435501206408164310e-01 4.431191897830281112e-01
2.593056598406686248e+02 1.410793961605622260e-01 -1.352073122693530360e-01 4.173661045904775158e-01
2.590347726707659035e+02 1.248293775460657257e-01 -1.196336608292863646e-01 3.692924159214178159e-01
2.587644508821325076e+02 1.037591995184534432e-01 -9.944047729093162535e-02 3.069588763278385257e-01
2.584946927065632849e+02 8.102014482036652698e-02 -7.764787998084980714e-02 2.396881696215828750e-01
2.582254963832184558e+02 5.943140707295122005e-02 -5.695772049932847775e-02 1.758205346452309248e-01
2.579568601585858687e+02 4.095393200048796228e-02 -3.924932501377638439e-02 1.211571890147523090e-01
2.576887822864423470e+02 2.651134687307674098e-02 -2.540787707421959113e-02 7.843057082037306615e-02
2.574212610278163424e+02 1.612221001260150804e-02 -1.545116255790542591e-02 4.769558258310844373e-02
2.571542946509500780e+02 9.210303704481894241e-03 -8.826947399543646350e-03 2.724755480850743483e-02
2.568878814312620875e+02 4.942878358777563590e-03 -4.737143168692774242e-03 1.462289988624790142e-02
2.566220196513103247e+02 2.491968163189105679e-03 -2.388246099539984013e-03 7.372182425918195371e-03
2.563567076007551009e+02 1.180216416219809477e-03 -1.131092802182041487e-03 3.491525634621660008e-03
2.560919435763225920e+02 5.250944253452463671e-04 -5.032386575982957314e-04 1.553427508288788682e-03
2.558277258817678614e+02 2.194672687796875711e-04 -2.103324819242506194e-04 6.492670194836257886e-04
2.555640528278395323e+02 8.617051831131884211e-05 -8.258388180568644534e-05 2.549249184283241296e-04
2.553009227322428956e+02 3.178368488567575060e-05 -3.046076694658923759e-05 9.402813671794074896e-05
2.550383339196046961e+02 1.101301884366386558e-05 -1.055462894192072437e-05 3.258066662924845552e-05
2.547762847214373210e+02 3.584801504647739139e-06 -3.435592933155064912e-06 1.060519594245054234e-05
2.545147734761035281e+02 1.096176377790589159e-06 -1.050550724258024791e-06 3.242903479839202897e-06
2.542537985287814593e+02 3.148852803733533960e-07 -3.017789527823675965e-07 9.315495135290743884e-07
2.539933582314293403e+02 8.497298506433200788e-08 -8.143619294335308421e-08 2.513821630720171000e-07
2.537334509427513751e+02 2.154100618864050346e-08 -2.064441463182688836e-08 6.372642700910789197e-08
2.534740750281626447e+02 5.129885725489629542e-09 -4.916366812370406925e-09 1.517613826334966436e-08
2.532152288597553422e+02 1.147640830126723196e-09 -1.099873094973820025e-09 3.395154755227266624e-09
2.529569108162644682e+02 2.411908821684819581e-10 -2.311519031793393657e-10 7.135336675163032818e-10
2.526991192830340083e+02 4.761813433852037137e-11 -4.563614627235186149e-11 1.408724149493926042e-10
2.524418526519833108e+02 8.831621756936722971e-12 -8.464027159409719684e-12 2.612727067328316401e-11
2.521851093215736057e+02 1.538739634502221888e-12 -1.474693370722916411e-12 4.552172639727360592e-12
2.519288876967750070e+02 2.518525862544712391e-13 -2.413698399788315060e-13 7.450750124877740852e-13
2.516731861890329753e+02 3.872436316729738129e-14 -3.711255651561473441e-14 1.145612828502094970e-13
2.514180032162361442e+02 5.593436972020078110e-15 -5.360623875047557285e-15 1.654749781908771272e-14
2.511633372026830102e+02 7.589790843371947545e-16 -7.273884412234995561e-16 2.245346609897888966e-15
2.509091865790501572e+02 9.674698998384689599e-17 -9.272013378191105705e-17 2.862141137496048490e-16
2.506555497823594862e+02 1.158515132731137481e-17 -1.110294781399760190e-17 3.427325046862035613e-17
2.504024252559464969e+02 1.303234459464606984e-18 -1.248990521058373077e-18 3.855459439987586659e-18
2.501498114494283129e+02 1.377209448533282722e-19 -1.319886482618604545e-19 4.074305379685169749e-19
2.498977068186719634e+02 1.367206225308497909e-20 -1.310299619029281602e-20 4.044712069646277722e-20
2.496461098257632329e+02 1.275042484370619139e-21 -1.221971967791491674e-21 3.772056936532729765e-21
2.493950189389748289e+02 1.117048112501414274e-22 -1.070553724196010728e-22 3.304649949198839042e-22
2.491444326327359988e+02 9.193390280832477169e-24 -8.810737955676084094e-24 2.719751851734103990e-23
2.488943493876010393e+02 7.107814915873175648e-25 -6.811969550751422618e-25 2.102759938249777299e-24
2.486447676902188562e+02 5.162417430670044547e-26 -4.947544465101290810e-26 1.527237932644137933e-25
2.483956860333024110e+02 3.522303070644670951e-27 -3.375695843200303878e-27 1.042030198448964722e-26
2.481471029155983103e+02 2.257651582169944303e-28 -2.163682371582699613e-28 6.678985535922589115e-28
2.478990168418569056e+02 1.359388876282016780e-29 -1.302807647985279676e-29 4.021585400549313236e-29
2.476514263228017683e+02 7.689305205688342085e-31 -7.369256733262668252e-31 2.274786714463935067e-30
2.474043298751005580e+02 4.085893870263123212e-32 -3.915828557898693960e-32 1.208761629842493929e-31
2.471577260213347245e+02 2.039593687161174898e-33 -1.954700601702427218e-33 6.033887976024777358e-33
2.469116132899707736e+02 9.564380190429365216e-35 -9.166286320078135273e-35 2.829504670093686678e-34
2.466659902153303676e+02 4.213340892018269063e-36 -4.037970909916196550e-36 1.246465269395273534e-35
2.464208553375615907e+02 1.743624490171854008e-37 -1.671050396721834088e-37 5.158299377065542104e-37
2.461762072026099020e+02 6.778536159908278143e-39 -6.496396215501387298e-39 2.005346853531794358e-38
2.459320443621893446e+02 2.475571469204632398e-40 -2.372531877732447483e-40 7.323674816141711463e-40
2.456883653737542943e+02 8.493205169639935577e-42 -8.139696332647821265e-42 2.512610667192768987e-41
2.454451688004703556e+02 2.737312350412959170e-43 -2.623378436637063287e-43 8.098003137462982024e-43
2.452024532111870201e+02 8.287693726518480459e-45 -7.942738799363143269e-45 2.451812625240010045e-44
2.449602171804087050e+02 2.357217325482079933e-46 -2.259103934998163999e-46 6.973538585962323865e-46
2.447184592882676100e+02 6.298282706498802810e-48 -6.036132134347209764e-48 1.863269754734481295e-47
2.444771781204954095e+02 1.580888614151258334e-49 -1.515088002457524236e-49 4.676865230760040903e-49
2.442363722683960248e+02 3.727665956820100751e-51 -3.572511002857459980e-51 1.102784291649766089e-50
2.439960403288180260e+02 8.257133347534043812e-53 -7.913450421209644244e-53 2.442771711627772909e-52
2.437561809041273762e+02 1.718217760629047502e-54 -1.646701159990403926e-54 5.083136681248498641e-54
2.435167926021806295e+02 3.358796596176242996e-56 -3.218994924758783080e-56 9.936588117111268619e-56
2.432778740362973906e+02 6.168020376936425010e-58 -5.911291654805836923e-58 1.824733240867868482e-57
2.430394238252342802e+02 1.064056012545324144e-59 -1.019767290446164853e-59 3.147879315536813141e-59
2.428014405931577642e+02 1.724406992457569128e-61 -1.652632780222145540e-61 5.101446765137283105e-61
2.425639229696178631e+02 2.625255973174653175e-63 -2.515986131301412190e-63 7.766498077650717999e-63
2.423268695895219764e+02 3.754569347420261096e-65 -3.598294605800098822e-65 1.110743330064062144e-64
2.420902790931084496e+02 5.044349857681163504e-67 -4.834391165296768202e-67 1.492309088065909521e-66
2.418541501259209952e+02 6.366589735259308211e-69 -6.101596050547417935e-69 1.883477552106603436e-68
2.416184813387822885e+02 7.548577605064304154e-71 -7.234386573903278104e-71 2.233154178403188641e-70
2.413832713877688718e+02 8.407753659686141952e-73 -8.057801532239924221e-73 2.487330885161220938e-72
2.411485189341850059e+02 8.797341035842197530e-75 -8.431173289262720338e-75 2.602585536094711442e-74
2.409142226445378299e+02 8.647279015677117077e-77 -8.287357232684542528e-77 2.558191526403877822e-76
2.406803811905117811e+02 7.984801264747408773e-79 -7.652453493519180514e-79 2.362205602301400046e-78
2.404469932489434996e+02 6.926364544313573072e-81 -6.638071605930767707e-81 2.049080069455791572e-80
2.402140575017970434e+02 5.644210134380172212e-83 -5.409283729037271146e-83 1.669770399779761703e-82
2.399815726361388784e+02 4.320734671949093948e-85 -4.140894687123106803e-85 1.278236403102129527e-84
2.397495373441134916e+02 3.107195766823760897e-87 -2.977866362918268131e-87 9.192257896565790818e-87
2.395179503229183808e+02 2.099114990328531438e-89 -2.011744476591696701e-89 6.209974457248759229e-89
2.392868102747803221e+02 1.332172420703589966e-91 -1.276724010626391060e-91 3.941068852033571537e-91
2.390561159069304438e+02 7.942207725615673235e-94 -7.611632806000047061e-94 2.349604825723139353e-93
2.388258659315807506e+02 4.448141967902726796e-96 -4.262998966828148176e-96 1.315928290263360343e-95
2.385960590658997091e+02 2.340305928902976338e-98 -2.242896433829257113e-98 6.923508291635209790e-98
2.383666940319886010e+02 1.156706619050105620e-100 -1.108561542665600532e-100 3.421974780765811899e-100
2.381377695568578474e+02 5.370693935403244103e-103 -5.147151971088999421e-103 1.588853984189548564e-102
2.379092843724034196e+02 2.342578651925854711e-105 -2.245074560329790337e-105 6.930231864181500146e-105
2.376812372153835327e+02 9.598747196681500160e-108 -9.199222883974405030e-108 2.839671727733740989e-107
2.374536268273950554e+02 3.694804987478545540e-110 -3.541017790778638228e-110 1.093062776573572753e-109
2.372264519548508019e+02 1.336057297556811260e-112 -1.280447189007616222e-112 3.952561784121238281e-112
2.369997113489561684e+02 4.538530315400111484e-115 -4.349625121023537848e-115 1.342668575182376082e-114
2.367734037656863677e+02 1.448311545507894881e-117 -1.388029129172907503e-117 4.284652220188696738e-117
2.365475279657637486e+02 4.341755266092338424e-120 -4.161040350584641938e-120 1.284455088276931741e-119
2.363220827146350302e+02 1.222715116773421448e-122 -1.171822598546216671e-122 3.617252832093059164e-122
2.360970667824490761e+02 3.234758168714536050e-125 -3.100119292656242437e-125 9.569635630085315062e-125
2.358724789440340146e+02 8.039239181062191980e-128 -7.704625565067406014e-128 2.378310392719179100e-127
2.356483179788756672e+02 1.876915307686203008e-130 -1.798793310831037397e-130 5.552623926203443412e-130
2.354245826710948677e+02 4.116527278926412104e-133 -3.945186926049758097e-133 1.217824148390258152e-132
2.352012718094258616e+02 8.481524363069459341e-136 -8.128501711006349899e-136 2.509155043714527011e-135
2.349783841871942514e+02 1.641622988205980806e-138 -1.573294452918905116e-138 4.856540429330866429e-138
2.347559186022953099e+02 2.984898247773061281e-141 -2.831963491574392894e-141 8.801759987120516038e-141
2.345338738571723241e+02 5.098497749397095272e-144 5.098497749397095272e-144 5.098497749397095272e-144
2.343122487587951923e+02 8.181096731465185716e-147 8.181096731465185716e-147 8.181096731465185716e-147
2.340910421186391090e+02 1.233211080769015130e-149 1.233211080769015130e-149 1.233211080769015130e-149
2.338702527526630490e+02 1.746304221485511767e-152 1.746304221485511767e-152 1.746304221485511767e-152
2.336498794812889912e+02 2.323052283290938242e-155 2.323052283290938242e-155 2.323052283290938242e-155
2.334299211293805740e+02 2.903050960496991342e-158 2.903050960496991342e-158 2.903050960496991342e-158
2.332103765262225181e+02 3.408057627480234361e-161 3.408057627480234361e-161 3.408057627480234361e-161
2.329912445054996510e+02 3.758510732948991049e-164 3.758510732948991049e-164 3.758510732948991049e-164
2.327725239052763300e+02 3.893868265524650540e-167 3.893868265524650540e-167 3.893868265524650540e-167
2.325542135679758644e+02 3.789686716951869379e-170 3.789686716951869379e-170 3.789686716951869379e-170
2.323363123403601094e+02 3.464830224641988843e-173 3.464830224641988843e-173 3.464830224641988843e-173
2.321188190735092860e+02 2.975892259550871622e-176 2.975892259550871622e-176 2.975892259550871622e-176
2.319017326228014610e+02 2.401093340567578165e-179 2.401093340567578165e-179 2.401093340567578165e-179
2.316850518478929075e+02 1.819941706483325476e-182 1.819941706483325476e-182 1.819941706483325476e-182
2.314687756126977263e+02 1.295873195484803078e-185 1.295873195484803078e-185 1.295873195484803078e-185
2.312529027853682635e+02 8.668104349959571700e-189 8.668104349959571700e-189 8.668104349959571700e-189
2.310374322382753007e+02 5.446811551822304913e-192 5.446811551822304913e-192 5.446811551822304913e-192
2.308223628479882166e+02 3.215267892686760503e-195 3.215267892686760503e-195 3.215267892686760503e-195
2.306076934952559725e+02 1.782988624844532533e-198 1.782988624844532533e-198 1.782988624844532533e-198
2.303934230649869619e+02 9.288307313941212582e-202 9.288307313941212582e-202 9.288307313941212582e-202
2.301795504462305075e+02 4.545494897475752307e-205 4.545494897475752307e-205 4.545494897475752307e-205
2.299660745321568243e+02 2.089692422786775047e-208 2.089692422786775047e-208 2.089692422786775047e-208
2.297529942200388007e+02 9.024853406070093497e-212 9.024853406070093497e-212 9.024853406070093497e-212
2.295403084112322460e+02 3.661462068724897307e-215 3.661462068724897307e-215 3.661462068724897307e-215
2.293280160111575015e+02 1.395486107814414713e-218 1.395486107814414713e-218 1.395486107814414713e-218
2.291161159292803973e+02 4.996352723406060329e-222 4.996352723406060329e-222 4.996352723406060329e-222
2.289046070790937222e+02 1.680495129466153678e-225 1.680495129466153678e-225 1.680495129466153678e-225
2.286934883780987207e+02 5.309798259079703859e-229 5.309798259079703859e-229 5.309798259079703859e-229
2.284827587477861925e+02 1.576069549527271171e-232 1.576069549527271171e-232 1.576069549527271171e-232
2.282724171136188431e+02 4.394700981903409888e-236 4.394700981903409888e-236 4.394700981903409888e-236
2.280624624050122975e+02 1.151171099763307191e-239 1.151171099763307191e-239 1.151171099763307191e-239
2.278528935553174506e+02 2.832741990493884040e-243 2.832741990493884040e-243 2.832741990493884040e-243
2.276437095018021637e+02 6.548333015357324652e-247 6.548333015357324652e-247 6.548333015357324652e-247
2.274349091856333303e+02 1.422037631431834158e-250 1.422037631431834158e-250 1.422037631431834158e-250
2.272264915518590840e+02 2.901001919311987843e-254 2.901001919311987843e-254 2.901001919311987843e-254
2.270184555493908647e+02 5.559574289628181889e-258 5.559574289628181889e-258 5.559574289628181889e-258
2.268108001309860811e+02 1.000902224461431730e-261 1.000902224461431730e-261 1.000902224461431730e-261
2.266035242532300629e+02 1.692771606894308487e-265 1.692771606894308487e-265 1.692771606894308487e-265
2.263966268765190364e+02 2.689438838564976273e-269 2.689438838564976273e-269 2.689438838564976273e-269
2.261901069650425029e+02 4.014038868773748756e-273 4.014038868773748756e-273 4.014038868773748756e-273
2.259839634867659584e+02 5.628051588472151313e-277 5.628051588472151313e-277 5.628051588472151313e-277
2.257781954134137550e+02 7.412951533276713440e-281 7.412951533276713440e-281 7.412951533276713440e-281
2.255728017204519915e+02 9.172354821654660624e-285 9.172354821654660624e-285 9.172354821654660624e-285
2.253677813870716307e+02 1.066171642798366556e-288 1.066171642798366556e-288 1.066171642798366556e-288
2.251631333961712187e+02 1.164206455112545061e-292 1.164206455112545061e-292 1.164206455112545061e-292
2.249588567343406282e+02 1.194234167204320018e-296 1.194234167204320018e-296 1.194234167204320018e-296
2.247549503918436926e+02 1.151323899069732215e-300 1.151323899069732215e-300 1.151323899069732215e-300
2.245514133626021760e+02 0.000000000000000000e+00 0.000000000000000000e+00 0.000000000000000000e+00
2.243482446441787488e+02 0.000000000000000000e+00 0.000000000000000000e+00 0.000000000000000000e+00
2.241454432377608441e+02 0.000000000000000000e+00 0.000000000000000000e+00 0.000000000000000000e+00
2.239430081481441448e+02 0.000000000000000000e+00 0.000000000000000000e+00 0.000000000000000000e+00
2.237409383837162125e+02 0.000000000000000000e+00 0.000000000000000000e+00 0.000000000000000000e+00
2.235392329564406850e+02 0.000000000000000000e+00 0.000000000000000000e+00 0.000000000000000000e+00
2.233378908818405932e+02 0.000000000000000000e+00 0.000000000000000000e+00 0.000000000000000000e+00
2.231369111789828992e+02 0.000000000000000000e+00 0.000000000000000000e+00 0.000000000000000000e+00
2.229362928704620970e+02 0.000000000000000000e+00 0.000000000000000000e+00 0.000000000000000000e+00
2.227360349823848367e+02 0.000000000000000000e+00 0.000000000000000000e+00 0.000000000000000000e+00
2.225361365443537522e+02 0.000000000000000000e+00 0.000000000000000000e+00 0.000000000000000000e+00
2.223365965894520002e+02 0.000000000000000000e+00 0.000000000000000000e+00 0.000000000000000000e+00
2.221374141542276561e+02 0.000000000000000000e+00 0.000000000000000000e+00 0.000000000000000000e+00
2.219385882786780826e+02 0.000000000000000000e+00 0.000000000000000000e+00 0.000000000000000000e+00
2.217401180062347805e+02 0.000000000000000000e+00 0.000000000000000000e+00 0.000000000000000000e+00
2.215420023837476151e+02 0.000000000000000000e+00 0.000000000000000000e+00 0.000000000000000000e+00
2.213442404614700649e+02 0.000000000000000000e+00 0.000000000000000000e+00 0.000000000000000000e+00
2.211468312930436184e+02 0.000000000000000000e+00 0.000000000000000000e+00 0.000000000000000000e+00
2.209497739354829378e+02 0.000000000000000000e+00 0.000000000000000000e+00 0.000000000000000000e+00
2.207530674491607385e+02 0.000000000000000000e+00 0.000000000000000000e+00 0.000000000000000000e+00
2.205567108977928115e+02 0.000000000000000000e+00 0.000000000000000000e+00 0.000000000000000000e+00
2.203607033484233853e+02 0.000000000000000000e+00 0.000000000000000000e+00 0.000000000000000000e+00
2.201650438714099494e+02 0.000000000000000000e+00 0.000000000000000000e+00 0.000000000000000000e+00
2.199697315404091285e+02 0.000000000000000000e+00 0.000000000000000000e+00 0.000000000000000000e+00
2.197747654323613631e+02 0.000000000000000000e+00 0.000000000000000000e+00 0.000000000000000000e+00
2.195801446274770967e+02 0.000000000000000000e+00 0.000000000000000000e+00 0.000000000000000000e+00
2.193858682092217123e+02 0.000000000000000000e+00 0.000000000000000000e+00 0.000000000000000000e+00
2.191919352643014918e+02 0.000000000000000000e+00 0.000000000000000000e+00 0.000000000000000000e+00
2.189983448826491781e+02 0.000000000000000000e+00 0.000000000000000000e+00 0.000000000000000000e+00
2.188050961574097357e+02 0.000000000000000000e+00 0.000000000000000000e+00 0.000000000000000000e+00
2.186121881849263957e+02 0.000000000000000000e+00 0.000000000000000000e+00 0.000000000000000000e+00
2.184196200647260468e+02 0.000000000000000000e+00 0.000000000000000000e+00 0.000000000000000000e+00
2.182273908995059344e+02 0.000000000000000000e+00 0.000000000000000000e+00 0.000000000000000000e+00
2.180354997951190796e+02 0.000000000000000000e+00 0.000000000000000000e+00 0.000000000000000000e+00
2.178439458605609218e+02 0.000000000000000000e+00 0.000000000000000000e+00 0.000000000000000000e+00
2.176527282079550787e+02 0.000000000000000000e+00 0.000000000000000000e+00 0.000000000000000000e+00
2.174618459525400453e+02 0.000000000000000000e+00 0.000000000000000000e+00 0.000000000000000000e+00
2.172712982126552959e+02 0.000000000000000000e+00 0.000000000000000000e+00 0.000000000000000000e+00
2.170810841097276409e+02 0.000000000000000000e+00 0.000000000000000000e+00 0.000000000000000000e+00
2.168912027682581254e+02 0.000000000000000000e+00 0.000000000000000000e+00 0.000000000000000000e+00
2.167016533158079596e+02 0.000000000000000000e+00 0.000000000000000000e+00 0.000000000000000000e+00
2.165124348829858718e+02 0.000000000000000000e+00 0.000000000000000000e+00 0.000000000000000000e+00
2.163235466034341528e+02 0.000000000000000000e+00 0.000000000000000000e+00 0.000000000000000000e+00
2.161349876138160084e+02 0.000000000000000000e+00 0.000000000000000000e+00 0.000000000000000000e+00
2.159467570538020595e+02 0.000000000000000000e+00 0.000000000000000000e+00 0.000000000000000000e+00
2.157588540660571823e+02 0.000000000000000000e+00 0.000000000000000000e+00 0.000000000000000000e+00
2.155712777962279461e+02 0.000000000000000000e+00 0.000000000000000000e+00 0.000000000000000000e+00
2.153840273929290277e+02 0.000000000000000000e+00 0.000000000000000000e+00 0.000000000000000000e+00
2.151971020077309902e+02 0.000000000000000000e+00 0.000000000000000000e+00 0.000000000000000000e+00
2.150105007951468963e+02 0.000000000000000000e+00 0.000000000000000000e+00 0.000000000000000000e+00
2.148242229126200300e+02 0.000000000000000000e+00 0.000000000000000000e+00 0.000000000000000000e+00
