1.676229999999999887e+00 0.000000000000000000e+00 0.000000000000000000e+00 0.000000000000000000e+00
1.681229999999999780e+00 0.000000000000000000e+00 0.000000000000000000e+00 0.000000000000000000e+00
1.686229999999999896e+00 0.000000000000000000e+00 0.000000000000000000e+00 0.000000000000000000e+00
1.691229999999999789e+00 0.000000000000000000e+00 0.000000000000000000e+00 0.000000000000000000e+00
1.696229999999999905e+00 0.000000000000000000e+00 0.000000000000000000e+00 0.000000000000000000e+00
1.701229999999999798e+00 0.000000000000000000e+00 0.000000000000000000e+00 0.000000000000000000e+00
1.706229999999999913e+00 0.000000000000000000e+00 0.000000000000000000e+00 0.000000000000000000e+00
1.711229999999999807e+00 0.000000000000000000e+00 0.000000000000000000e+00 0.000000000000000000e+00
1.716229999999999922e+00 0.000000000000000000e+00 0.000000000000000000e+00 0.000000000000000000e+00
1.721229999999999816e+00 0.000000000000000000e+00 0.000000000000000000e+00 0.000000000000000000e+00
1.726229999999999931e+00 0.000000000000000000e+00 0.000000000000000000e+00 0.000000000000000000e+00
1.731229999999999825e+00 0.000000000000000000e+00 0.000000000000000000e+00 0.000000000000000000e+00
1.736229999999999940e+00 0.000000000000000000e+00 0.000000000000000000e+00 0.000000000000000000e+00
1.741229999999999833e+00 0.000000000000000000e+00 0.000000000000000000e+00 0.000000000000000000e+00
1.746229999999999949e+00 0.000000000000000000e+00 0.000000000000000000e+00 0.000000000000000000e+00
1.751229999999999842e+00 0.000000000000000000e+00 0.000000000000000000e+00 0.000000000000000000e+00
1.756229999999999958e+00 0.000000000000000000e+00 0.000000000000000000e+00 0.000000000000000000e+00
1.761229999999999851e+00 0.000000000000000000e+00 0.000000000000000000e+00 0.000000000000000000e+00
1.766229999999999967e+00 0.000000000000000000e+00 0.000000000000000000e+00 0.000000000000000000e+00
1.771229999999999860e+00 0.000000000000000000e+00 0.000000000000000000e+00 0.000000000000000000e+00
1.776229999999999976e+00 0.000000000000000000e+00 0.000000000000000000e+00 0.000000000000000000e+00
1.781229999999999869e+00 0.000000000000000000e+00 0.000000000000000000e+00 0.000000000000000000e+00
1.786229999999999984e+00 0.000000000000000000e+00 0.000000000000000000e+00 0.000000000000000000e+00
1.791229999999999878e+00 0.000000000000000000e+00 0.000000000000000000e+00 0.000000000000000000e+00
1.796229999999999993e+00 0.000000000000000000e+00 0.000000000000000000e+00 0.000000000000000000e+00
1.801229999999999887e+00 0.000000000000000000e+00 0.000000000000000000e+00 0.000000000000000000e+00
1.806229999999999780e+00 0.000000000000000000e+00 0.000000000000000000e+00 0.000000000000000000e+00
1.811229999999999896e+00 0.000000000000000000e+00 0.000000000000000000e+00 0.000000000000000000e+00
1.816230000000000011e+00 0.000000000000000000e+00 0.000000000000000000e+00 0.000000000000000000e+00
1.821229999999999905e+00 0.000000000000000000e+00 0.000000000000000000e+00 0.000000000000000000e+00
1.826229999999999798e+00 0.000000000000000000e+00 0.000000000000000000e+00 0.000000000000000000e+00
1.831229999999999913e+00 0.000000000000000000e+00 0.000000000000000000e+00 0.000000000000000000e+00
1.836229999999999807e+00 0.000000000000000000e+00 0.000000000000000000e+00 0.000000000000000000e+00
1.841229999999999922e+00 0.000000000000000000e+00 0.000000000000000000e+00 0.000000000000000000e+00
1.846229999999999816e+00 0.000000000000000000e+00 0.000000000000000000e+00 0.000000000000000000e+00
1.851229999999999931e+00 0.000000000000000000e+00 0.000000000000000000e+00 0.000000000000000000e+00
1.856229999999999825e+00 0.000000000000000000e+00 0.000000000000000000e+00 0.000000000000000000e+00
1.861229999999999940e+00 0.000000000000000000e+00 0.000000000000000000e+00 0.000000000000000000e+00
1.866229999999999833e+00 0.000000000000000000e+00 0.000000000000000000e+00 0.000000000000000000e+00
1.871229999999999949e+00 0.000000000000000000e+00 0.000000000000000000e+00 0.000000000000000000e+00
1.876229999999999842e+00 0.000000000000000000e+00 0.000000000000000000e+00 0.000000000000000000e+00
1.881229999999999958e+00 0.000000000000000000e+00 0.000000000000000000e+00 0.000000000000000000e+00
1.886229999999999851e+00 0.000000000000000000e+00 0.000000000000000000e+00 0.000000000000000000e+00
1.891229999999999967e+00 0.000000000000000000e+00 0.000000000000000000e+00 0.000000000000000000e+00
1.896229999999999860e+00 0.000000000000000000e+00 0.000000000000000000e+00 0.000000000000000000e+00
1.901229999999999976e+00 0.000000000000000000e+00 0.000000000000000000e+00 0.000000000000000000e+00
1.906229999999999869e+00 0.000000000000000000e+00 0.000000000000000000e+00 0.000000000000000000e+00
1.911229999999999984e+00 0.000000000000000000e+00 0.000000000000000000e+00 0.000000000000000000e+00
1.916229999999999878e+00 0.000000000000000000e+00 0.000000000000000000e+00 0.000000000000000000e+00
1.921229999999999993e+00 0.000000000000000000e+00 0.000000000000000000e+00 0.000000000000000000e+00
1.926229999999999887e+00 0.000000000000000000e+00 0.000000000000000000e+00 0.000000000000000000e+00
1.931229999999999780e+00 9.881312916824930884e-324 9.881312916824930884e-324 9.881312916824930884e-324
1.936229999999999896e+00 8.370954237488240198e-320 8.370954237488240198e-320 8.370954237488240198e-320
1.941230000000000011e+00 8.441804733298812476e-316 8.441804733298812476e-316 8.441804733298812476e-316
1.946229999999999905e+00 7.997314087839429646e-312 7.997314087839429646e-312 7.997314087839429646e-312
1.951229999999999798e+00 7.117207008027463575e-308 7.117207008027463575e-308 7.117207008027463575e-308
1.956229999999999913e+00 5.950201010920027588e-304 5.950201010920027588e-304 5.950201010920027588e-304
1.961230000000000029e+00 4.673155924911709203e-300 4.673155924911709203e-300 4.673155924911709203e-300
1.966229999999999922e+00 3.447827278769055508e-296 3.447827278769055508e-296 3.447827278769055508e-296
1.971229999999999816e+00 2.389666667152270727e-292 2.389666667152270727e-292 2.389666667152270727e-292
1.976229999999999931e+00 1.555914560322012977e-288 1.555914560322012977e-288 1.555914560322012977e-288
1.981229999999999825e+00 9.516795980141228216e-285 9.516795980141228216e-285 9.516795980141228216e-285
1.986229999999999940e+00 5.468300445381687604e-281 5.468300445381687604e-281 5.468300445381687604e-281
1.991229999999999833e+00 2.951688830604494773e-277 2.951688830604494773e-277 2.951688830604494773e-277
1.996229999999999949e+00 1.496736572260953362e-273 1.496736572260953362e-273 1.496736572260953362e-273
2.001230000000000064e+00 7.129790424653822695e-270 7.129790424653822695e-270 7.129790424653822695e-270
2.006229999999999958e+00 3.190544106525823730e-266 3.190544106525823730e-266 3.190544106525823730e-266
2.011229999999999851e+00 1.341248768226186947e-262 1.341248768226186947e-262 1.341248768226186947e-262
2.016229999999999745e+00 5.296762673443075231e-259 5.296762673443075231e-259 5.296762673443075231e-259
2.021230000000000082e+00 1.965025938771445273e-255 1.965025938771445273e-255 1.965025938771445273e-255
2.026229999999999976e+00 6.848298084896959786e-252 6.848298084896959786e-252 6.848298084896959786e-252
2.031229999999999869e+00 2.242092977708493836e-248 2.242092977708493836e-248 2.242092977708493836e-248
2.036229999999999762e+00 6.895744730833063592e-245 6.895744730833063592e-245 6.895744730833063592e-245
2.041229999999999656e+00 1.992348599716622457e-241 1.992348599716622457e-241 1.992348599716622457e-241
2.046229999999999993e+00 5.407618889967141865e-238 5.407618889967141865e-238 5.407618889967141865e-238
2.051229999999999887e+00 1.378806807277932370e-234 1.378806807277932370e-234 1.378806807277932370e-234
2.056229999999999780e+00 3.302610491460168410e-231 3.302610491460168410e-231 3.302610491460168410e-231
2.061230000000000118e+00 7.431352948274987679e-228 7.431352948274987679e-228 7.431352948274987679e-228
2.066230000000000011e+00 1.570851081816180203e-224 1.570851081816180203e-224 1.570851081816180203e-224
2.071229999999999905e+00 3.119311435854906075e-221 3.119311435854906075e-221 3.119311435854906075e-221
2.076229999999999798e+00 5.818875353537668308e-218 5.818875353537668308e-218 5.818875353537668308e-218
2.081229999999999691e+00 1.019708327395876321e-214 1.019708327395876321e-214 1.019708327395876321e-214
2.086230000000000029e+00 1.678686015719212591e-211 1.678686015719212591e-211 1.678686015719212591e-211
2.091229999999999922e+00 2.596088982188704918e-208 2.596088982188704918e-208 2.596088982188704918e-208
2.096229999999999816e+00 3.771605586929836868e-205 3.771605586929836868e-205 3.771605586929836868e-205
2.101229999999999709e+00 5.147419478399387919e-202 5.147419478399387919e-202 5.147419478399387919e-202
2.106230000000000047e+00 6.599475907731850426e-199 6.599475907731850426e-199 6.599475907731850426e-199
2.111229999999999940e+00 7.948513729924713907e-196 7.948513729924713907e-196 7.948513729924713907e-196
2.116229999999999833e+00 8.993298420239177521e-193 8.993298420239177521e-193 8.993298420239177521e-193
2.121229999999999727e+00 9.558916664346554496e-190 9.558916664346554496e-190 9.558916664346554496e-190
2.126230000000000064e+00 9.544538652178394040e-187 9.544538652178394040e-187 9.544538652178394040e-187
2.131229999999999958e+00 8.952777712279116491e-184 8.952777712279116491e-184 8.952777712279116491e-184
2.136229999999999851e+00 7.888914641118592916e-181 7.888914641118592916e-181 7.888914641118592916e-181
2.141229999999999745e+00 6.530302618941682750e-178 6.530302618941682750e-178 6.530302618941682750e-178
2.146230000000000082e+00 5.078154997248500096e-175 5.078154997248500096e-175 5.078154997248500096e-175
2.151229999999999976e+00 3.709669270102575218e-172 3.709669270102575218e-172 3.709669270102575218e-172
2.156229999999999869e+00 2.545780921042165754e-169 2.545780921042165754e-169 2.545780921042165754e-169
2.161229999999999762e+00 1.641207365016760281e-166 1.641207365016760281e-166 1.641207365016760281e-166
2.166229999999999656e+00 9.939452942298861607e-164 9.939452942298861607e-164 9.939452942298861607e-164
2.171229999999999993e+00 5.654811095721644899e-161 -5.353903800454275614e-161 1.666352599189756620e-160
2.176229999999999887e+00 3.022249510710368571e-158 -2.861994829424249669e-158 8.906493850844986001e-158
2.181229999999999780e+00 1.517396665213717332e-155 -1.436936757271019839e-155 4.471730087698454504e-155
2.186230000000000118e+00 7.156893085792473798e-153 -6.777399066832334313e-153 2.109118523841728191e-152
2.191230000000000011e+00 3.171075108229640623e-150 -3.002928955587585436e-150 9.345079172046866683e-150
2.196229999999999905e+00 1.319912441589895929e-147 -1.249924128067514153e-147 3.889749011247306289e-147
2.201229999999999798e+00 5.161076678138321362e-145 -4.887410758126708163e-145 1.520956411440335160e-144
2.206229999999999691e+00 1.895798150197336675e-142 -1.795273516039541191e-142 5.586869816434214541e-142
2.211230000000000029e+00 6.541848372557450826e-140 -6.194967079156702357e-140 1.927866382427160494e-139
2.216229999999999922e+00 2.120632667711853959e-137 -2.008186190705538404e-137 6.249451526129246084e-137
2.221229999999999816e+00 6.457836059322770189e-135 -6.115409516050289528e-135 1.903108163469582868e-134
2.226230000000000153e+00 1.847418034744333722e-132 -1.749458754606923981e-132 5.444294824095591737e-132
2.231230000000000047e+00 4.964779180943921908e-130 -4.701521929222944012e-130 1.463108029111078863e-129
2.236229999999999940e+00 1.253404617007821401e-127 -1.186942878682299480e-127 3.693752112697941872e-127
2.241229999999999833e+00 2.972618922643828621e-125 -2.814995902672965773e-125 8.760233747960622490e-125
2.246229999999999727e+00 6.622832644926284284e-123 -6.271657163163996944e-123 1.951732245301656686e-122
2.251230000000000064e+00 1.386133049444001066e-120 -1.312633390382242003e-120 4.084899489270244308e-120
2.256229999999999958e+00 2.725352303488074529e-118 -2.580840587812672428e-118 8.031545194788821486e-118
2.261229999999999851e+00 5.033811846394894781e-116 -4.766894139873676535e-116 1.483451783266346666e-115
2.266229999999999745e+00 8.734295898980722681e-114 -8.271160148067734803e-114 2.573975194602918016e-113
2.271230000000000082e+00 1.423689945647643256e-111 -1.348198833407956280e-111 4.195578724703242977e-111
2.276229999999999976e+00 2.180015241948332481e-109 -2.064420005908859059e-109 6.424450489805523549e-109
2.281229999999999869e+00 3.135885789020582670e-107 -2.969605548864733607e-107 9.241377126905898947e-107
2.286229999999999762e+00 4.237576376594974986e-105 -4.012879029502117124e-105 1.248803178269206787e-104
2.291229999999999656e+00 5.379370234465231207e-103 -5.094129305855531897e-103 1.585286977478599431e-102
2.296229999999999993e+00 6.415077791815365643e-101 -6.074918504262115337e-101 1.890507408789284536e-100
2.301229999999999887e+00 7.186691684809219239e-99 -6.805617596122646255e-99 2.117900096574108555e-98
2.306229999999999780e+00 7.563323822020532621e-97 -7.162278826725874187e-97 2.228892647076693839e-96
2.311230000000000118e+00 7.477440591927730751e-95 -7.080949552065729408e-95 2.203583073592119224e-94
2.316230000000000011e+00 6.944641677696780000e-93 -6.576402282624732667e-93 2.046568563801829181e-92
2.321229999999999905e+00 6.059032867982594866e-91 -5.737752850729495366e-91 1.785581858669468510e-90
2.326229999999999798e+00 4.966076087295510637e-89 -4.702750067158189381e-89 1.463490224174921135e-88
2.331229999999999691e+00 3.823666666649594468e-87 -3.620916868224952277e-87 1.126825020152414211e-86
2.336230000000000029e+00 2.765688575327259952e-85 -2.619038030172858908e-85 8.150415180827378812e-85
2.341229999999999922e+00 1.879243778894589367e-83 -1.779596939727122009e-83 5.538084497516300742e-83
2.346229999999999816e+00 1.199553332592783852e-81 -1.135947056840731668e-81 3.535053722026299371e-81
2.351230000000000153e+00 7.193042012877226985e-80 -6.811631198255076371e-80 2.119771522400953034e-79
2.356230000000000047e+00 4.051932734498209710e-78 -3.837079135382149823e-78 1.194094460437856924e-77
2.361229999999999940e+00 2.144215603941246845e-76 -2.030518642522025107e-76 6.318949850404519412e-76
2.366229999999999833e+00 1.065936348866275655e-74 -1.009415109253232693e-74 3.141287806985784003e-74
2.371229999999999727e+00 4.977951797087379426e-73 -4.713996067831501227e-73 1.466989966200626071e-72
2.376230000000000064e+00 2.183869568512380593e-71 -2.068069956934437619e-71 6.435809093959199207e-71
2.381229999999999958e+00 9.000347986252264192e-70 -8.523104832218886411e-70 2.652380080472341608e-69
2.386229999999999851e+00 3.484564442393233785e-68 -3.299795528184570642e-68 1.026892441297103821e-67
2.391229999999999745e+00 1.267343363497022676e-66 -1.200142523600325739e-66 3.734829250594370829e-66
2.396230000000000082e+00 4.330087617325488117e-65 -4.100484864755310362e-65 1.276066009940628660e-64
2.401229999999999976e+00 1.389810755525304273e-63 -1.316116086220349109e-63 4.095737597270957656e-63
2.406229999999999869e+00 4.190552126870929952e-62 -3.968348239063017455e-62 1.234945249280487650e-61
2.411229999999999762e+00 1.186980054009456290e-60 -1.124040475938093204e-60 3.498000583957005645e-60
2.416229999999999656e+00 3.158436790951215651e-59 -2.990960784664449119e-59 9.307834366566880863e-59
2.421229999999999993e+00 7.895098515149766259e-58 -7.476461177734642221e-58 2.326665820803417474e-57
2.426229999999999887e+00 1.853956380839201488e-56 -1.755650405116564654e-56 5.463563166794967404e-56
2.431229999999999780e+00 4.089762282867570346e-55 -3.872902773201496228e-55 1.205242733893663692e-54
2.436230000000000118e+00 8.475263581317785440e-54 -8.025863010474162584e-54 2.497639017310973346e-53
2.441230000000000011e+00 1.649927863449255992e-52 -1.562440493107274042e-52 4.862296220005785841e-52
2.446229999999999905e+00 3.017402840633425763e-51 -2.857405154893602931e-51 8.892210836160453862e-51
2.451229999999999798e+00 5.183919248408729720e-50 -4.909042101864475847e-50 1.527688059868193434e-49
2.456229999999999691e+00 8.366421789491008848e-49 -7.922792551055731389e-49 2.465563613003774909e-48
2.461230000000000029e+00 1.268463217595106514e-47 -1.201202997471827445e-47 3.738129432662040230e-47
2.466229999999999922e+00 1.806644052919769808e-46 -1.710846811818532804e-46 5.324134917658072031e-46
2.471229999999999816e+00 2.417263020541437492e-45 -2.289087728894812038e-45 7.123613769977686400e-45
2.476230000000000153e+00 3.038308128702916776e-44 -2.877201940753253756e-44 8.953818198159087307e-44
2.481230000000000047e+00 3.587536412605999237e-43 -3.397307413080874907e-43 1.057238023829287258e-42
2.486229999999999940e+00 3.979398343507239525e-42 -3.768390878062767567e-42 1.172718756507724662e-41
2.491229999999999833e+00 4.146628294668357451e-41 -3.926753466589848598e-41 1.222001005592656452e-40
2.496229999999999727e+00 4.059096662396610254e-40 -3.843863196205134917e-40 1.196205652099835542e-39
2.501230000000000064e+00 3.732675836579193947e-39 -3.534750823844364757e-39 1.100010249700275265e-38
2.506229999999999958e+00 3.224539875915945340e-38 -3.053558755633988139e-38 9.502638507465879340e-38
2.511229999999999851e+00 2.616807786856275962e-37 -2.478051640422569095e-37 7.711667214135120602e-37
2.516229999999999745e+00 1.994952179716835842e-36 -1.889169906194169081e-36 5.879074265627840431e-36
2.521230000000000082e+00 1.428728641660244558e-35 -1.352970352414758228e-35 4.210427635735247612e-35
2.526229999999999976e+00 9.612217899500744142e-35 -9.102530359513244607e-35 2.832696615851473503e-34
2.531229999999999869e+00 6.075108774537152659e-34 -5.752976327981764070e-34 1.790319387705606853e-33
2.536229999999999762e+00 3.606958158265216517e-33 -3.415699315791044255e-33 1.062961563232147729e-32
2.541229999999999656e+00 2.011799729775187107e-32 -1.905124109818351214e-32 5.928723569368725428e-32
2.546229999999999993e+00 1.054107690144366256e-31 -9.982136588943985338e-32 3.106429039183131045e-31
2.551229999999999887e+00 5.188499907347493173e-31 -4.913379816406511463e-31 1.529037963110149868e-30
2.556229999999999780e+00 2.399138061881171554e-30 -2.271923797000339060e-30 7.070199920762681818e-30
2.561230000000000118e+00 1.042138079042741185e-29 -9.868787016886997559e-30 3.071154859774181846e-29
2.566230000000000011e+00 4.252574079220796462e-29 -4.027081166699956842e-29 1.253222932514155033e-28
2.571229999999999905e+00 1.630178316085157607e-28 -1.543737936336128705e-28 4.804094568506443694e-28
2.576229999999999798e+00 5.870497997213445311e-28 -5.559213466864839997e-28 1.730020946129172972e-27
2.581229999999999691e+00 1.985964111028077829e-27 -1.880657418512215569e-27 5.852585640568370868e-27
2.586230000000000029e+00 6.311382330222354325e-27 -5.976715365604770519e-27 1.859948002604947917e-26
2.591229999999999922e+00 1.884231534196642425e-26 -1.784316733927588398e-26 5.552779802320872674e-26
2.596229999999999816e+00 5.284462394980956078e-26 -5.004235319524413398e-26 1.557316010948632670e-25
2.601230000000000153e+00 1.392272599899346216e-25 -1.318438035158062622e-25 4.102983234956755055e-25
2.606230000000000047e+00 3.445918140835865609e-25 -3.263154308720322242e-25 1.015499059039205346e-24
2.611229999999999940e+00 8.012045640283434857e-25 -7.587011590683304989e-25 2.361110287125017287e-24
2.616229999999999833e+00 1.750010774986938027e-24 -1.657135084264733650e-24 5.157156634238609336e-24
2.621229999999999727e+00 3.590863725158690646e-24 -3.400139847019523291e-24 1.058186729733690458e-23
2.626230000000000064e+00 6.921845664138610079e-24 -6.553645094120797482e-24 2.039733642239801617e-23
2.631229999999999958e+00 1.253479128871189896e-23 -1.186609669364703031e-23 3.693567927107082676e-23
2.636229999999999851e+00 2.132547195559918502e-23 -2.018159912898099488e-23 6.283254304017936197e-23
2.641229999999999745e+00 3.408736932482108835e-23 -3.224002166683004662e-23 1.004147603164722233e-22
2.646230000000000082e+00 5.119799096551475979e-23 -4.836917781144843018e-23 1.507651597424779556e-22
2.651229999999999976e+00 7.227275078290782762e-23 -6.813409336628107478e-23 2.126795949320967300e-22
2.656229999999999869e+00 9.592768869996205964e-23 -9.006812328683704090e-23 2.819235006867611484e-22
2.661229999999999762e+00 1.198153605126057516e-22 -1.116316112065155310e-22 3.512623322317270107e-22
2.666229999999999656e+00 1.410399080182880703e-22 -1.294954231633494048e-22 4.115752391999255454e-22
2.671229999999999993e+00 1.569154945952113825e-22 -1.401373261197079669e-22 4.539683153101306849e-22
2.676229999999999887e+00 1.658576470796047108e-22 -1.406330987284796361e-22 4.723483928876891047e-22
2.681230000000000224e+00 1.680766388051350698e-22 -1.295285702708007312e-22 4.656818478810708473e-22
2.686230000000000118e+00 1.657527203425821731e-22 -1.078968344050821814e-22 4.394022750902465041e-22
2.691230000000000011e+00 1.625330794213110990e-22 -8.105450669258389707e-23 4.061206655352060715e-22
2.696229999999999905e+00 1.624434414926733247e-22 -6.073064457877673713e-23 3.856175275641233630e-22
2.701229999999999798e+00 1.685490823946014618e-22 -6.183241171297668056e-23 3.989305765021796041e-22
2.706229999999999691e+00 1.818295449477248147e-22 -8.772529070236408775e-23 4.513843805978137407e-22
2.711229999999999585e+00 2.006927005649157286e-22 -1.265264309955081453e-22 5.279118321253396025e-22
2.716229999999999922e+00 2.213534990782499751e-22 -1.645411576866946525e-22 6.072481558431945557e-22
2.721229999999999816e+00 2.390052753779043400e-22 -1.924080555982300091e-22 6.704186063540386421e-22
2.726230000000000153e+00 2.494219802785003344e-22 -2.046193809496211088e-22 7.034633415066218247e-22
2.731230000000000047e+00 2.504630045282698001e-22 -1.987002596809735129e-22 6.996262687375131131e-22
2.736229999999999940e+00 2.429863742742614580e-22 -1.748772127626610436e-22 6.608499613111839596e-22
2.741229999999999833e+00 2.309064586357020475e-22 -1.359234119141065273e-22 5.977363291855106222e-22
2.746229999999999727e+00 2.204600601045619713e-22 -8.745447762581747111e-23 5.283745978349414137e-22
2.751229999999999620e+00 2.190199077687730861e-22 -3.944141284841812183e-23 4.774812283859642941e-22
2.756229999999999958e+00 2.338958271082849599e-22 -6.573856030084882884e-24 4.743655102466548498e-22
2.761229999999999851e+00 2.714641352598781813e-22 3.337771663283209019e-24 5.395904988564731535e-22
2.766230000000000189e+00 3.367408623823245064e-22 1.350772513241234596e-24 6.721309522514077782e-22
2.771230000000000082e+00 4.332921036417555291e-22 2.629861731523364269e-24 8.639543455519876940e-22
2.776229999999999976e+00 5.632603558046131177e-22 1.481787593678884936e-23 1.111702835672437292e-21
2.781229999999999869e+00 7.273069145654408658e-22 4.020868183468447593e-23 1.414405147296197256e-21
2.786229999999999762e+00 9.243721955794708049e-22 7.877937226562001145e-23 1.769965018893321504e-21
2.791229999999999656e+00 1.151248508602586663e-21 1.276078578037711408e-22 2.174889159401401997e-21
2.796229999999999993e+00 1.401996644485604465e-21 1.776306853106235590e-22 2.626362603660585184e-21
2.801229999999999887e+00 1.667265791429629885e-21 2.119421508775907866e-22 3.122589431981669172e-21
2.806230000000000224e+00 1.933700955715286772e-21 2.105973533735966000e-22 3.656804558056976567e-21
2.811230000000000118e+00 2.183880819858178867e-21 1.617194343611920008e-22 4.206042205355165357e-21
2.816230000000000011e+00 2.397472813768640596e-21 7.116390237472640911e-23 4.723781725162554783e-21
2.821229999999999905e+00 2.554215649366710858e-21 -3.675603965561536420e-23 5.145187338389037457e-21
2.826229999999999798e+00 2.638708557286146963e-21 -1.272301229024709617e-22 5.404647237474764889e-21
2.831229999999999691e+00 2.645918651416874840e-21 -1.662890579343038731e-22 5.458126360768053176e-21
2.836229999999999585e+00 2.585356659069827988e-21 -1.308157852970784848e-22 5.301529103436734084e-21
2.841229999999999922e+00 2.481709682275874485e-21 -1.534408410251748033e-23 4.978763448654266074e-21
2.846229999999999816e+00 2.370718500558482760e-21 1.637215150693214102e-22 4.577715486047644109e-21
2.851230000000000153e+00 2.290942839834310442e-21 3.660197388279794673e-22 4.215865940840641041e-21
2.856230000000000047e+00 2.273900924621432662e-21 5.348092376483736640e-22 4.012992611594492035e-21
2.861229999999999940e+00 2.335952302854139375e-21 6.312029447265852911e-22 4.040701660981693459e-21
2.866229999999999833e+00 2.474743623032016753e-21 6.724270090032198481e-22 4.277060237060813281e-21
2.871229999999999727e+00 2.671313248118955567e-21 7.087283495534239548e-22 4.633898146684487180e-21
2.876229999999999620e+00 2.896861353820164269e-21 7.732823951076936006e-22 5.020440312532634937e-21
2.881229999999999958e+00 3.121643364439966955e-21 8.698064162951681118e-22 5.373480312584766175e-21
2.886229999999999851e+00 3.322998977365374672e-21 9.852152072836029500e-22 5.660782747447146393e-21
2.891230000000000189e+00 3.490204412150122641e-21 1.103081572732099857e-21 5.877327251568145426e-21
2.896230000000000082e+00 3.625188840049445195e-21 1.211442011713666876e-21 6.038935668385223513e-21
2.901229999999999976e+00 3.739555040218535189e-21 1.306909319195644560e-21 6.172200761241425442e-21
2.906229999999999869e+00 3.849277370532035847e-21 1.396874933326696668e-21 6.301679807737375026e-21
2.911229999999999762e+00 3.968739574457953929e-21 1.496979954199356276e-21 6.440499194716551206e-21
2.916229999999999656e+00 4.105601415952653240e-21 1.620810334905062875e-21 6.590392497000243604e-21
2.921229999999999993e+00 4.257691921862430402e-21 1.767095935811376626e-21 6.748287907913484553e-21
2.926229999999999887e+00 4.412914197415647720e-21 1.916384603962497649e-21 6.909443790868798167e-21
2.931230000000000224e+00 4.552855168414468814e-21 2.043572549644971906e-21 7.062137787183966099e-21
2.936230000000000118e+00 4.660039175827084715e-21 2.137675632233852376e-21 7.182402719420317430e-21
2.941230000000000011e+00 4.727372172797341320e-21 2.211382314934521011e-21 7.243362030660160877e-21
2.946229999999999905e+00 4.766727601330429280e-21 2.292287061072257586e-21 7.241168141588600974e-21
2.951229999999999798e+00 4.812806822333101352e-21 2.402358376487694482e-21 7.223255268178508598e-21
2.956229999999999691e+00 4.919273158071490523e-21 2.538009454685935270e-21 7.300536861457045025e-21
2.961229999999999585e+00 5.146777873798523445e-21 2.671521762195082766e-21 7.622033985401964500e-21
2.966229999999999922e+00 5.545824686964176657e-21 2.792400789320973335e-21 8.299248584607380356e-21
2.971229999999999816e+00 6.139821093335765898e-21 2.942973050539371343e-21 9.336669136132160830e-21
2.976230000000000153e+00 6.913909176666879442e-21 3.186519402659093365e-21 1.064129895067466552e-20
2.981230000000000047e+00 7.813186091089870718e-21 3.553337207735255549e-21 1.207303497444448513e-20
2.986229999999999940e+00 8.750784287141506159e-21 4.019777925433047700e-21 1.348179064884996537e-20
2.991229999999999833e+00 9.623445400392812937e-21 4.518390121685801444e-21 1.472850067909982443e-20
2.996229999999999727e+00 1.033065505610238435e-20 4.964780264783327231e-21 1.569652984742143997e-20
3.001229999999999620e+00 1.079318171338913935e-20 5.288860955884556198e-21 1.629750247089372175e-20
3.006229999999999958e+00 1.096745589409984085e-20 5.457049378059652079e-21 1.647786241014003037e-20
3.011229999999999851e+00 1.085314141568857270e-20 5.475806226093560252e-21 1.623047660528358439e-20
3.016230000000000189e+00 1.049240485981251010e-20 5.378003140201094674e-21 1.560680657942392628e-20
3.021230000000000082e+00 9.960953011370230637e-21 5.203359058513130310e-21 1.471854696422733021e-20
3.026229999999999976e+00 9.352826958147221135e-21 4.985256941884199253e-21 1.372039697441024377e-20
3.031229999999999869e+00 8.762668380837773808e-21 4.750013765700599617e-21 1.277532299597494875e-20
3.036229999999999762e+00 8.269909591007830598e-21 4.525474508933316760e-21 1.201434467308234368e-20
3.041229999999999656e+00 7.928599939747120702e-21 4.347774332440617845e-21 1.150942554705362281e-20
3.046229999999999993e+00 7.764587981946806384e-21 4.256814539563827573e-21 1.127236142432978519e-20
3.051229999999999887e+00 7.779347075793480410e-21 4.284555623582023100e-21 1.127413852800493697e-20
3.056230000000000224e+00 7.957795392459595378e-21 4.446345768099152644e-21 1.146924501682003736e-20
3.061230000000000118e+00 8.276635198931316262e-21 4.736014264194016791e-21 1.181725613366861573e-20
3.066230000000000011e+00 8.710191291458806959e-21 5.120597770320314786e-21 1.229978481259729988e-20
3.071229999999999905e+00 9.232279706836402520e-21 5.539043647185224022e-21 1.292551576648758102e-20
3.076229999999999798e+00 9.814797647589426174e-21 5.917707463225299796e-21 1.371188783195355255e-20
3.081229999999999691e+00 1.042566409647631350e-20 6.205272833805077854e-21 1.464605535914754991e-20
3.086229999999999585e+00 1.102940332859277333e-20 6.401618743008341347e-21 1.565718791417720681e-20
3.091229999999999922e+00 1.159229175857520831e-20 6.553565491828758408e-21 1.663101802532165746e-20
3.096229999999999816e+00 1.209086460971193919e-20 6.725322367673900611e-21 1.745640685174997776e-20
3.101230000000000153e+00 1.251934641620312118e-20 6.966018568282543173e-21 1.807267426412370069e-20
3.106230000000000047e+00 1.289053274172787358e-20 7.285648241561007035e-21 1.849541724189473863e-20
3.111229999999999940e+00 1.322721156706584989e-20 7.646405768955065336e-21 1.880801736517663445e-20
3.116229999999999833e+00 1.354651282836954021e-20 7.978908819070926820e-21 1.911411683766815210e-20
3.121229999999999727e+00 1.384457799553651966e-20 8.221953710172220701e-21 1.946720228090081712e-20
3.126229999999999620e+00 1.409024399429480556e-20 8.355955012978614159e-21 1.982453297561099696e-20
3.131229999999999958e+00 1.423265856204567252e-20 8.398320744533099261e-21 2.006699637955824427e-20
3.136229999999999851e+00 1.422072207206931834e-20 8.374225395283039885e-21 2.006721874885559680e-20
3.141230000000000189e+00 1.402600588144010415e-20 8.297730003902161277e-21 1.975428175897804702e-20
3.146230000000000082e+00 1.365894944264987270e-20 8.172545847426331885e-21 1.914535303787341351e-20
3.151229999999999976e+00 1.317158922809063658e-20 8.001171858466665236e-21 1.834200659771460793e-20
3.156229999999999869e+00 1.264656433222235958e-20 7.792119311814227828e-21 1.750100935263049133e-20
3.161229999999999762e+00 1.217789405845656723e-20 7.561804257402478053e-21 1.679398385951065641e-20
3.166229999999999656e+00 1.185118078934440445e-20 7.332720465191571078e-21 1.636964111349723781e-20
3.171229999999999993e+00 1.172911761001481271e-20 7.133140964335419699e-21 1.632509425569420571e-20
3.176229999999999887e+00 1.184442395314001616e-20 7.001451622762797354e-21 1.668739628351723496e-20
3.181230000000000224e+00 1.219919164852792830e-20 6.988062679956365711e-21 1.741032061709949089e-20
3.186230000000000118e+00 1.276856756479833593e-20 7.145797815055688675e-21 1.839133731454098318e-20
3.191230000000000011e+00 1.350736069531958676e-20 7.511836014441920235e-21 1.950288537619725328e-20
3.196229999999999905e+00 1.435902311863253740e-20 8.091273834312105904e-21 2.062677240295296890e-20
3.201229999999999798e+00 1.526625248907911250e-20 8.848188206960358693e-21 2.168431677119786480e-20
3.206229999999999691e+00 1.618121500298923474e-20 9.705205004010559184e-21 2.265722500196791030e-20
3.211230000000000029e+00 1.707230456575134438e-20 1.055356039489281064e-20 2.359104873660987812e-20
3.216229999999999922e+00 1.792478630783638191e-20 1.128048190599619947e-20 2.456909070967656434e-20
3.221229999999999816e+00 1.873493606314564516e-20 1.181381642590484860e-20 2.565605570038644171e-20
3.226230000000000153e+00 1.950030423758956843e-20 1.215410687218859590e-20 2.684650160299054096e-20
3.231230000000000047e+00 2.021076496564193547e-20 1.235639269555884372e-20 2.806513723572502722e-20
3.236229999999999940e+00 2.084488595729652094e-20 1.247658938771835523e-20 2.921318252687468363e-20
3.241229999999999833e+00 2.137399261243869449e-20 1.253715024385971782e-20 3.021083498101766965e-20
3.246229999999999727e+00 2.177323571707130475e-20 1.254131439656353255e-20 3.100515703757907694e-20
3.251229999999999620e+00 2.203624210526677012e-20 1.251748498732751363e-20 3.155499922320602361e-20
3.256229999999999958e+00 2.218822313827509438e-20 1.254818209416028941e-20 3.182826418238990087e-20
3.261229999999999851e+00 2.229198106242241025e-20 1.275147899485877269e-20 3.183248312998604481e-20
3.266230000000000189e+00 2.244234575158058614e-20 1.322337137602188247e-20 3.166132012713928981e-20
3.271230000000000082e+00 2.274750606686068888e-20 1.397695056005750590e-20 3.151806157366387185e-20
3.276229999999999976e+00 2.330022760496099355e-20 1.491739764048758077e-20 3.168305756943440934e-20
3.281229999999999869e+00 2.414667467257696432e-20 1.588499873048318423e-20 3.240835061467074442e-20
3.286229999999999762e+00 2.526322074311187904e-20 1.675588654886723378e-20 3.377055493735652430e-20
3.291229999999999656e+00 2.655039733328159681e-20 1.750280174182276464e-20 3.559799292474042898e-20
3.296229999999999993e+00 2.784792043399809167e-20 1.815018580735715475e-20 3.754565506063902858e-20
3.301229999999999887e+00 2.896754882425020783e-20 1.870578869288293732e-20 3.922930895561747834e-20
3.306230000000000224e+00 2.973443501275121578e-20 1.914228557227854971e-20 4.032658445322388185e-20
3.311230000000000118e+00 3.002512860405173754e-20 1.941159324503968512e-20 4.063866396306378997e-20
3.316230000000000011e+00 2.979222959763483924e-20 1.946273485657048811e-20 4.012172433869918736e-20
3.321229999999999905e+00 2.907069001065681736e-20 1.925887354192800345e-20 3.888250647938563127e-20
3.326229999999999798e+00 2.796659874919846894e-20 1.879864407483189509e-20 3.713455342356504279e-20
3.331229999999999691e+00 2.663367938126347264e-20 1.813701762035484287e-20 3.513034114217209939e-20
3.336230000000000029e+00 2.524449104112029350e-20 1.738601666679389757e-20 3.310296541544668641e-20
3.341229999999999922e+00 2.396270851585399970e-20 1.667909214948958988e-20 3.124632488221840650e-20
3.346229999999999816e+00 2.292108645768469796e-20 1.611428332723732864e-20 2.972788958813206729e-20
3.351230000000000153e+00 2.220793847085444254e-20 1.571988281914660581e-20 2.869599412256227926e-20
3.356230000000000047e+00 2.186348128741001915e-20 1.547528947684742048e-20 2.825167309797261782e-20
3.361229999999999940e+00 2.188572417801466761e-20 1.536783391099787003e-20 2.840361444503146819e-20
3.366229999999999833e+00 2.224333588005972489e-20 1.542156236397862724e-20 2.906510939614082254e-20
3.371229999999999727e+00 2.289065692664326110e-20 1.567033058875202879e-20 3.011098326453449341e-20
3.376229999999999620e+00 2.377919690630050483e-20 1.611814465947426304e-20 3.144024915312674662e-20
3.381229999999999958e+00 2.486179169475291488e-20 1.672915353253153072e-20 3.299442985697429905e-20
3.386229999999999851e+00 2.608976509223936805e-20 1.745025115279247552e-20 3.472927903168626059e-20
3.391230000000000189e+00 2.740772744438780774e-20 1.824316873335435829e-20 3.657228615542125720e-20
3.396230000000000082e+00 2.875220567117348547e-20 1.909560037219397878e-20 3.840881097015299216e-20
3.401229999999999976e+00 3.005777636749443140e-20 2.000027964866512990e-20 4.011527308632373290e-20
3.406229999999999869e+00 3.126921308731901807e-20 2.092280266262596740e-20 4.161562351201206874e-20
3.411229999999999762e+00 3.235383519111716061e-20 2.179145922422288568e-20 4.291621115801143555e-20
3.416229999999999656e+00 3.330772946297676679e-20 2.252839487623234513e-20 4.408706404972118845e-20
3.421229999999999993e+00 3.415296619452366163e-20 2.310749309053443904e-20 4.519843929851288722e-20
3.426229999999999887e+00 3.492762970317632909e-20 2.358767080094976993e-20 4.626758860540288523e-20
3.431230000000000224e+00 3.567315522955361034e-20 2.408001583230490820e-20 4.726629462680231249e-20
3.436230000000000118e+00 3.642295474150041557e-20 2.467200197362125377e-20 4.817390750937958039e-20
3.441230000000000011e+00 3.719421059232055200e-20 2.537324246598182371e-20 4.901517871865928028e-20
3.446229999999999905e+00 3.798345524189490086e-20 2.612406523547517560e-20 4.984284524831462613e-20
3.451229999999999798e+00 3.876694686892666601e-20 2.685561033254822260e-20 5.067828340530510941e-20
3.456229999999999691e+00 3.950743072633541887e-20 2.754631257260547091e-20 5.146854888006536684e-20
3.461230000000000029e+00 4.016762752723938498e-20 2.822396671643079600e-20 5.211128833804797395e-20
3.466229999999999922e+00 4.072744231009729228e-20 2.892064334536403439e-20 5.253424127483055016e-20
3.471229999999999816e+00 4.119852537849455653e-20 2.963051870250741111e-20 5.276653205448170194e-20
3.476230000000000153e+00 4.162923703839819223e-20 3.030746526642399632e-20 5.295100881037238815e-20
3.481230000000000047e+00 4.209641347104166044e-20 3.090414856114964330e-20 5.328867838093367759e-20
3.486229999999999940e+00 4.268607161583959931e-20 3.142362669013118448e-20 5.394851654154801415e-20
3.491229999999999833e+00 4.347017493990469385e-20 3.193833930255093260e-20 5.500201057725845509e-20
3.496229999999999727e+00 4.448815715621261444e-20 3.255704239979935470e-20 5.641927191262587419e-20
3.501229999999999620e+00 4.573946796664379731e-20 3.337046390011691651e-20 5.810847203317067811e-20
3.506229999999999958e+00 4.718850301312722726e-20 3.441496156216627261e-20 5.996204446408818792e-20
3.511229999999999851e+00 4.877845911877150705e-20 3.566484182957276005e-20 6.189207640797024804e-20
3.516230000000000189e+00 5.044801600046911402e-20 3.704897123914505758e-20 6.384706076179317046e-20
3.521230000000000082e+00 5.214495573397326510e-20 3.848638505294107463e-20 6.580352641500545557e-20
3.526229999999999976e+00 5.383303500786138975e-20 3.992537899002224994e-20 6.774069102570052956e-20
3.531229999999999869e+00 5.549101264453649682e-20 4.135803940836235126e-20 6.962398588071064238e-20
3.536229999999999762e+00 5.710451568422307207e-20 4.279402474493480910e-20 7.141500662351133504e-20
3.541229999999999656e+00 5.865241777387084471e-20 4.421060750067420031e-20 7.309422804706748912e-20
3.546229999999999993e+00 6.009056916074016215e-20 4.551628066318612017e-20 7.466485765829420413e-20
3.551229999999999887e+00 6.133775492348227781e-20 4.655694744653442313e-20 7.611856240043013249e-20
3.556230000000000224e+00 6.227090040866394922e-20 4.716631600881567191e-20 7.737548480851222653e-20
3.561230000000000118e+00 6.273659888938599109e-20 4.722922528760719895e-20 7.824397249116478323e-20
3.566230000000000011e+00 6.258199882595331869e-20 4.671581722533583379e-20 7.844818042657080359e-20
3.571229999999999905e+00 6.170022799125916972e-20 4.567465377579476519e-20 7.772580220672357425e-20
3.576229999999999798e+00 6.007716196285979214e-20 4.420787940953226594e-20 7.594644451618731835e-20
3.581229999999999691e+00 5.782223029379323119e-20 4.245211230071646453e-20 7.319234828686999784e-20
3.586230000000000029e+00 5.516923168254013967e-20 4.056961056503966628e-20 6.976885280004061305e-20
3.591229999999999922e+00 5.244299371196090240e-20 3.874173361133099393e-20 6.614425381259081086e-20
3.596229999999999816e+00 4.999970089562597959e-20 3.715547779195571616e-20 6.284392399929624905e-20
3.601230000000000153e+00 4.815741657877579033e-20 3.597983683715494945e-20 6.033499632039663120e-20
3.606230000000000047e+00 4.713547341950535035e-20 3.533761650411606317e-20 5.893333033489463753e-20
3.611229999999999940e+00 4.701722367901774055e-20 3.528232587780428623e-20 5.875212148023119486e-20
3.616229999999999833e+00 4.774289522772218450e-20 3.578479003329315698e-20 5.970100042215120600e-20
3.621229999999999727e+00 4.913128872424344600e-20 3.673135213650131607e-20 6.153122531198557594e-20
3.626229999999999620e+00 5.092305308731740888e-20 3.794152720185592921e-20 6.390457897277888856e-20
3.631229999999999958e+00 5.283513700502424215e-20 3.921142705849719671e-20 6.645884695155128156e-20
3.636229999999999851e+00 5.461549715984738448e-20 4.037226257557664686e-20 6.885873174411812209e-20
3.641230000000000189e+00 5.608842853354101240e-20 4.133830929206131931e-20 7.083854777502070549e-20
3.646230000000000082e+00 5.718301755818342500e-20 4.212205000971137562e-20 7.224398510665548040e-20
3.651229999999999976e+00 5.793960581461572040e-20 4.281117429942901989e-20 7.306803732980242091e-20
3.656229999999999869e+00 5.849191736809662184e-20 4.351741825776756655e-20 7.346641647842567714e-20
3.661229999999999762e+00 5.902634435467993088e-20 4.431505710577386408e-20 7.373763160358599769e-20
3.666229999999999656e+00 5.972519880129964269e-20 4.519369100855998340e-20 7.425670659403930198e-20
3.671229999999999993e+00 6.070656872375577872e-20 4.605571668682516496e-20 7.535742076068638646e-20
3.676229999999999887e+00 6.197726088495289642e-20 4.676854222088695390e-20 7.718597954901884495e-20
3.681229999999999780e+00 6.341434779867164613e-20 4.722453603453830362e-20 7.960415956280498863e-20
3.686230000000000118e+00 6.478391800111872490e-20 4.734978272060479434e-20 8.221805328163265546e-20
3.691230000000000011e+00 6.579452466986477007e-20 4.708117100004633710e-20 8.450787833968320304e-20
3.696229999999999905e+00 6.617157365776652146e-20 4.636999467231923832e-20 8.597315264321380460e-20
3.701229999999999798e+00 6.573166652882524310e-20 4.521965589769327595e-20 8.624367715995721024e-20
3.706230000000000135e+00 6.443506335043359059e-20 4.372001716069494652e-20 8.515010954017223467e-20
3.711230000000000029e+00 6.239997409736637834e-20 4.204118480932563772e-20 8.275876338540711896e-20
3.716229999999999922e+00 5.987282327980266068e-20 4.037552397447011816e-20 7.937012258513520320e-20
3.721229999999999816e+00 5.716169797567242777e-20 3.885037220875129566e-20 7.547302374259355987e-20
3.726229999999999709e+00 5.455274282539137633e-20 3.746447707852564245e-20 7.164100857225711020e-20
3.731230000000000047e+00 5.223700262355112637e-20 3.611219054991248543e-20 6.836181469718976732e-20
3.736229999999999940e+00 5.027374218402955452e-20 3.470772338140255089e-20 6.583976098665655814e-20
3.741229999999999833e+00 4.860387789331063311e-20 3.329734595147806275e-20 6.391040983514319744e-20
3.746229999999999727e+00 4.710738538365224356e-20 3.203003858144283691e-20 6.218473218586164419e-20
3.751230000000000064e+00 4.567991344175520082e-20 3.104091880494088610e-20 6.031890807856950952e-20
3.756229999999999958e+00 4.429568234747953817e-20 3.038028207203836568e-20 5.821108262292071066e-20
3.761229999999999851e+00 4.303060085671832571e-20 3.001479668998125010e-20 5.604640502345540133e-20
3.766229999999999745e+00 4.203795898917977478e-20 2.986522549236602142e-20 5.421069248599352212e-20
3.771230000000000082e+00 4.148954115123900064e-20 2.985936886096699116e-20 5.311971344151101012e-20
3.776229999999999976e+00 4.150775294639106504e-20 2.997711472121456096e-20 5.303839117156756911e-20
3.781229999999999869e+00 4.211479955493734342e-20 3.023938480856421240e-20 5.399021430131047444e-20
3.786229999999999762e+00 4.321536080416647661e-20 3.064227195574009135e-20 5.578844965259286188e-20
3.791230000000000100e+00 4.461583052448799985e-20 3.112178216112490107e-20 5.810987888785109863e-20
3.796229999999999993e+00 4.607177039266321511e-20 3.158800539358282864e-20 6.055553539174360158e-20
3.801229999999999887e+00 4.734836169431388432e-20 3.197268466177256845e-20 6.272403872685520018e-20
3.806229999999999780e+00 4.827626675801112054e-20 3.223676271305323904e-20 6.431577080296900203e-20
3.811230000000000118e+00 4.878684550522404441e-20 3.233948313250027988e-20 6.523420787794780893e-20
3.816230000000000011e+00 4.891616201870066090e-20 3.220204213271093045e-20 6.563028190469039135e-20
3.821229999999999905e+00 4.877652739041033019e-20 3.170548978452632862e-20 6.584756499629433177e-20
3.826229999999999798e+00 4.850551610062518017e-20 3.075223933948352270e-20 6.625879286176683765e-20
3.831230000000000135e+00 4.821134434696333835e-20 2.936531400828245340e-20 6.705737468564422330e-20
3.836230000000000029e+00 4.793567648781771456e-20 2.773085554083052194e-20 6.814049743480490717e-20
3.841229999999999922e+00 4.764820918323151349e-20 2.613411166910394550e-20 6.916230669735907847e-20
3.846229999999999816e+00 4.727391240375290755e-20 2.485147705689311576e-20 6.969634775061270536e-20
3.851230000000000153e+00 4.673944960667505059e-20 2.406826561242881458e-20 6.941063360092128961e-20
3.856230000000000047e+00 4.601687533903833565e-20 2.383400667275758802e-20 6.819974400531908930e-20
3.861229999999999940e+00 4.514445170818314226e-20 2.404869977503453787e-20 6.624020364133174365e-20
3.866229999999999833e+00 4.421561190580598356e-20 2.448993685528827869e-20 6.394128695632368842e-20
3.871229999999999727e+00 4.334221989976568590e-20 2.490171356853698357e-20 6.178272623099438521e-20
3.876230000000000064e+00 4.260983663314298980e-20 2.513138068055838712e-20 6.008829258572758947e-20
3.881229999999999958e+00 4.204522517806713767e-20 2.521521259493602480e-20 5.887523776119825355e-20
3.886229999999999851e+00 4.160924410969979596e-20 2.530887405082910177e-20 5.790961416857049016e-20
3.891229999999999745e+00 4.121596976485081261e-20 2.552572171658521521e-20 5.690621781311641301e-20
3.896230000000000082e+00 4.076787917482621221e-20 2.583562409896302294e-20 5.570013425068940449e-20
3.901229999999999976e+00 4.019212849293233279e-20 2.607156749221344292e-20 5.431268949365121663e-20
3.906229999999999869e+00 3.946532653331043240e-20 2.600538818969476040e-20 5.292526487692610440e-20
3.911229999999999762e+00 3.862096750575950184e-20 2.546478712283396077e-20 5.177714788868504291e-20
3.916230000000000100e+00 3.774062221515955551e-20 2.445997787467314297e-20 5.102126655564596804e-20
3.921229999999999993e+00 3.693397787542289501e-20 2.322327112376030109e-20 5.064468462708548894e-20
3.926229999999999887e+00 3.631329689577104406e-20 2.209572098973274022e-20 5.053087280180934488e-20
3.931229999999999780e+00 3.596653564376361429e-20 2.134907286257993222e-20 5.058399842494729335e-20
3.936230000000000118e+00 3.593258237351555159e-20 2.106895092015789962e-20 5.079621382687320657e-20
3.941230000000000011e+00 3.618295706290912920e-20 2.114758075111912475e-20 5.121833337469913064e-20
3.946229999999999905e+00 3.661580948498417229e-20 2.137459350884069085e-20 5.185702546112765372e-20
3.951229999999999798e+00 3.706770011443810872e-20 2.156416541572032440e-20 5.257123481315589606e-20
3.956230000000000135e+00 3.734465994251122257e-20 2.162696989058246554e-20 5.306234999443998261e-20
3.961230000000000029e+00 3.726710742777463684e-20 2.155260952734750270e-20 5.298160532820176798e-20
3.966229999999999922e+00 3.671661807204876969e-20 2.135546567329232034e-20 5.207777047080521903e-20
3.971229999999999816e+00 3.567014596405297666e-20 2.104143710178495453e-20 5.029885482632099880e-20
3.976230000000000153e+00 3.421091049733849860e-20 2.060455824752368323e-20 4.781726274715331396e-20
3.981230000000000047e+00 3.251325938884047249e-20 2.003731223156855313e-20 4.498920654611239186e-20
3.986229999999999940e+00 3.080743792644078412e-20 1.934505539696833345e-20 4.226982045591323780e-20
3.991229999999999833e+00 2.933535745833044112e-20 1.856819671725526640e-20 4.010251819940561583e-20
3.996229999999999727e+00 2.830842503244342808e-20 1.780731055108597174e-20 3.880953951380088441e-20
4.001229999999999620e+00 2.787449468747359227e-20 1.721399765533373679e-20 3.853499171961344776e-20
4.006230000000000402e+00 2.809617052671563526e-20 1.692388314331531626e-20 3.926845791011595726e-20
4.011229999999999407e+00 2.894004084532034745e-20 1.698643370056904840e-20 4.089364799007164350e-20
4.016230000000000189e+00 3.027695787969963059e-20 1.735862640369553351e-20 4.319528935570372767e-20
4.021230000000000082e+00 3.189557187606794827e-20 1.795235889647403683e-20 4.583878485566185970e-20
4.026229999999999976e+00 3.353180874494819760e-20 1.867894195552580276e-20 4.838467553437059544e-20
4.031229999999999869e+00 3.491347557355483688e-20 1.946042722132350348e-20 5.036652392578616726e-20
4.036229999999999762e+00 3.581227479662960986e-20 2.022005145318681966e-20 5.140449814007240005e-20
4.041230000000000544e+00 3.608903925712322682e-20 2.087327488657683532e-20 5.130480362766961832e-20
4.046229999999999549e+00 3.571683561437795989e-20 2.132603873168520025e-20 5.010763249707071953e-20
4.051230000000000331e+00 3.477316472518922463e-20 2.147685203808211242e-20 4.806947741229633685e-20
4.056229999999999336e+00 3.340458798215256117e-20 2.122566994246793512e-20 4.558350602183718722e-20
4.061230000000000118e+00 3.177865810613837608e-20 2.050570018709990414e-20 4.305161602517684502e-20
4.066230000000000011e+00 3.004268625644816538e-20 1.934285331843839732e-20 4.074251919445793344e-20
4.071229999999999905e+00 2.830396223079100796e-20 1.789281231191160671e-20 3.871511214967040621e-20
4.076229999999999798e+00 2.663424151591937023e-20 1.639221814428095895e-20 3.687626488755778150e-20
4.081229999999999691e+00 2.508903980999651036e-20 1.505471119307770991e-20 3.512336842691531080e-20
4.086230000000000473e+00 2.372595152894974654e-20 1.399137954789662108e-20 3.346052351000287199e-20
4.091229999999999478e+00 2.260876349275180190e-20 1.318087413204211116e-20 3.203665285346149414e-20
4.096230000000000260e+00 2.179368870245848216e-20 1.249176716847764982e-20 3.109561023643931450e-20
4.101230000000000153e+00 2.130520885567011504e-20 1.177724663346180440e-20 3.083317107787842718e-20
4.106230000000000047e+00 2.111583931708633819e-20 1.100200060819869889e-20 3.122967802597397598e-20
4.111229999999999940e+00 2.114310254999714116e-20 1.026908020052640401e-20 3.201712489946787982e-20
4.116229999999999833e+00 2.126868725165171817e-20 9.726172068828650544e-21 3.281120243447478579e-20
4.121229999999999727e+00 2.137347994075568679e-20 9.473494726556006381e-21 3.327346515495536870e-20
4.126229999999999620e+00 2.137374258880307902e-20 9.530944434408284058e-21 3.321654074319787549e-20
4.131230000000000402e+00 2.124259870601371068e-20 9.841659931456367577e-21 3.264353748057105680e-20
4.136229999999999407e+00 2.100781147998046439e-20 1.028993659037956046e-20 3.172568636958136681e-20
4.141230000000000189e+00 2.072802475042670792e-20 1.073268380933442958e-20 3.072336569151898926e-20
4.146230000000000082e+00 2.045936866724617908e-20 1.104804169906702327e-20 2.987069563542533188e-20
4.151229999999999976e+00 2.022779677154414525e-20 1.118145952030176354e-20 2.927413402278652696e-20
4.156229999999999869e+00 2.001853713504101187e-20 1.114667885308271802e-20 2.889039541699930422e-20
4.161229999999999762e+00 1.978537444560413847e-20 1.097782390318787543e-20 2.859292498802040302e-20
4.166230000000000544e+00 1.947382013889407247e-20 1.068821253229396536e-20 2.825942774549417958e-20
4.171229999999999549e+00 1.904737449532391576e-20 1.027019141034308696e-20 2.782455758030474456e-20
4.176230000000000331e+00 1.850628437940630918e-20 9.712762643675420356e-21 2.729980611513719800e-20
4.181229999999999336e+00 1.789235163837125564e-20 9.007299126637780408e-21 2.677740415010473086e-20
4.186230000000000118e+00 1.727927617856956876e-20 8.148778915995915422e-21 2.640977344114322060e-20
4.191230000000000011e+00 1.675353417706360984e-20 7.163404229105818913e-21 2.634366412502139927e-20
4.196229999999999905e+00 1.639405360806527333e-20 6.157837608545845830e-21 2.663026960758469933e-20
4.201229999999999798e+00 1.625866745467835399e-20 5.330423843269290846e-21 2.718691106608741713e-20
4.206229999999999691e+00 1.638136397586455542e-20 4.910915095363393088e-21 2.785181285636571475e-20
4.211230000000000473e+00 1.677837288109543375e-20 5.066812066776615537e-21 2.848993369541424895e-20
4.216229999999999478e+00 1.745627447176635569e-20 5.825898902866078650e-21 2.908665004066663424e-20
4.221230000000000260e+00 1.841456085803633326e-20 7.040969328720473882e-21 2.978815238735218962e-20
4.226230000000000153e+00 1.963911091046074313e-20 8.422234916515630660e-21 3.085598690440585710e-20
4.231230000000000047e+00 2.108948975482690819e-20 9.664856704231480291e-21 3.251412280542233759e-20
4.236229999999999940e+00 2.268778745568809022e-20 1.061479342713998297e-20 3.476078148423619897e-20
4.241229999999999833e+00 2.431683419312728729e-20 1.130628258406746341e-20 3.732738580218710966e-20
4.246229999999999727e+00 2.583110040808931298e-20 1.184078999272276084e-20 3.982141082345586813e-20
4.251229999999999620e+00 2.707735822648015755e-20 1.226759544895135737e-20 4.188712100400895774e-20
4.256230000000000402e+00 2.791797567275814843e-20 1.255204675949337590e-20 4.328390458602292096e-20
4.261229999999999407e+00 2.824959328610639278e-20 1.260449463674312403e-20 4.389469193546966152e-20
4.266230000000000189e+00 2.801323573548111934e-20 1.233104322848511210e-20 4.369542824247712658e-20
4.271230000000000082e+00 2.719615214264059831e-20 1.168231017111559805e-20 4.270999411416559556e-20
4.276229999999999976e+00 2.582841937297973299e-20 1.068192304562116979e-20 4.097491570033829921e-20
4.281229999999999869e+00 2.397761319459397845e-20 9.423329238534690435e-21 3.853189715065326646e-20
4.286229999999999762e+00 2.174330437264193436e-20 8.040006800884336659e-21 3.544660194439952906e-20
4.291230000000000544e+00 1.925118786329753540e-20 6.668699609418788855e-21 3.183367611717627894e-20
4.296229999999999549e+00 1.664549264400113136e-20 5.423725142793239203e-21 2.786726014520902502e-20
4.301230000000000331e+00 1.407842750240177629e-20 4.386685555497949679e-21 2.377016944930560291e-20
4.306229999999999336e+00 1.169662471919687608e-20 3.604445897379781865e-21 1.978880354101397179e-20
4.311230000000000118e+00 9.626275092743265524e-21 3.086379596853425935e-21 1.616617058863310511e-20
4.316230000000000011e+00 7.960114055495504462e-21 2.796839730621330392e-21 1.312338838036967778e-20
4.321229999999999905e+00 6.749809386297075750e-21 2.647504602281408927e-21 1.085211417031274257e-20
4.326229999999999798e+00 6.006128320399351465e-21 2.516140657814786138e-21 9.496115982983916792e-21
4.331229999999999691e+00 5.706748433766482304e-21 2.335473119746768558e-21 9.078023747786196051e-21
4.336230000000000473e+00 5.808751526469007843e-21 2.163650898227471553e-21 9.453852154710543381e-21
4.341229999999999478e+00 6.261098955391188588e-21 2.085240211120480395e-21 1.043695769966189603e-20
4.346230000000000260e+00 7.012686284774812634e-21 2.115798093837322838e-21 1.190957447571230243e-20
4.351230000000000153e+00 8.013789191658923540e-21 2.227166483595794020e-21 1.380041189972205306e-20
4.356230000000000047e+00 9.211666174513467875e-21 2.394532775957356523e-21 1.602879957306957923e-20
4.361229999999999940e+00 1.054329999646392377e-20 2.603766844446108791e-21 1.848283314848173874e-20
4.366229999999999833e+00 1.192890347390444204e-20 2.829283553638650554e-21 2.102852339417023353e-20
4.371229999999999727e+00 1.326911453667938838e-20 3.015537570157002822e-21 2.352269150320177395e-20
4.376229999999999620e+00 1.444763542600268634e-20 3.082856259250938503e-21 2.581241459275443418e-20
4.381230000000000402e+00 1.534008336694599415e-20 2.955128889583844815e-21 2.772503784430814197e-20
4.386229999999999407e+00 1.582891141066497338e-20 2.591883818216682421e-21 2.906593900311326735e-20
4.391230000000000189e+00 1.582286178193790196e-20 2.008343232148386642e-21 2.963738033172741727e-20
4.396230000000000082e+00 1.527733985840640488e-20 1.277032235857669495e-21 2.927764748095514327e-20
4.401229999999999976e+00 1.421010994871772253e-20 5.117645380895968045e-22 2.790845535934585127e-20
4.406229999999999869e+00 1.270624515274677351e-20 -1.617000080672323615e-22 2.557419031356077938e-20
4.411229999999999762e+00 1.090839005751025240e-20 -6.397842690250299551e-22 2.245656438404553326e-20
4.416230000000000544e+00 8.992865892786521411e-21 -8.680501711256808447e-22 1.885378195669872517e-20
4.421229999999999549e+00 7.137235781622240319e-21 -8.514958105575420284e-22 1.512596737380202116e-20
4.426230000000000331e+00 5.488312388969468319e-21 -6.470689691692983755e-22 1.162369374710823501e-20
4.431229999999999336e+00 4.139606514683114343e-21 -3.458373422110017933e-22 8.625050371577230480e-21
4.436230000000000118e+00 3.123891087315428382e-21 -5.454240285990011988e-23 6.302324577490757259e-21
4.441230000000000011e+00 2.421455616251198916e-21 1.244777752611886709e-22 4.718433457241209161e-21
4.446229999999999905e+00 1.979912009193727625e-21 1.416108355761574277e-22 3.818213182811297822e-21
4.451229999999999798e+00 1.738679824139730151e-21 6.091011535679639642e-23 3.416449532922663529e-21
4.456229999999999691e+00 1.650937972980323123e-21 -9.750135305794521756e-24 3.311626081266440769e-21
4.461230000000000473e+00 1.697297325596641446e-21 -6.470702095737415774e-23 3.459301672150657050e-21
4.466229999999999478e+00 1.887844968789841444e-21 -2.379383089561835812e-22 4.013628246535866468e-21
4.471230000000000260e+00 2.251977685157856587e-21 -6.842184883724281988e-22 5.188173858688141749e-21
4.476230000000000153e+00 2.818447010740458565e-21 -1.435734796717883578e-21 7.072628818198800709e-21
4.481230000000000047e+00 3.591148735096302539e-21 -2.428983186784973289e-21 9.611280656977578368e-21
4.486229999999999940e+00 4.528714364502582728e-21 -3.560800628062330320e-21 1.261822935706749653e-20
4.491229999999999833e+00 5.536532832038057173e-21 -4.699764436843687824e-21 1.577283010091980142e-20
4.496229999999999727e+00 6.477086188248077216e-21 -5.694253229590388108e-21 1.864842560608654254e-20
4.501229999999999620e+00 7.198299841310689666e-21 -6.394830527200912598e-21 2.079143020982229343e-20
4.506230000000000402e+00 7.571976987176547597e-21 -6.686850232778605534e-21 2.183080420713170073e-20
4.511229999999999407e+00 7.528947233264869516e-21 -6.521089390057797744e-21 2.157898385658753527e-20
4.516230000000000189e+00 7.077639342461748661e-21 -5.929456909943889012e-21 2.008473559486738633e-20
4.521230000000000082e+00 6.299091251053126738e-21 -5.018306224755731081e-21 1.761648872686198456e-20
4.526229999999999976e+00 5.321110535042361096e-21 -3.940982165692038064e-21 1.458320323577676101e-20
4.531229999999999869e+00 4.282485544875072482e-21 -2.859376871081555657e-21 1.142434796083170062e-20
4.536229999999999762e+00 3.300793782647782006e-21 -1.907477595924954212e-21 8.509065161220518600e-21
4.541230000000000544e+00 2.453711822530302744e-21 -1.167128161520660780e-21 6.074551806581265892e-21
4.546229999999999549e+00 1.776489204514353781e-21 -6.598733819481667691e-22 4.212851790976874332e-21
4.551230000000000331e+00 1.271516239625895007e-21 -3.535899730972075393e-22 2.896622452348997554e-21
4.556229999999999336e+00 9.226575832836318029e-22 -1.837262510486316904e-22 2.029041417615895296e-21
4.561230000000000118e+00 7.077163806131204221e-22 -9.319273731790697520e-23 1.508625498544147725e-21
4.566230000000000011e+00 6.054789443283927306e-22 -7.792229822478849934e-23 1.288880186881574055e-21
4.571229999999999905e+00 5.971484763102180845e-22 -1.643305220839834101e-22 1.358627474704419485e-21
4.576229999999999798e+00 6.641930849605452223e-22 -3.227588983360922914e-22 1.651145068257182642e-21
4.581229999999999691e+00 7.853572598054576942e-22 -4.992372782463263467e-22 2.069951797857241923e-21
4.586230000000000473e+00 9.351502429611606854e-22 -6.588607149122075681e-22 2.529161200834528939e-21
4.591229999999999478e+00 1.085025006000228464e-21 -7.787294348196532724e-22 2.948779446820110200e-21
4.596230000000000260e+00 1.207121156771765060e-21 -8.420567551590386019e-22 3.256299068702568722e-21
4.601230000000000153e+00 1.279256902692350534e-21 -8.396546344757213751e-22 3.398168439860422630e-21
4.606230000000000047e+00 1.289226139615485746e-21 -7.730429391405080786e-22 3.351495218371479759e-21
4.611229999999999940e+00 1.236672273095832633e-21 -6.554748584134843092e-22 3.128819404605149763e-21
4.616229999999999833e+00 1.131809974645263460e-21 -5.095152707258197842e-22 2.773135220016346517e-21
4.621229999999999727e+00 9.915773834320028917e-22 -3.616816644793354812e-22 2.344836431343341265e-21
4.626229999999999620e+00 8.347672008746203460e-22 -2.357905234764972735e-22 1.905324925225738059e-21
4.631230000000000402e+00 6.778539693084298792e-22 -1.468819709459533009e-22 1.502589909562813059e-21
4.636229999999999407e+00 5.326251828513758203e-22 -9.744820978249895975e-23 1.162698575485250694e-21
4.641230000000000189e+00 4.057702190979385570e-22 -7.796521320485979091e-23 8.895056514007368579e-22
4.646230000000000082e+00 2.998194483751944345e-22 -7.300761050391282210e-23 6.726465072543016442e-22
4.651229999999999976e+00 2.145659822091133751e-22 -6.972742343209034171e-23 4.988593878503170919e-22
4.656229999999999869e+00 1.483063359735077863e-22 -6.232689785152598375e-23 3.589395697985415563e-22
4.661229999999999762e+00 9.863730121973772621e-23 -5.086578226223849825e-23 2.481403847017139624e-22
4.666230000000000544e+00 6.287144460870121141e-23 -3.789452600609178040e-23 1.636374152234942032e-22
4.671229999999999549e+00 3.825758843483326224e-23 -2.592006185172445305e-23 1.024352387213909775e-22
4.676230000000000331e+00 2.215049008088297088e-23 -1.637237647018056108e-23 6.067335663194650577e-23
4.681229999999999336e+00 1.217470968111381086e-23 -9.588002589730336268e-24 3.393742195195795945e-23
4.686230000000000118e+00 6.359912490589955999e-24 -5.202807657198089455e-24 1.792263263837799998e-23
4.691230000000000011e+00 3.215598598477981938e-24 -2.564549399223015987e-24 8.995746596178980230e-24
4.696229999999999905e+00 1.741816883324386947e-24 -1.037807185318224278e-24 4.521440951966998540e-24
4.701229999999999798e+00 1.405536756338741858e-24 -5.385404953226650782e-25 3.349614008000148977e-24
4.706229999999999691e+00 2.128526491348051396e-24 -1.571939574191995476e-24 5.828992556888097901e-24
4.711230000000000473e+00 4.325878946973678734e-24 -3.954100936404157097e-24 1.260585883035151383e-23
4.716229999999999478e+00 9.006258213299430566e-24 -8.560927063914953160e-24 2.657344349051381576e-23
4.721230000000000260e+00 1.789808546943673146e-23 -1.712895711249377394e-23 5.292512805136723980e-23
4.726230000000000153e+00 3.350659682114005346e-23 -3.210418664083591591e-23 9.911738028311602870e-23
4.731230000000000047e+00 5.895463575187557129e-23 -5.649843936972098654e-23 1.744077108734721291e-22
4.736229999999999940e+00 9.745358621914741256e-23 -9.339665014921693744e-23 2.883038225875117861e-22
4.741229999999999833e+00 1.513353590296045343e-22 -1.450362168902328170e-22 4.477069349494419092e-22
4.746230000000000615e+00 2.207702991221656545e-22 -2.115812318814319794e-22 6.531218301257632883e-22
4.751229999999999620e+00 3.025503481136045095e-22 -2.899574212222360827e-22 8.950581174494451017e-22
4.756230000000000402e+00 3.895034367297865311e-22 -3.732913090174257794e-22 1.152298182476998889e-21
4.761229999999999407e+00 4.710657524774333493e-22 -4.514587952521578705e-22 1.393590300207024569e-21
4.766230000000000189e+00 5.351904611501191427e-22 -5.129144705757553584e-22 1.583295392875993644e-21
4.771230000000000082e+00 5.712047264655475591e-22 -5.474297304947862539e-22 1.689839183425881278e-21
4.776229999999999976e+00 5.727061085668541648e-22 -5.488686212626089455e-22 1.694280838396317463e-21
4.781229999999999869e+00 5.394217247156525815e-22 -5.169696182672657980e-22 1.595813067698570961e-21
4.786229999999999762e+00 4.772892425371987050e-22 -4.574232482901766839e-22 1.412001733364574094e-21
4.791230000000000544e+00 3.967267218500165194e-22 -3.802139449602833482e-22 1.173667388660316387e-21
4.796229999999999549e+00 3.097831961654739033e-22 -2.968892303176205622e-22 9.164556226485684158e-22
4.801230000000000331e+00 2.272379452849624415e-22 -2.177797230763069646e-22 6.722556136462318477e-22
4.806229999999999336e+00 1.565887098669499499e-22 -1.500710888268951146e-22 4.632485085607950144e-22
4.811230000000000118e+00 1.013670092444559712e-22 -9.714785607063800274e-23 2.998818745595499451e-22
4.816230000000000011e+00 6.164380177334897193e-23 -5.907802969585692286e-23 1.823656332425548785e-22
4.821229999999999905e+00 3.521590001542283020e-23 -3.375012453850584243e-23 1.041819245693514969e-22
4.826229999999999798e+00 1.889925844534350324e-23 -1.811262315989093498e-23 5.591114005057793853e-23
4.831229999999999691e+00 9.528122469379635833e-24 -9.131537737750933490e-24 2.818778267651020369e-23
4.836230000000000473e+00 4.512596396786838370e-24 -4.324770638173857424e-24 1.334996343174753343e-23
4.841229999999999478e+00 2.007715855516874609e-24 -1.924149606625170720e-24 5.939581317658919939e-24
4.846230000000000260e+00 8.391403412943340956e-25 -8.042131824421534893e-25 2.482493865030821681e-24
4.851230000000000153e+00 3.294758190929025170e-25 -3.157621961086188277e-25 9.747138342944238157e-25
4.856230000000000047e+00 1.215259675433934549e-25 -1.164677471669242653e-25 3.595196822537111980e-25
4.861229999999999940e+00 4.210864081253995864e-26 -4.035597190326059827e-26 1.245732535283405155e-25
4.866229999999999833e+00 1.370660679749143786e-26 -1.313610290275307632e-26 4.054931649773594917e-26
4.871230000000000615e+00 4.191266537796895776e-27 -4.016815346555586470e-27 1.239934842214937802e-26
4.876229999999999620e+00 1.203974255980322662e-27 -1.153861780124729007e-27 3.561810292085374511e-27
4.881230000000000402e+00 3.248970112224833253e-28 -3.113739698870363626e-28 9.611679923320030581e-28
4.886229999999999407e+00 8.236274769111329587e-29 -7.893460029961566822e-29 2.436600956818422600e-28
4.891230000000000189e+00 1.961428728039428778e-29 -1.879789067317391138e-29 5.802646523396248414e-29
4.896230000000000082e+00 4.388042568856095225e-30 -4.205401057882982073e-30 1.298148619559517322e-29
4.901229999999999976e+00 9.222012936385238060e-31 -8.838169263383942525e-31 2.728219513615441864e-30
4.906229999999999869e+00 1.820695073247465057e-31 -1.744913105779891919e-31 5.386303252274822033e-31
4.911229999999999762e+00 3.376799709818167465e-32 -3.236248702945058870e-32 9.989848122581393800e-32
4.916230000000000544e+00 5.883421747757312690e-33 -5.638538745634822765e-33 1.740538224114944883e-32
4.921229999999999549e+00 9.629666708869979654e-34 -9.228855447293082506e-34 2.848818886503304352e-33
4.926230000000000331e+00 1.480638798910464238e-34 -1.419010839929884250e-34 4.380288437750812299e-34
4.931229999999999336e+00 2.138669076171458048e-35 -2.049652220611357695e-35 6.326990372954273791e-35
4.936230000000000118e+00 2.901981563844572249e-36 -2.781193697883818215e-36 8.585156825572962044e-36
4.941230000000000011e+00 3.699153073971214669e-37 -3.545184898834002724e-37 1.094349104677643164e-36
4.946229999999999905e+00 4.429620823552317472e-38 -4.245248719691289433e-38 1.310449036679592542e-37
4.951229999999999798e+00 4.982959942876380902e-39 -4.775556455146966935e-39 1.474147634089972743e-38
4.956229999999999691e+00 5.265805753641208781e-40 -5.046629502671713153e-40 1.557824100995412990e-39
4.961230000000000473e+00 5.227558099685503447e-41 -5.009973813515795041e-41 1.546509001288680193e-40
4.966229999999999478e+00 4.875166996193846252e-42 -4.672250125525624726e-42 1.442258411791331723e-41
4.971230000000000260e+00 4.271070303916700702e-43 -4.093297476616274821e-43 1.263543808444967622e-42
4.976230000000000153e+00 3.515123098221098374e-44 -3.368814719521064589e-44 1.039906091596326233e-43
4.981230000000000047e+00 2.717696478170600546e-45 -2.604579026972068414e-45 8.039971983313269196e-45
4.986229999999999940e+00 1.973867332820802225e-46 -1.891709945678352111e-46 5.839444611319956173e-46
4.991229999999999833e+00 1.346764197357346852e-47 -1.290708440360899134e-47 3.984236835075592838e-47
4.996230000000000615e+00 8.632205292933966030e-49 -8.272910916684646731e-49 2.553732150255258031e-48
5.001229999999999620e+00 5.197668207827946366e-50 -4.981328015106821256e-50 1.537666443076271399e-49
5.006230000000000402e+00 2.940031208523795493e-51 -2.817659619413799352e-51 8.697722036461390339e-51
5.011229999999999407e+00 1.562254998592462803e-52 -1.497229965450471808e-52 4.621739962635397228e-52
5.016230000000000189e+00 7.798453738740849529e-54 -7.473862226295801798e-54 2.307076970377750317e-53
5.021230000000000082e+00 3.656972313863544749e-55 -3.504759809424417350e-55 1.081870443715150757e-54
5.026229999999999976e+00 1.610984787743808870e-56 -1.543931496630207218e-56 4.765901072117825184e-56
5.031229999999999869e+00 6.666805751525294650e-58 -6.389316311366858522e-58 1.972292781441744641e-57
5.036229999999999762e+00 2.591795659703345208e-59 -2.483918521322391477e-59 7.667509840729082335e-59
5.041230000000000544e+00 9.465429169085996899e-61 -9.071453892337117740e-61 2.800231223050910877e-60
5.046229999999999549e+00 3.247405011400080170e-62 -3.112239741529286213e-62 9.607049764329446554e-62
5.051230000000000331e+00 1.046620406189389984e-63 -1.003057398446818898e-63 3.096298210825599137e-63
5.056229999999999336e+00 3.168827033244282509e-65 -3.036932379014602376e-65 9.374586445503166551e-65
5.061230000000000118e+00 9.012898196658215323e-67 -8.637758411878438057e-67 2.666355480519487002e-66
5.066230000000000011e+00 2.408169167678986961e-68 -2.307935031714675529e-68 7.124273367072649039e-68
5.071229999999999905e+00 6.044579761727065647e-70 -5.792988952486692717e-70 1.788214847594082401e-69
5.076229999999999798e+00 1.425285374274817500e-71 -1.365961365849481400e-71 4.216532114399116198e-71
5.081229999999999691e+00 3.157142171536349396e-73 -3.025733871020065538e-73 9.340018214092763702e-73
5.086230000000000473e+00 6.569662283078865650e-75 -6.296216201566066639e-75 1.943554076772379696e-74
5.091229999999999478e+00 1.284246957519180530e-76 -1.230793327317708205e-76 3.799287242356069110e-76
5.096230000000000260e+00 2.358362936301269279e-78 -2.260201862576430152e-78 6.976927735178968710e-78
5.101230000000000153e+00 4.068453261793230862e-80 -3.899113871986151790e-80 1.203602039557261276e-79
5.106230000000000047e+00 6.593327015126672422e-82 -6.318895947176281673e-82 1.950554997742962535e-81
5.111229999999999940e+00 1.003775280735009868e-83 -9.619955962688332282e-84 2.969546157738852964e-83
5.116229999999999833e+00 1.435571974411467563e-85 -1.375819811481664782e-85 4.246963760304600193e-85
5.121230000000000615e+00 1.928723806843295309e-87 -1.848445408262586346e-87 5.705893021949177187e-87
5.126229999999999620e+00 2.434286585435906618e-89 -2.332965376006175022e-89 7.201538546877988607e-89
5.131230000000000402e+00 2.886223546236015948e-91 -2.766091569114294097e-91 8.538538661586325449e-91
5.136229999999999407e+00 3.214732344707934826e-93 -3.080926994463799898e-93 9.510391683879669551e-93
5.141230000000000189e+00 3.363692363032915069e-95 -3.223686917326052425e-95 9.951071643391882562e-95
5.146230000000000082e+00 3.306315654644089104e-97 -3.168698373716953493e-97 9.781329683005131701e-97
5.151229999999999976e+00 3.053015101397075497e-99 -2.925940834820756627e-99 9.031971037614908028e-99
5.156229999999999869e+00 2.648318330091782656e-101 -2.538088574168523077e-101 7.834725234352089024e-101
5.161229999999999762e+00 2.158082362274823144e-103 -2.068257476288572294e-103 6.384422200838218830e-103
5.166230000000000544e+00 1.652047153738123213e-105 -1.583284742338754776e-105 4.887379049815001203e-105
5.171229999999999549e+00 1.188046550512375040e-107 -1.138597026336817211e-107 3.514690127361567442e-107
5.176230000000000331e+00 8.026035404707988333e-110 -7.691971363523845950e-110 2.374404217293982143e-109
5.181229999999999336e+00 5.093605192190614655e-112 -4.881596367297837238e-112 1.506880675167906655e-111
5.186230000000000118e+00 3.036729321215513301e-114 -2.910332910301013857e-114 8.983791552732040820e-114
5.191230000000000011e+00 1.700761753598225524e-116 -1.629971716444239428e-116 5.031495223640690758e-116
5.196229999999999905e+00 8.948236914016571728e-119 -8.575788496555631822e-119 2.647226232458877418e-118
5.201229999999999798e+00 4.422705911839172706e-121 -4.238621624220450679e-121 1.308403344789879695e-120
5.206229999999999691e+00 2.053502541404390429e-123 -1.968030533996959233e-123 6.075035616805739420e-123
5.211230000000000473e+00 8.956926745460186201e-126 -8.584116635075798106e-126 2.649797012599617051e-125
5.216229999999999478e+00 3.670112652063420583e-128 -3.517353213271222024e-128 1.085757851739806370e-127
5.221230000000000260e+00 1.412720874255356002e-130 -1.353919832330965398e-130 4.179361580841677402e-130
5.226230000000000153e+00 5.108459146981344639e-133 -4.895832062647275086e-133 1.511275035660996358e-132
5.231230000000000047e+00 1.735322036409293168e-135 -1.663093512236716475e-135 5.133737585055302507e-135
5.236229999999999940e+00 5.537666966722205286e-138 -5.307175159453355866e-138 1.638250909289776525e-137
5.241229999999999833e+00 1.660084447245101182e-140 -1.590987503213627417e-140 4.911156397703829549e-140
5.246230000000000615e+00 4.675091580170759377e-143 -4.480502358042264805e-143 1.383068551838378265e-142
5.251229999999999620e+00 1.236820455639159643e-145 -1.185340837272715243e-145 3.658981748551034705e-145
5.256230000000000402e+00 3.073829618263186081e-148 -2.945888998466497609e-148 9.093548234992869424e-148
5.261229999999999407e+00 7.176447588881333118e-151 -6.877745557056048679e-151 2.123064073481871627e-150
5.266230000000000189e+00 1.573967783438993080e-153 -1.508455234351438960e-153 4.656390801229424855e-153
5.271230000000000082e+00 3.242938816478785745e-156 -3.107959441019274524e-156 9.593837073976846531e-156
5.276229999999999976e+00 6.276799644245121039e-159 -6.015543235762192939e-159 1.856914252425243300e-158
5.281229999999999869e+00 1.141285690705679099e-161 -1.082810582218707155e-161 3.365381963630065353e-161
5.286229999999999762e+00 1.949427431847390278e-164 1.949427431847390278e-164 1.949427431847390278e-164
5.291230000000000544e+00 3.128069320576082037e-167 3.128069320576082037e-167 3.128069320576082037e-167
5.296229999999999549e+00 4.715223244716679296e-170 4.715223244716679296e-170 4.715223244716679296e-170
5.301230000000000331e+00 6.677051792593847499e-173 6.677051792593847499e-173 6.677051792593847499e-173
5.306229999999999336e+00 8.882267030908439224e-176 8.882267030908439224e-176 8.882267030908439224e-176
5.311230000000000118e+00 1.109991110442868826e-178 1.109991110442868826e-178 1.109991110442868826e-178
5.316230000000000011e+00 1.303082075325489234e-181 1.303082075325489234e-181 1.303082075325489234e-181
5.321229999999999905e+00 1.437078976169014804e-184 1.437078976169014804e-184 1.437078976169014804e-184
5.326229999999999798e+00 1.488833375225358581e-187 1.488833375225358581e-187 1.488833375225358581e-187
5.331229999999999691e+00 1.448999216486318628e-190 1.448999216486318628e-190 1.448999216486318628e-190
5.336230000000000473e+00 1.324789265114370273e-193 1.324789265114370273e-193 1.324789265114370273e-193
5.341229999999999478e+00 1.137842221402724642e-196 1.137842221402724642e-196 1.137842221402724642e-196
5.346230000000000260e+00 9.180659587585443932e-200 9.180659587585443932e-200 9.180659587585443932e-200
5.351230000000000153e+00 6.958607145411182796e-203 6.958607145411182796e-203 6.958607145411182796e-203
5.356230000000000047e+00 4.954813907238732731e-206 4.954813907238732731e-206 4.954813907238732731e-206
5.361229999999999940e+00 3.314278289899230673e-209 3.314278289899230673e-209 3.314278289899230673e-209
5.366229999999999833e+00 2.082606363115736810e-212 2.082606363115736810e-212 2.082606363115736810e-212
5.371230000000000615e+00 1.229368284311376625e-215 1.229368284311376625e-215 1.229368284311376625e-215
5.376229999999999620e+00 6.817315818869992626e-219 6.817315818869992626e-219 6.817315818869992626e-219
5.381230000000000402e+00 3.551414938913509567e-222 3.551414938913509567e-222 3.551414938913509567e-222
5.386229999999999407e+00 1.737984967338548271e-225 1.737984967338548271e-225 1.737984967338548271e-225
5.391230000000000189e+00 7.990007906909236096e-229 7.990007906909236096e-229 7.990007906909236096e-229
5.396230000000000082e+00 3.450682468237791827e-232 3.450682468237791827e-232 3.450682468237791827e-232
5.401229999999999976e+00 1.399972099288473634e-235 1.399972099288473634e-235 1.399972099288473634e-235
5.406229999999999869e+00 5.335687163257168754e-239 5.335687163257168754e-239 5.335687163257168754e-239
5.411229999999999762e+00 1.910371944234939067e-242 1.910371944234939067e-242 1.910371944234939067e-242
5.416230000000000544e+00 6.425428558548728516e-246 6.425428558548728516e-246 6.425428558548728516e-246
5.421229999999999549e+00 2.030218878698047652e-249 2.030218878698047652e-249 2.030218878698047652e-249
5.426230000000000331e+00 6.026153909180682291e-253 6.026153909180682291e-253 6.026153909180682291e-253
5.431229999999999336e+00 1.680328416326602729e-256 1.680328416326602729e-256 1.680328416326602729e-256
5.436230000000000118e+00 4.401540671257314646e-260 4.401540671257314646e-260 4.401540671257314646e-260
5.441230000000000011e+00 1.083108243848448941e-263 1.083108243848448941e-263 1.083108243848448941e-263
5.446229999999999905e+00 2.503776728060543913e-267 2.503776728060543913e-267 2.503776728060543913e-267
5.451229999999999798e+00 5.437207789608847514e-271 5.437207789608847514e-271 5.437207789608847514e-271
5.456229999999999691e+00 1.109207652787032186e-274 1.109207652787032186e-274 1.109207652787032186e-274
5.461230000000000473e+00 2.125721567863053949e-278 2.125721567863053949e-278 2.125721567863053949e-278
5.466229999999999478e+00 3.826982669930411597e-282 3.826982669930411597e-282 3.826982669930411597e-282
5.471230000000000260e+00 6.472368074934178609e-286 6.472368074934178609e-286 6.472368074934178609e-286
5.476230000000000153e+00 1.028315811023811115e-289 1.028315811023811115e-289 1.028315811023811115e-289
5.481230000000000047e+00 1.534781001759692668e-293 1.534781001759692668e-293 1.534781001759692668e-293
5.486229999999999940e+00 2.151904088948021080e-297 2.151904088948021080e-297 2.151904088948021080e-297
5.491229999999999833e+00 2.834366470326215347e-301 2.834366470326215347e-301 2.834366470326215347e-301
5.496230000000000615e+00 3.507080121019119206e-305 3.507080121019119206e-305 3.507080121019119206e-305
5.501229999999999620e+00 4.076542443849679978e-309 4.076542443849679978e-309 4.076542443849679978e-309
5.506230000000000402e+00 4.451381782405569922e-313 4.451381782405569922e-313 4.451381782405569922e-313
5.511229999999999407e+00 4.566193730050822020e-317 4.566193730050822020e-317 4.566193730050822020e-317
5.516230000000000189e+00 4.402124904445506709e-321 4.402124904445506709e-321 4.402124904445506709e-321
5.521230000000000082e+00 0.000000000000000000e+00 0.000000000000000000e+00 0.000000000000000000e+00
5.526229999999999976e+00 0.000000000000000000e+00 0.000000000000000000e+00 0.000000000000000000e+00
5.531229999999999869e+00 0.000000000000000000e+00 0.000000000000000000e+00 0.000000000000000000e+00
5.536229999999999762e+00 0.000000000000000000e+00 0.000000000000000000e+00 0.000000000000000000e+00
5.541230000000000544e+00 0.000000000000000000e+00 0.000000000000000000e+00 0.000000000000000000e+00
5.546229999999999549e+00 0.000000000000000000e+00 0.000000000000000000e+00 0.000000000000000000e+00
5.551230000000000331e+00 0.000000000000000000e+00 0.000000000000000000e+00 0.000000000000000000e+00
5.556229999999999336e+00 0.000000000000000000e+00 0.000000000000000000e+00 0.000000000000000000e+00
5.561230000000000118e+00 0.000000000000000000e+00 0.000000000000000000e+00 0.000000000000000000e+00
5.566230000000000011e+00 0.000000000000000000e+00 0.000000000000000000e+00 0.000000000000000000e+00
5.571229999999999905e+00 0.000000000000000000e+00 0.000000000000000000e+00 0.000000000000000000e+00
5.576229999999999798e+00 0.000000000000000000e+00 0.000000000000000000e+00 0.000000000000000000e+00
5.581229999999999691e+00 0.000000000000000000e+00 0.000000000000000000e+00 0.000000000000000000e+00
5.586230000000000473e+00 0.000000000000000000e+00 0.000000000000000000e+00 0.000000000000000000e+00
5.591229999999999478e+00 0.000000000000000000e+00 0.000000000000000000e+00 0.000000000000000000e+00
5.596230000000000260e+00 0.000000000000000000e+00 0.000000000000000000e+00 0.000000000000000000e+00
5.601230000000000153e+00 0.000000000000000000e+00 0.000000000000000000e+00 0.000000000000000000e+00
5.606230000000000047e+00 0.000000000000000000e+00 0.000000000000000000e+00 0.000000000000000000e+00
5.611229999999999940e+00 0.000000000000000000e+00 0.000000000000000000e+00 0.000000000000000000e+00
5.616229999999999833e+00 0.000000000000000000e+00 0.000000000000000000e+00 0.000000000000000000e+00
5.621230000000000615e+00 0.000000000000000000e+00 0.000000000000000000e+00 0.000000000000000000e+00
5.626229999999999620e+00 0.000000000000000000e+00 0.000000000000000000e+00 0.000000000000000000e+00
5.631230000000000402e+00 0.000000000000000000e+00 0.000000000000000000e+00 0.000000000000000000e+00
5.636229999999999407e+00 0.000000000000000000e+00 0.000000000000000000e+00 0.000000000000000000e+00
5.641230000000000189e+00 0.000000000000000000e+00 0.000000000000000000e+00 0.000000000000000000e+00
5.646230000000000082e+00 0.000000000000000000e+00 0.000000000000000000e+00 0.000000000000000000e+00
5.651229999999999976e+00 0.000000000000000000e+00 0.000000000000000000e+00 0.000000000000000000e+00
5.656229999999999869e+00 0.000000000000000000e+00 0.000000000000000000e+00 0.000000000000000000e+00
5.661229999999999762e+00 0.000000000000000000e+00 0.000000000000000000e+00 0.000000000000000000e+00
5.666230000000000544e+00 0.000000000000000000e+00 0.000000000000000000e+00 0.000000000000000000e+00
5.671229999999999549e+00 0.000000000000000000e+00 0.000000000000000000e+00 0.000000000000000000e+00
5.676230000000000331e+00 0.000000000000000000e+00 0.000000000000000000e+00 0.000000000000000000e+00
5.681229999999999336e+00 0.000000000000000000e+00 0.000000000000000000e+00 0.000000000000000000e+00
5.686230000000000118e+00 0.000000000000000000e+00 0.000000000000000000e+00 0.000000000000000000e+00
5.691229999999999123e+00 0.000000000000000000e+00 0.000000000000000000e+00 0.000000000000000000e+00
5.696229999999999905e+00 0.000000000000000000e+00 0.000000000000000000e+00 0.000000000000000000e+00
5.701230000000000686e+00 0.000000000000000000e+00 0.000000000000000000e+00 0.000000000000000000e+00
5.706229999999999691e+00 0.000000000000000000e+00 0.000000000000000000e+00 0.000000000000000000e+00
5.711230000000000473e+00 0.000000000000000000e+00 0.000000000000000000e+00 0.000000000000000000e+00
5.716229999999999478e+00 0.000000000000000000e+00 0.000000000000000000e+00 0.000000000000000000e+00
5.721230000000000260e+00 0.000000000000000000e+00 0.000000000000000000e+00 0.000000000000000000e+00
5.726229999999999265e+00 0.000000000000000000e+00 0.000000000000000000e+00 0.000000000000000000e+00
5.731230000000000047e+00 0.000000000000000000e+00 0.000000000000000000e+00 0.000000000000000000e+00
5.736230000000000828e+00 0.000000000000000000e+00 0.000000000000000000e+00 0.000000000000000000e+00
5.741229999999999833e+00 0.000000000000000000e+00 0.000000000000000000e+00 0.000000000000000000e+00
5.746230000000000615e+00 0.000000000000000000e+00 0.000000000000000000e+00 0.000000000000000000e+00
5.751229999999999620e+00 0.000000000000000000e+00 0.000000000000000000e+00 0.000000000000000000e+00
5.756230000000000402e+00 0.000000000000000000e+00 0.000000000000000000e+00 0.000000000000000000e+00
5.761229999999999407e+00 0.000000000000000000e+00 0.000000000000000000e+00 0.000000000000000000e+00
5.766230000000000189e+00 0.000000000000000000e+00 0.000000000000000000e+00 0.000000000000000000e+00
5.771229999999999194e+00 0.000000000000000000e+00 0.000000000000000000e+00 0.000000000000000000e+00
