1.351970011419999901e+04 0.000000000000000000e+00 0.000000000000000000e+00 0.000000000000000000e+00
1.356002781419999883e+04 0.000000000000000000e+00 0.000000000000000000e+00 0.000000000000000000e+00
1.360035551419999865e+04 0.000000000000000000e+00 0.000000000000000000e+00 0.000000000000000000e+00
1.364068321419999847e+04 0.000000000000000000e+00 0.000000000000000000e+00 0.000000000000000000e+00
1.368101091419999830e+04 0.000000000000000000e+00 0.000000000000000000e+00 0.000000000000000000e+00
1.372133861419999812e+04 0.000000000000000000e+00 0.000000000000000000e+00 0.000000000000000000e+00
1.376166631419999976e+04 0.000000000000000000e+00 0.000000000000000000e+00 0.000000000000000000e+00
1.380199401419999776e+04 0.000000000000000000e+00 0.000000000000000000e+00 0.000000000000000000e+00
1.384232171419999941e+04 0.000000000000000000e+00 0.000000000000000000e+00 0.000000000000000000e+00
1.388264941419999923e+04 0.000000000000000000e+00 0.000000000000000000e+00 0.000000000000000000e+00
1.392297711419999905e+04 0.000000000000000000e+00 0.000000000000000000e+00 0.000000000000000000e+00
1.396330481419999887e+04 0.000000000000000000e+00 0.000000000000000000e+00 0.000000000000000000e+00
1.400363251419999870e+04 0.000000000000000000e+00 0.000000000000000000e+00 0.000000000000000000e+00
1.404396021419999852e+04 0.000000000000000000e+00 0.000000000000000000e+00 0.000000000000000000e+00
1.408428791420000016e+04 0.000000000000000000e+00 0.000000000000000000e+00 0.000000000000000000e+00
1.412461561419999816e+04 0.000000000000000000e+00 0.000000000000000000e+00 0.000000000000000000e+00
1.416494331419999980e+04 0.000000000000000000e+00 0.000000000000000000e+00 0.000000000000000000e+00
1.420527101419999963e+04 0.000000000000000000e+00 0.000000000000000000e+00 0.000000000000000000e+00
1.424559871419999945e+04 0.000000000000000000e+00 0.000000000000000000e+00 0.000000000000000000e+00
1.428592641419999927e+04 0.000000000000000000e+00 0.000000000000000000e+00 0.000000000000000000e+00
1.432625411419999909e+04 0.000000000000000000e+00 0.000000000000000000e+00 0.000000000000000000e+00
1.436658181419999892e+04 0.000000000000000000e+00 0.000000000000000000e+00 0.000000000000000000e+00
1.440690951420000056e+04 0.000000000000000000e+00 0.000000000000000000e+00 0.000000000000000000e+00
1.444723721419999856e+04 0.000000000000000000e+00 0.000000000000000000e+00 0.000000000000000000e+00
1.448756491420000020e+04 0.000000000000000000e+00 0.000000000000000000e+00 0.000000000000000000e+00
1.452789261419999821e+04 0.000000000000000000e+00 0.000000000000000000e+00 0.000000000000000000e+00
1.456822031419999803e+04 0.000000000000000000e+00 0.000000000000000000e+00 0.000000000000000000e+00
1.460854801419999967e+04 0.000000000000000000e+00 0.000000000000000000e+00 0.000000000000000000e+00
1.464887571419999949e+04 0.000000000000000000e+00 0.000000000000000000e+00 0.000000000000000000e+00
1.468920341419999932e+04 0.000000000000000000e+00 0.000000000000000000e+00 0.000000000000000000e+00
1.472953111419999914e+04 0.000000000000000000e+00 0.000000000000000000e+00 0.000000000000000000e+00
1.476985881419999896e+04 0.000000000000000000e+00 0.000000000000000000e+00 0.000000000000000000e+00
1.481018651419999878e+04 0.000000000000000000e+00 0.000000000000000000e+00 0.000000000000000000e+00
1.485051421419999861e+04 0.000000000000000000e+00 0.000000000000000000e+00 0.000000000000000000e+00
1.489084191419999843e+04 0.000000000000000000e+00 0.000000000000000000e+00 0.000000000000000000e+00
1.493116961420000007e+04 0.000000000000000000e+00 0.000000000000000000e+00 0.000000000000000000e+00
1.497149731419999807e+04 0.000000000000000000e+00 0.000000000000000000e+00 0.000000000000000000e+00
1.501182501419999971e+04 0.000000000000000000e+00 0.000000000000000000e+00 0.000000000000000000e+00
1.505215271419999772e+04 0.000000000000000000e+00 0.000000000000000000e+00 0.000000000000000000e+00
1.509248041419999936e+04 0.000000000000000000e+00 0.000000000000000000e+00 0.000000000000000000e+00
1.513280811419999918e+04 0.000000000000000000e+00 0.000000000000000000e+00 0.000000000000000000e+00
1.517313581419999900e+04 0.000000000000000000e+00 0.000000000000000000e+00 0.000000000000000000e+00
1.521346351419999883e+04 0.000000000000000000e+00 0.000000000000000000e+00 0.000000000000000000e+00
1.525379121420000047e+04 0.000000000000000000e+00 0.000000000000000000e+00 0.000000000000000000e+00
1.529411891419999847e+04 0.000000000000000000e+00 0.000000000000000000e+00 0.000000000000000000e+00
1.533444661420000011e+04 0.000000000000000000e+00 0.000000000000000000e+00 0.000000000000000000e+00
1.537477431419999812e+04 0.000000000000000000e+00 0.000000000000000000e+00 0.000000000000000000e+00
1.541510201419999976e+04 0.000000000000000000e+00 0.000000000000000000e+00 0.000000000000000000e+00
1.545542971419999958e+04 0.000000000000000000e+00 0.000000000000000000e+00 0.000000000000000000e+00
1.549575741419999940e+04 0.000000000000000000e+00 0.000000000000000000e+00 0.000000000000000000e+00
1.553608511419999923e+04 0.000000000000000000e+00 0.000000000000000000e+00 0.000000000000000000e+00
1.557641281419999905e+04 2.584340963119488559e-303 2.584340963119488559e-303 2.584340963119488559e-303
1.561674051419999887e+04 2.189324446906674615e-299 2.189324446906674615e-299 2.189324446906674615e-299
1.565706821420000051e+04 2.207854559263385948e-295 2.207854559263385948e-295 2.207854559263385948e-295
1.569739591419999851e+04 2.091603268321249732e-291 2.091603268321249732e-291 2.091603268321249732e-291
1.573772361419999834e+04 1.861421631788239375e-287 1.861421631788239375e-287 1.861421631788239375e-287
1.577805131419999998e+04 1.556204963930711749e-283 1.556204963930711749e-283 1.556204963930711749e-283
1.581837901419999980e+04 1.222208868948001043e-279 1.222208868948001043e-279 1.222208868948001043e-279
1.585870671419999962e+04 9.017385994438023478e-276 9.017385994438023478e-276 9.017385994438023478e-276
1.589903441419999763e+04 6.249891596497706113e-272 6.249891596497706113e-272 6.249891596497706113e-272
1.593936211419999927e+04 4.069311201052684756e-268 4.069311201052684756e-268 4.069311201052684756e-268
1.597968981419999909e+04 2.489005853387408263e-264 2.489005853387408263e-264 2.489005853387408263e-264
1.602001751419999891e+04 1.430169549188340594e-260 1.430169549188340594e-260 1.430169549188340594e-260
1.606034521419999874e+04 7.719794342637359315e-257 7.719794342637359315e-257 7.719794342637359315e-257
1.610067291420000038e+04 3.914538146147412187e-253 3.914538146147412187e-253 3.914538146147412187e-253
1.614100061420000020e+04 1.864712676138036782e-249 1.864712676138036782e-249 1.864712676138036782e-249
1.618132831420000002e+04 8.344492172790727951e-246 8.344492172790727951e-246 8.344492172790727951e-246
1.622165601419999803e+04 3.507878115628249068e-242 3.507878115628249068e-242 3.507878115628249068e-242
1.626198371419999785e+04 1.385305866145940831e-238 1.385305866145940831e-238 1.385305866145940831e-238
1.630231141420000131e+04 5.139293806304370689e-235 5.139293806304370689e-235 5.139293806304370689e-235
1.634263911419999931e+04 1.791091671463714448e-231 1.791091671463714448e-231 1.791091671463714448e-231
1.638296681419999913e+04 5.863930000181038038e-228 5.863930000181038038e-228 5.863930000181038038e-228
1.642329451419999896e+04 1.803500782650398878e-224 1.803500782650398878e-224 1.803500782650398878e-224
1.646362221419999696e+04 5.210753006611464316e-221 5.210753006611464316e-221 5.210753006611464316e-221
1.650394991419999860e+04 1.414299003372855398e-217 1.414299003372855398e-217 1.414299003372855398e-217
1.654427761420000024e+04 3.606106741351252248e-214 3.606106741351252248e-214 3.606106741351252248e-214
1.658460531419999825e+04 8.637588597944323758e-211 8.637588597944323758e-211 8.637588597944323758e-211
1.662493301419999989e+04 1.943582800917597454e-207 1.943582800917597454e-207 1.943582800917597454e-207
1.666526071420000153e+04 4.108375913069004843e-204 4.108375913069004843e-204 4.108375913069004843e-204
1.670558841419999953e+04 8.158191515907569114e-201 8.158191515907569114e-201 8.158191515907569114e-201
1.674591611419999754e+04 1.521858285636176115e-197 1.521858285636176115e-197 1.521858285636176115e-197
1.678624381419999918e+04 2.666926979345159375e-194 2.666926979345159375e-194 2.666926979345159375e-194
1.682657151420000082e+04 4.390405476636793889e-191 4.390405476636793889e-191 4.390405476636793889e-191
1.686689921419999882e+04 6.789764838991910114e-188 6.789764838991910114e-188 6.789764838991910114e-188
1.690722691419999683e+04 9.864190009038846631e-185 9.864190009038846631e-185 9.864190009038846631e-185
1.694755461419999847e+04 1.346246913174481057e-181 1.346246913174481057e-181 1.346246913174481057e-181
1.698788231420000011e+04 1.726015162866819592e-178 1.726015162866819592e-178 1.726015162866819592e-178
1.702821001419999811e+04 2.078840109717178547e-175 2.078840109717178547e-175 2.078840109717178547e-175
1.706853771419999975e+04 2.352091234901398555e-172 2.352091234901398555e-172 2.352091234901398555e-172
1.710886541419999776e+04 2.500022022038549725e-169 2.500022022038549725e-169 2.500022022038549725e-169
1.714919311419999940e+04 2.496261622370289258e-166 2.496261622370289258e-166 2.496261622370289258e-166
1.718952081420000104e+04 2.341493521184885892e-163 2.341493521184885892e-163 2.341493521184885892e-163
1.722984851419999904e+04 2.063252670288558135e-160 2.063252670288558135e-160 2.063252670288558135e-160
1.727017621419999705e+04 1.707923704243974244e-157 1.707923704243974244e-157 1.707923704243974244e-157
1.731050391420000233e+04 1.328131604264197449e-154 1.328131604264197449e-154 1.328131604264197449e-154
1.735083161420000033e+04 9.702202870256006114e-152 9.702202870256006114e-152 9.702202870256006114e-152
1.739115931419999833e+04 6.658190032799154380e-149 6.658190032799154380e-149 6.658190032799154380e-149
1.743148701419999634e+04 4.292384481787136968e-146 4.292384481787136968e-146 4.292384481787136968e-146
1.747181471419999798e+04 2.599546801725535882e-143 2.599546801725535882e-143 2.599546801725535882e-143
1.751214241419999962e+04 1.478949212153055953e-140 -1.400250454628956753e-140 4.358148878935068425e-140
1.755247011419999762e+04 7.904337487377454988e-138 -7.485210251082573255e-138 2.329388522583748085e-137
1.759279781419999927e+04 3.968572184912414976e-135 -3.758138776178760047e-135 1.169528314600358939e-134
1.763312551420000091e+04 1.871801057811579560e-132 -1.772548868683187349e-132 5.516150984306346469e-132
1.767345321419999891e+04 8.293573301754816308e-130 -7.853806851970698616e-130 2.444095345548032963e-129
1.771378091420000055e+04 3.452075467343751850e-127 -3.269029279961539703e-127 1.017318021464904299e-126
1.775410861419999856e+04 1.349818792845120076e-124 -1.278244696037441445e-124 3.977882281727681598e-124
1.779443631419999656e+04 4.958236682312662582e-122 -4.695326346365050509e-122 1.461179971099037406e-121
1.783476401420000184e+04 1.710943360060005490e-119 -1.620220645029999548e-119 5.042107365150010802e-119
1.787509171419999984e+04 5.546264870901467489e-117 -5.252174359719406184e-117 1.634470410152234187e-116
1.791541941419999785e+04 1.688970929440069905e-114 -1.599413301816347947e-114 4.977355160696487035e-114
1.795574711419999949e+04 4.831704190913916981e-112 -4.575503236134164584e-112 1.423891161796199947e-111
1.799607481420000113e+04 1.298479495402819600e-109 -1.229627663142518034e-109 3.826586653948157470e-109
1.803640251419999913e+04 3.278132088683247936e-107 -3.104309243196471936e-107 9.660573420562966598e-107
1.807673021419999714e+04 7.774534532199631754e-105 -7.362290095989434587e-105 2.291135916038869655e-104
1.811705791419999878e+04 1.732123842270506269e-102 -1.640278032872425248e-102 5.104525717413437785e-102
1.815738561420000042e+04 3.625267664494639817e-100 -3.433037966591646030e-100 1.068357329558092617e-99
1.819771331419999842e+04 7.127837824914692335e-98 -6.749884460200662593e-98 2.100556011003004726e-97
1.823804101420000006e+04 1.316534175648245708e-95 -1.246724994565623154e-95 3.879793345862115070e-95
1.827836871419999807e+04 2.284352177260611995e-93 -2.163224478680034433e-93 6.731928833201258848e-93
1.831869641419999971e+04 3.723493301233089194e-91 -3.526055192193666075e-91 1.097304179465984501e-90
1.835902411420000135e+04 5.701572996842415013e-89 -5.399247277423473956e-89 1.680239327110830259e-88
1.839935181419999935e+04 8.201539783677061399e-87 -7.766653408142476765e-87 2.416973297549660135e-86
1.843967951419999736e+04 1.108288170465179669e-84 -1.049521226913822187e-84 3.266097567844181753e-84
1.848000721419999536e+04 1.406910900376710534e-82 -1.332309496457083307e-82 4.146131297210504667e-82
1.852033491420000064e+04 1.677788008388834302e-80 -1.588823354783686200e-80 4.944399371561354804e-80
1.856066261419999864e+04 1.879594530271238572e-78 -1.779929092523661814e-78 5.539118153066139197e-78
1.860099031419999665e+04 1.978098227949420389e-76 -1.873209634893197728e-76 5.829406090792038506e-76
1.864131801420000193e+04 1.955636481070022893e-74 -1.851938921398523301e-74 5.763211883538569479e-74
1.868164571419999993e+04 1.816289202955985444e-72 -1.719980528093696048e-72 5.352558934005666181e-72
1.872197341419999793e+04 1.584668653793245955e-70 -1.500641650883018015e-70 4.669978958469510248e-70
1.876230111419999957e+04 1.298818685977792074e-68 -1.229948868148485689e-68 3.827586240104070248e-68
1.880262881419999758e+04 1.000034962875386497e-66 -9.470081420729758059e-67 2.947078067823749328e-66
1.884295651419999922e+04 7.233332591137545327e-65 -6.849785369936800756e-65 2.131645055221189141e-64
1.888328421420000086e+04 4.914940674751223534e-63 -4.654326108171327432e-63 1.448420745767377288e-62
1.892361191419999886e+04 3.137290399525307972e-61 -2.970935679943852534e-61 9.245516478994468823e-61
1.896393961420000051e+04 1.881255383752303376e-59 -1.781501879303876049e-59 5.544012646808482801e-59
1.900426731419999851e+04 1.059735263290621416e-57 -1.003542836034942316e-57 3.123013362616185289e-57
1.904459501420000015e+04 5.607943261861520372e-56 -5.310582256040519187e-56 1.652646877976356265e-55
1.908492271419999815e+04 2.787830922510950510e-54 -2.640006280130113990e-54 8.215668125152015010e-54
1.912525041419999616e+04 1.301924637943850104e-52 -1.232890127114368771e-52 3.836739403002068794e-52
1.916557811420000144e+04 5.711653533820197512e-51 -5.408793294261703240e-51 1.683210036190209826e-50
1.920590581419999944e+04 2.353934965827965338e-49 -2.229117642187018990e-49 6.936987573842949666e-49
1.924623351419999744e+04 9.113467717202950963e-48 -8.630226393180604931e-48 2.685716182758650686e-47
1.928656121419999909e+04 3.314587237740662709e-46 -3.138831359181892999e-46 9.768005834663218028e-46
1.932688891420000073e+04 1.132483395429849076e-44 -1.072433500875678659e-44 3.337400291735376562e-44
1.936721661419999873e+04 3.634886271410773845e-43 -3.442146547194513989e-43 1.071191909001606088e-42
1.940754431420000037e+04 1.095989532030717474e-41 -1.037874723375218103e-41 3.229853787436653179e-41
1.944787201419999838e+04 3.104406470884327761e-40 -2.939795420530560010e-40 9.148608362299215533e-40
1.948819971419999638e+04 8.260519272070238063e-39 -7.822505511115867674e-39 2.434354405525634380e-38
1.952852741420000166e+04 2.064869989677595957e-37 -1.955380326828135631e-37 6.085120306183327545e-37
1.956885511419999966e+04 4.848804464719888794e-36 -4.591696768487682379e-36 1.428930569792745863e-35
1.960918281419999767e+04 1.069629135925783544e-34 -1.012912086401141761e-34 3.152170358252709063e-34
1.964951051419999931e+04 2.216605326721320552e-33 -2.099069902647974005e-33 6.532280556090615793e-33
1.968983821420000095e+04 4.315191917911889415e-32 -4.086379009310024920e-32 1.271676284513380430e-31
1.973016591419999895e+04 7.891661592868293824e-31 -7.473206498143285160e-31 2.325652968387987281e-30
1.977049361419999695e+04 1.355792997948192539e-29 -1.283902119112632773e-29 3.995488115009017289e-29
1.981082131419999860e+04 2.188139038538267809e-28 -2.072113038453434504e-28 6.448391115529969675e-28
1.985114901420000024e+04 3.317516084183191213e-27 -3.141604903638493728e-27 9.776637072004875437e-27
1.989147671419999824e+04 4.725064645799128105e-26 -4.474518249368125544e-26 1.392464754096638118e-25
1.993180441419999988e+04 6.322066607143215894e-25 -5.986839234576010469e-25 1.863097244886244226e-24
1.997213211420000152e+04 7.946336910570062262e-24 -7.524982658928647018e-24 2.341765648006877154e-23
2.001245981419999953e+04 9.382778772235785308e-23 -8.885257238423268902e-23 2.765081478289483952e-22
2.005278751420000117e+04 1.040764747990603733e-21 -9.855782316782157842e-22 3.067107727659423439e-21
2.009311521419999917e+04 1.084501771267164100e-20 -1.026996100740870312e-20 3.195999643275198662e-20
2.013344291419999718e+04 1.061608904220780273e-19 -1.005317127207452706e-19 3.128534935649013133e-19
2.017377061419999882e+04 9.762373834040606149e-19 -9.244724284489732469e-19 2.876947195257094669e-18
2.021409831420000046e+04 8.433404101951538782e-18 -7.986223128345953910e-18 2.485303133224903455e-17
2.025442601419999846e+04 6.843952431329062417e-17 -6.481052079795150858e-17 2.016895694245327569e-16
2.029475371419999647e+04 5.217562363325442448e-16 -4.940901291120090430e-16 1.537602601777097434e-15
2.033508141420000175e+04 3.736671416950788899e-15 -3.538534537933830805e-15 1.101187737183540939e-14
2.037540911419999975e+04 2.513962332051330770e-14 -2.380659561552231737e-14 7.408584225654893278e-14
2.041573681419999775e+04 1.588873117732191220e-13 -1.504623171982017722e-13 4.682369407446399657e-13
2.045606451419999939e+04 9.433574059567431151e-13 -8.933359092866789509e-13 2.780050721200165383e-12
2.049639221419999740e+04 5.261625145377277008e-12 -4.982627630835250298e-12 1.550587792158980351e-11
2.053671991419999904e+04 2.756894459379881727e-11 -2.610710206569489917e-11 8.124499125329252725e-11
2.057704761420000068e+04 1.356991015320293854e-10 -1.285036597240353208e-10 3.999018627880941433e-10
2.061737531419999868e+04 6.274662913408533847e-10 -5.941948993110676375e-10 1.849127481992774407e-09
2.065770301420000033e+04 2.725589351907909137e-09 -2.581064961581836869e-09 8.032243665397653903e-09
2.069803071419999833e+04 1.112210642870906118e-08 -1.053235628555908156e-08 3.277656914297720393e-08
2.073835841419999997e+04 4.263539303845591833e-08 -4.037464675774001993e-08 1.256454328346518566e-07
2.077868611419999797e+04 1.535359579826412102e-07 -1.453946778740480628e-07 4.524665938393304568e-07
2.081901381419999598e+04 5.194055128722904530e-07 -4.918637882603734165e-07 1.530674814004954217e-06
2.085934151420000126e+04 1.650667682239856231e-06 -1.563139480983176314e-06 4.864474845462888988e-06
2.089966921419999926e+04 4.927985561042764691e-06 -4.666670173775190839e-06 1.452264129586071853e-05
2.093999691419999726e+04 1.382088873246818591e-05 -1.308798783541793867e-05 4.072976530035431387e-05
2.098032461420000254e+04 3.641324935295032106e-05 -3.448219331048760515e-05 1.073086920163882405e-04
2.102065231420000055e+04 9.012392869125103467e-05 -8.534395601060993579e-05 2.655918133931120051e-04
2.106098001419999855e+04 2.095456132282936385e-04 -1.984293484733148677e-04 6.175205749299020634e-04
2.110130771420000019e+04 4.576946980394219181e-04 -4.334041554736943296e-04 1.348793551552538057e-03
2.114163541419999819e+04 9.391480966164266657e-04 -8.892665135647650348e-04 2.767562706797618583e-03
2.118196311419999984e+04 1.810327174212427066e-03 -1.714028653585601908e-03 5.334683002010455824e-03
2.122229081419999784e+04 3.278326965682248385e-03 -3.103437773487935716e-03 9.660091704852432487e-03
2.126261851419999948e+04 5.577425914614143540e-03 -5.278259454922819456e-03 1.643311128415110567e-02
2.130294621419999748e+04 8.915149799691199362e-03 -8.431997786810391249e-03 2.626229738619278997e-02
2.134327391419999913e+04 1.339023127749669473e-02 -1.265038852860276425e-02 3.943085108359615371e-02
2.138360161420000077e+04 1.890208638647284181e-02 -1.781966930443759992e-02 5.562384207738328701e-02
2.142392931419999877e+04 2.508875667549904584e-02 -2.355625638422368870e-02 7.373376973522177691e-02
2.146425701419999677e+04 3.133629577264224197e-02 -2.919593256973039563e-02 9.186852411501487958e-02
2.150458471419999842e+04 3.688732608656081907e-02 -3.386800209997492539e-02 1.076426542730965635e-01
2.154491241420000006e+04 4.103939869570109866e-02 -3.665126642599698947e-02 1.187300638173991729e-01
2.158524011419999806e+04 4.337811331372819212e-02 -3.678092991019447922e-02 1.235371565376508773e-01
2.162556781420000334e+04 4.395846445343826875e-02 -3.387667133536059055e-02 1.217936002422371350e-01
2.166589551420000134e+04 4.335067096199858583e-02 -2.821914570372413555e-02 1.149204876277212933e-01
2.170622321419999935e+04 4.250861181566702174e-02 -2.119885117031544350e-02 1.062160748016494904e-01
2.174655091419999735e+04 4.248516807162433517e-02 -1.588338450797832299e-02 1.008537206512269829e-01
2.178687861419999899e+04 4.408202650751939095e-02 -1.617153871994377046e-02 1.043355917349825523e-01
2.182720631419999700e+04 4.755537500625707514e-02 -2.294351612705854485e-02 1.180542661395726917e-01
2.186753401419999500e+04 5.248881109572644393e-02 -3.309149718173997473e-02 1.380691193731928557e-01
2.190786171420000028e+04 5.789239950328035206e-02 -4.303380102504267279e-02 1.588186000316033630e-01
2.194818941419999828e+04 6.250901360577924837e-02 -5.032205982162680363e-02 1.753400870331852934e-01
2.198851711419999992e+04 6.523338003379718086e-02 -5.351578808276154231e-02 1.839825481503559179e-01
2.202884481420000157e+04 6.550564766006565509e-02 -5.196771165921346136e-02 1.829790069793447715e-01
2.206917251419999957e+04 6.355022311333034801e-02 -4.573707444171553477e-02 1.728375206683762100e-01
2.210950021419999757e+04 6.039086351420249604e-02 -3.554916681754675956e-02 1.563308938459517516e-01
2.214982791419999921e+04 5.765873106699210410e-02 -2.287268815784443757e-02 1.381901502918286562e-01
2.219015561419999722e+04 5.728207619270164058e-02 -1.031543679726180419e-02 1.248795891826650906e-01
2.223048331419999886e+04 6.117269761485117502e-02 -1.719314585744074119e-03 1.240647098154464278e-01
2.227081101420000050e+04 7.099824594921715082e-02 8.729548499850521819e-04 1.411235370484492380e-01
2.231113871420000214e+04 8.807060478056936981e-02 3.532786348544124768e-04 1.757879309262843359e-01
2.235146641420000014e+04 1.133224442807555937e-01 6.878093485475834283e-04 2.259570792129635963e-01
2.239179411419999815e+04 1.473141092342668268e-01 3.875440854085489360e-03 2.907527776144481768e-01
2.243212181419999979e+04 1.902185537380463864e-01 1.051610695998512340e-02 3.699210005161076564e-01
2.247244951419999779e+04 2.417586559916702071e-01 2.060381656856786342e-02 4.629134954147725578e-01
2.251277721419999580e+04 3.010954824076032543e-01 3.337433162112413837e-02 5.688166331940822662e-01
2.255310491420000108e+04 3.666757028138361019e-01 4.645721274281196939e-02 6.868941928848601997e-01
2.259343261419999908e+04 4.360537225638156378e-01 5.543097227413845696e-02 8.166764728534928741e-01
2.263376031420000072e+04 5.057367004104621477e-01 5.507925633254982106e-02 9.563941444883743426e-01
2.267408801420000236e+04 5.711682960389400376e-01 4.229581253727100754e-02 1.100040779540609082e+00
2.271441571420000037e+04 6.270307653184314933e-01 1.861208015073530925e-02 1.235449450486127754e+00
2.275474341419999837e+04 6.680250070878497315e-01 -9.613109080101210277e-03 1.345663123255800731e+00
2.279507111420000001e+04 6.901231315847961012e-01 -3.327553950849224118e-02 1.413521802678084471e+00
2.283539881419999801e+04 6.920088467490492778e-01 -4.349094373951453013e-02 1.427508637237612898e+00
2.287572651419999602e+04 6.761695712450717100e-01 -3.421332725838963779e-02 1.386552469748532967e+00
2.291605421419999766e+04 6.490619257239967910e-01 -4.013064399586711156e-03 1.302136915847580179e+00
2.295638191419999930e+04 6.200334899410460121e-01 4.281943315621530161e-02 1.197247546725876743e+00
2.299670961420000094e+04 5.991691058652862667e-01 9.572814992558575931e-02 1.102610061804986774e+00
2.303703731419999895e+04 5.947119937441167625e-01 1.398730545164745265e-01 1.049550932971759165e+00
2.307736501420000059e+04 6.109408005772407613e-01 1.650836928077683841e-01 1.056797908346713166e+00
2.311769271419999859e+04 6.472400350089718701e-01 1.758653610813210588e-01 1.118614708936622737e+00
2.315802041419999659e+04 6.986505042951169919e-01 1.853595489680647246e-01 1.211941459622169148e+00
2.319834811419999824e+04 7.576399537361061531e-01 2.022428989505269947e-01 1.313037008521685367e+00
2.323867581419999988e+04 8.164290400353563237e-01 2.274876193616237052e-01 1.405370460709088887e+00
2.327900351419999788e+04 8.690912280479559104e-01 2.576714287972774464e-01 1.480511027298634374e+00
2.331933121420000316e+04 9.128218393551500442e-01 2.884979878756674387e-01 1.537145690834632594e+00
2.335965891420000116e+04 9.481254259675614415e-01 3.168383838937763874e-01 1.579412468041346607e+00
2.339998661419999917e+04 9.780365580591329211e-01 3.418067332863259922e-01 1.614266382831939906e+00
2.344031431419999717e+04 1.006733140708113705e+00 3.653361796087067348e-01 1.648130101807520509e+00
2.348064201419999881e+04 1.037977072536707679e+00 3.915174682929914995e-01 1.684436676780423747e+00
2.352096971419999682e+04 1.073771674553659849e+00 4.239038452886577657e-01 1.723639503818662044e+00
2.356129741419999846e+04 1.113549154310924827e+00 4.621631205407374932e-01 1.764935188081112161e+00
2.360162511420000010e+04 1.154145711517180928e+00 5.012078126459302840e-01 1.807083610388431572e+00
2.364195281420000174e+04 1.190745623574937850e+00 5.344723211995012768e-01 1.847018925950374424e+00
2.368228051419999974e+04 1.218778337777933762e+00 5.590838736457528491e-01 1.878472801910114676e+00
2.372260821420000138e+04 1.236388489759209897e+00 5.783609880294753314e-01 1.894415991488944462e+00
2.376293591419999939e+04 1.246681438371939565e+00 5.995206710912803771e-01 1.893842205652598754e+00
2.380326361419999739e+04 1.258732915679481978e+00 6.283085266816246239e-01 1.889157304677339555e+00
2.384359131419999903e+04 1.286577931312319789e+00 6.637864678246608863e-01 1.909369394799978359e+00
2.388391901419999704e+04 1.346079109051071754e+00 6.987050386948326919e-01 1.993453179407310927e+00
2.392424671419999868e+04 1.450445101115783730e+00 7.303195239371287339e-01 2.170570678294438949e+00
2.396457441419999668e+04 1.605797862216797878e+00 7.696999246846509823e-01 2.441895799748944551e+00
2.400490211420000196e+04 1.808251479428836461e+00 8.333966034053125194e-01 2.783106355452360514e+00
2.404522981419999996e+04 2.043446760328593292e+00 9.293334781545955492e-01 3.157560042502590925e+00
2.408555751419999797e+04 2.288664520903446409e+00 1.051325551855727847e+00 3.526003489951165193e+00
2.412588521419999961e+04 2.516898752617410473e+00 1.181731696700396350e+00 3.852065808534424818e+00
2.416621291419999761e+04 2.701861105105195282e+00 1.298479778868245393e+00 4.105242431342144727e+00
2.420654061419999562e+04 2.822829502424705872e+00 1.383239265023461284e+00 4.262419739825950238e+00
2.424686831420000090e+04 2.868408860938683080e+00 1.427226965100183431e+00 4.309590756777182285e+00
2.428719601419999890e+04 2.838511256063438459e+00 1.432132597693854148e+00 4.244889914433023215e+00
2.432752371420000054e+04 2.744164860387841909e+00 1.406553352980226768e+00 4.081776367795456828e+00
2.436785141420000218e+04 2.605169891458523512e+00 1.360877251224143825e+00 3.849462531692902978e+00
2.440817911420000019e+04 2.446121687711384940e+00 1.303835212489849349e+00 3.588408162932920309e+00
2.444850681419999819e+04 2.291772665580913415e+00 1.242310131599995593e+00 3.341235199561831237e+00
2.448883451419999619e+04 2.162897410216173988e+00 1.183584534710533598e+00 3.142210285721814156e+00
2.452916221419999783e+04 2.073631892537931787e+00 1.137109147367855844e+00 3.010154637708007730e+00
2.456948991419999948e+04 2.030736497507675598e+00 1.113319685308811202e+00 2.948153309706540437e+00
2.460981761419999748e+04 2.034596564598713631e+00 1.120575038964041870e+00 2.948618090233385391e+00
2.465014531420000276e+04 2.081267619188506224e+00 1.162889344909429301e+00 2.999645893467583146e+00
2.469047301420000076e+04 2.164656413721563588e+00 1.238648726935326794e+00 3.090664100507800160e+00
2.473080071419999877e+04 2.278047901184835133e+00 1.339232011463236116e+00 3.216863790906434595e+00
2.477112841420000041e+04 2.414593974524247955e+00 1.448671600061743447e+00 3.380516348986752018e+00
2.481145611419999841e+04 2.566944678192053075e+00 1.547706659398570217e+00 3.586182696985535490e+00
2.485178381419999641e+04 2.726709600135339251e+00 1.622915993726862238e+00 3.830503206543816042e+00
2.489211151419999806e+04 2.884610482511424934e+00 1.674267952759648459e+00 4.094953012263202297e+00
2.493243921419999970e+04 3.031827318929256609e+00 1.714007834544063025e+00 4.349646803314450416e+00
2.497276691419999770e+04 3.162223173522427988e+00 1.758928821631541739e+00 4.565517525413314459e+00
2.501309461419999934e+04 3.274287541262581591e+00 1.821880076807459670e+00 4.726695005717703957e+00
2.505342231420000098e+04 3.371366951061462558e+00 1.905475451696918565e+00 4.837258450426006107e+00
2.509375001419999899e+04 3.459421330784057336e+00 1.999827332225942333e+00 4.919015329342172116e+00
2.513407771419999699e+04 3.542930813391151457e+00 2.086789587141831159e+00 4.999072039640471310e+00
2.517440541419999863e+04 3.620886245799034064e+00 2.150355114641775423e+00 5.091417376956292706e+00
2.521473311419999663e+04 3.685137293122480617e+00 2.185401576470171303e+00 5.184873009774789487e+00
2.525506081419999828e+04 3.722384145264653110e+00 2.196481834368122943e+00 5.248286456161183722e+00
2.529538851419999992e+04 3.719262296957508429e+00 2.190179979684260925e+00 5.248344614230756378e+00
2.533571621420000156e+04 3.668336571614994490e+00 2.170173511404235533e+00 5.166499631825753447e+00
2.537604391419999956e+04 3.572337285029588028e+00 2.137433070307264593e+00 5.007241499751911462e+00
2.541637161420000120e+04 3.444873963416164031e+00 2.092612222773173603e+00 4.797135704059154904e+00
2.545669931419999921e+04 3.307559888204596454e+00 2.037936992436278238e+00 4.577182783972914670e+00
2.549702701419999721e+04 3.184984700384459355e+00 1.977700803728408285e+00 4.392268597040510869e+00
2.553735471419999885e+04 3.099536694469821718e+00 1.917786637141360107e+00 4.281286751798282886e+00
2.557768241420000049e+04 3.067612508171364993e+00 1.865588970312767936e+00 4.269636046029962273e+00
2.561801011419999850e+04 3.097769523575521156e+00 1.831147174703514180e+00 4.364391872447527909e+00
2.565833781420000014e+04 3.190554834120780114e+00 1.827645454472732967e+00 4.553464213768826596e+00
2.569866551420000178e+04 3.339468396135989892e+00 1.868899220484562917e+00 4.810037571787417754e+00
2.573899321419999978e+04 3.532691034316630230e+00 1.964632198551641062e+00 5.100749870081619619e+00
2.577932091419999779e+04 3.755433306102158753e+00 2.116177332895219365e+00 5.394689279309097252e+00
2.581964861419999943e+04 3.992708458172087749e+00 2.314139368433844268e+00 5.671277547910330341e+00
2.585997631419999743e+04 4.232006122796243552e+00 2.538282013580432928e+00 5.925730232012053733e+00
2.590030401419999907e+04 4.465060098339638905e+00 2.760159370000061951e+00 6.169960826679216304e+00
2.594063171420000072e+04 4.688016653296076086e+00 2.950277126003769457e+00 6.425756180588382271e+00
2.598095941419999872e+04 4.899901775903821921e+00 3.089764485471834021e+00 6.710039066335810709e+00
2.602128711420000036e+04 5.100074803692013603e+00 3.178763442097516823e+00 7.021386165286510384e+00
2.606161481420000200e+04 5.285887435844077942e+00 3.231668915691410682e+00 7.340105955996744314e+00
2.610194251420000001e+04 5.451734309442882065e+00 3.263104944263118146e+00 7.640363674622644652e+00
2.614227021419999801e+04 5.590115920697677154e+00 3.278943922605886740e+00 7.901287918789467568e+00
2.618259791419999601e+04 5.694533250482693987e+00 3.280033007679878043e+00 8.109033493285510374e+00
2.622292561419999765e+04 5.763319472343791716e+00 3.273800706473150246e+00 8.252838238214431854e+00
2.626325331419999929e+04 5.803068320753586917e+00 3.281829173065086813e+00 8.324307468442087909e+00
2.630358101419999730e+04 5.830204983247655015e+00 3.334999082020782879e+00 8.325410884474525375e+00
2.634390871420000258e+04 5.869531095968621770e+00 3.458416974064999039e+00 8.280645217872244501e+00
2.638423641420000058e+04 5.949342180764247701e+00 3.655506730320101649e+00 8.243177631208393308e+00
2.642456411419999858e+04 6.093899986405525659e+00 3.901469583036086597e+00 8.286330389774965610e+00
2.646489181420000023e+04 6.315278243360393340e+00 4.154534247001632430e+00 8.476022239719155138e+00
2.650521951419999823e+04 6.607297711985890665e+00 4.382304694337577189e+00 8.832290729634204141e+00
2.654554721419999623e+04 6.943943582503767864e+00 4.577651562246655814e+00 9.310235602760878137e+00
2.658587491420000151e+04 7.283295460943511657e+00 4.746967236541579815e+00 9.819623685345444386e+00
2.662620261419999952e+04 7.576121073972455378e+00 4.892278624651434704e+00 1.025996352329347516e+01
2.666653031420000116e+04 7.776691120450707650e+00 5.006439240269139113e+00 1.054694300063227530e+01
2.670685801419999916e+04 7.852718604049075957e+00 5.076873488861138206e+00 1.062856371923701282e+01
2.674718571420000080e+04 7.791806613140643378e+00 5.090248974761798273e+00 1.049336425151948760e+01
2.678751341419999881e+04 7.603096435977385603e+00 5.036931449989467069e+00 1.016926142196530414e+01
2.682784111419999681e+04 7.314334375912403985e+00 4.916563855696815644e+00 9.712104896127991438e+00
2.686816881419999845e+04 6.965725020851456506e+00 4.743523252390228429e+00 9.187926789312683695e+00
2.690849651420000009e+04 6.602399179119730732e+00 4.547107801936809857e+00 8.657690556302650720e+00
2.694882421419999810e+04 6.267164062719752238e+00 4.362220024039171307e+00 8.172108101400331392e+00
2.698915191419999974e+04 5.994740086708199911e+00 4.214500931650909443e+00 7.774979241765490379e+00
2.702947961420000138e+04 5.808224633686413618e+00 4.111350125931712896e+00 7.505099141441114341e+00
2.706980731419999938e+04 5.718135916052499823e+00 4.047379619266167516e+00 7.388892212838832130e+00
2.711013501420000102e+04 5.723953282004943688e+00 4.019275882153729995e+00 7.428630681856157381e+00
2.715046271419999903e+04 5.817482408980803044e+00 4.033327925955195958e+00 7.601636892006411017e+00
2.719079041419999703e+04 5.986781601411675702e+00 4.098390323939753443e+00 7.875172878883597960e+00
2.723111811419999503e+04 6.219168763535412481e+00 4.215510817599883886e+00 8.222826709470941964e+00
2.727144581420000031e+04 6.502308674375948172e+00 4.375312988906767231e+00 8.629304359845129113e+00
2.731177351419999832e+04 6.823470647431342684e+00 4.563907574882811957e+00 9.083033719979873410e+00
2.735210121419999996e+04 7.168168171249964971e+00 4.771285825229943711e+00 9.565050517269986230e+00
2.739242891420000160e+04 7.519800609646718037e+00 4.994229276272902140e+00 1.004537194302053393e+01
2.743275661419999960e+04 7.861257241892992909e+00 5.230837481310997461e+00 1.049167700247498836e+01
2.747308431419999761e+04 8.178094241755534455e+00 5.472112505638990321e+00 1.088407597787207770e+01
2.751341201419999925e+04 8.461764373037141240e+00 5.699299394052880885e+00 1.122422935202140337e+01
2.755373971419999725e+04 8.711244180224943179e+00 5.892036230615199877e+00 1.153045212983468737e+01
2.759406741419999889e+04 8.932305888042183284e+00 6.043492545123974047e+00 1.182111923096039341e+01
2.763439511420000053e+04 9.134910000966909749e+00 6.169077367409109058e+00 1.210074263452471044e+01
2.767472281420000218e+04 9.329893417956714785e+00 6.297844409120027187e+00 1.236194242679340327e+01
2.771505051420000018e+04 9.525994645512392722e+00 6.452671409082544329e+00 1.259931788194223934e+01
2.775537821419999818e+04 9.727707525683026546e+00 6.636072597230304737e+00 1.281934245413574835e+01
2.779570591419999982e+04 9.934125164208056802e+00 6.832441445740363939e+00 1.303580888267574878e+01
2.783603361419999783e+04 1.013903816747421871e+01 7.023768446175299829e+00 1.325430788877313937e+01
2.787636131419999583e+04 1.033270299535066172e+01 7.204413478604036136e+00 1.346099251209728820e+01
2.791668901420000111e+04 1.050536968961063877e+01 7.381645935207402864e+00 1.362909344401387379e+01
2.795701671419999911e+04 1.065178264983945056e+01 7.563853498651176288e+00 1.373971180102772216e+01
2.799734441419999712e+04 1.077498887566579100e+01 7.749513033939345874e+00 1.380046471739223435e+01
2.803767211420000240e+04 1.088763643529188663e+01 7.926560431354906733e+00 1.384871243922886741e+01
2.807799981420000040e+04 1.100982092656822431e+01 8.082615916445654136e+00 1.393702593669079270e+01
2.811832751419999840e+04 1.116403906647184385e+01 8.218479300134857723e+00 1.410959883280882998e+01
2.815865521420000005e+04 1.136911205188952501e+01 8.353096319118810342e+00 1.438512778466023789e+01
2.819898291419999805e+04 1.163535330580753779e+01 8.514910824102807752e+00 1.475579578751226606e+01
2.823931061419999605e+04 1.196261890423680363e+01 8.727651633066912495e+00 1.519758617540669476e+01
2.827963831420000133e+04 1.234159694684555397e+01 9.000827689390410669e+00 1.568236620430069905e+01
2.831996601419999934e+04 1.275743123202258467e+01 9.327719146147478213e+00 1.618714331789768934e+01
2.836029371420000098e+04 1.319408416225035907e+01 9.689721884197135537e+00 1.669844644030358083e+01
2.840062141419999898e+04 1.363789875471941215e+01 1.006566053032802799e+01 1.721013697911079632e+01
2.844094911420000062e+04 1.407939599837758315e+01 1.044201243908575805e+01 1.771677955766940826e+01
2.848127681419999863e+04 1.451302051350652000e+01 1.081670789064381921e+01 1.820933313636922080e+01
2.852160451419999663e+04 1.493501322183172952e+01 1.119227293538845736e+01 1.867775350827499992e+01
2.856193221419999827e+04 1.533984877464209085e+01 1.156276346373439345e+01 1.911693408554979001e+01
2.860225991419999991e+04 1.571598032431957392e+01 1.190424689480557241e+01 1.952771375383357366e+01
2.864258761419999792e+04 1.604216706513068758e+01 1.217642102994357600e+01 1.990791310031779560e+01
2.868291531420000319e+04 1.628622027164323782e+01 1.233579419729456816e+01 2.023664634599190393e+01
2.872324301420000120e+04 1.640801822200904780e+01 1.235224737791031657e+01 2.046378906610777548e+01
2.876357071419999920e+04 1.636758439705146984e+01 1.221797154864632162e+01 2.051719724545662160e+01
2.880389841420000084e+04 1.613696762503284177e+01 1.194566751631775503e+01 2.032826773374792850e+01
2.884422611419999885e+04 1.571247382968930140e+01 1.156204996364097859e+01 1.986289769573762243e+01
2.888455381419999685e+04 1.512272302122319090e+01 1.110284976431477943e+01 1.914259627813160236e+01
2.892488151419999849e+04 1.442886249440126178e+01 1.061050361663136954e+01 1.824722137217115758e+01
2.896520921420000013e+04 1.371584707611780374e+01 1.013244393703473634e+01 1.729925021520087114e+01
2.900553691419999814e+04 1.307683262901952936e+01 9.717577418131353895e+00 1.643608783990770661e+01
2.904586461419999978e+04 1.259500487335339436e+01 9.410102378833762771e+00 1.577990736787302595e+01
2.908619231420000142e+04 1.232772768147483156e+01 9.242137217929423443e+00 1.541331814502023967e+01
2.912652001419999942e+04 1.229680085517222210e+01 9.227676606100123635e+00 1.536592510424432056e+01
2.916684771419999743e+04 1.248659169823863557e+01 9.359090185495842817e+00 1.561409321098142833e+01
2.920717541419999907e+04 1.284970965798659215e+01 9.606652350366886139e+00 1.609276696560629816e+01
2.924750311419999707e+04 1.331832451501286130e+01 9.923159379368723165e+00 1.671348965065699943e+01
2.928783081419999871e+04 1.381840753384307163e+01 1.025528672380182726e+01 1.738152834388431600e+01
2.932815851420000035e+04 1.428403975457569963e+01 1.055888957531402994e+01 1.800918993383736932e+01
2.936848621420000200e+04 1.466926759999883956e+01 1.081154771120278113e+01 1.852698748879489798e+01
2.940881391420000000e+04 1.495554446198828202e+01 1.101652586118515487e+01 1.889456306279141273e+01
2.944914161419999800e+04 1.515342120567320983e+01 1.119675819929535976e+01 1.911008421205105989e+01
2.948946931419999964e+04 1.529787178466808051e+01 1.138146798501444401e+01 1.921427558432171878e+01
2.952979701419999765e+04 1.543764486592250407e+01 1.159008102723155886e+01 1.928520870461344927e+01
2.957012471419999565e+04 1.562042201192122093e+01 1.181987737167171915e+01 1.942096665217072271e+01
2.961045241420000093e+04 1.587708775178038678e+01 1.204533003068106467e+01 1.970884547287970534e+01
2.965078011419999893e+04 1.620942231413444645e+01 1.223176114998067909e+01 2.018708347828821559e+01
2.969110781419999694e+04 1.658527546340195258e+01 1.235102095902302999e+01 2.081952996778087339e+01
2.973143551420000222e+04 1.694347041237733009e+01 1.238377775399766101e+01 2.150316307075699740e+01
2.977176321420000022e+04 1.720778267873568979e+01 1.231352552350395335e+01 2.210203983396742444e+01
2.981209091419999822e+04 1.730639539880025524e+01 1.212752573468878481e+01 2.248526506291172566e+01
2.985241861419999987e+04 1.719134287259642591e+01 1.182666818248348584e+01 2.255601756270936775e+01
2.989274631420000151e+04 1.685223158900141271e+01 1.143445534087752868e+01 2.227000783712529852e+01
2.993307401419999951e+04 1.631997797406420148e+01 1.099537652084882211e+01 2.164457942727958084e+01
2.997340171419999751e+04 1.565903145483289194e+01 1.055974255576596121e+01 2.075832035389982266e+01
3.001372941419999916e+04 1.494996857638850862e+01 1.016085708211499039e+01 1.973908007066202686e+01
3.005405711419999716e+04 1.426762709782521732e+01 9.798392540633713566e+00 1.873686165501672107e+01
3.009438481419999880e+04 1.366197253411149681e+01 9.444717932898228696e+00 1.787922713532476493e+01
3.013471251420000044e+04 1.314850489900720731e+01 9.077396093635705654e+00 1.721961370437870897e+01
3.017504021419999845e+04 1.271177156957207011e+01 8.708528495140077652e+00 1.671501464400406078e+01
3.021536791419999645e+04 1.232038158665526950e+01 8.377079185031837127e+00 1.626368398827870010e+01
3.025569561420000173e+04 1.194704311997572077e+01 8.118386562162552167e+00 1.577569967778888582e+01
3.029602331419999973e+04 1.158501378749003585e+01 7.945604808872018587e+00 1.522442276610805223e+01
3.033635101419999773e+04 1.125414662987865633e+01 7.850016413663593262e+00 1.465827684609371850e+01
3.037667871419999938e+04 1.099453284559910671e+01 7.810897829306072460e+00 1.417816786189214007e+01
3.041700641420000102e+04 1.085110062202459247e+01 7.809366096371611832e+00 1.389283514767757310e+01
3.045733411419999902e+04 1.085586370245930787e+01 7.840161138734597301e+00 1.387156626618401845e+01
3.049766181419999702e+04 1.101462959017020893e+01 7.908754789785213291e+00 1.412050439055520457e+01
3.053798951419999867e+04 1.130246841713033312e+01 8.014125175960122860e+00 1.459081165830054161e+01
3.057831721420000031e+04 1.166874477092060935e+01 8.139535420169654145e+00 1.519795412167156634e+01
3.061864491419999831e+04 1.204952868828419632e+01 8.261470613168901522e+00 1.583758676339949112e+01
3.065897261419999995e+04 1.238340610131504782e+01 8.362078943136150855e+00 1.640473325949394479e+01
3.069930031419999796e+04 1.262608873733557679e+01 8.431145445849912434e+00 1.682103202882123938e+01
3.073962801419999960e+04 1.275962459258350101e+01 8.458010761214410422e+00 1.706123842395259160e+01
3.077995571420000124e+04 1.279344580296298162e+01 8.422064687169642738e+00 1.716482691875631872e+01
3.082028341419999924e+04 1.275692601123103209e+01 8.292197271316267049e+00 1.722165475114579891e+01
3.086061111419999725e+04 1.268604620167990937e+01 8.042885849446268054e+00 1.732920655391355069e+01
3.090093881420000253e+04 1.260910904569868940e+01 7.680151871038600753e+00 1.753806622035877893e+01
3.094126651420000053e+04 1.253701136529910976e+01 7.252678517496550903e+00 1.782134421310166772e+01
3.098159421419999853e+04 1.246182767897593813e+01 6.835068972080096117e+00 1.808858638587178191e+01
3.102192191420000017e+04 1.236393476659551816e+01 6.499611002379807267e+00 1.822825853081122816e+01
3.106224961420000182e+04 1.222415231952819603e+01 6.294771277562808187e+00 1.815353336149358299e+01
3.110257731419999982e+04 1.203517153383016947e+01 6.233503612135629979e+00 1.783683945552471073e+01
3.114290501419999782e+04 1.180699941283868348e+01 6.289654063334153555e+00 1.732434476234321252e+01
3.118323271419999946e+04 1.156407230693033128e+01 6.405054422633106981e+00 1.672309019122755558e+01
3.122356041419999747e+04 1.133564691881942466e+01 6.512749770069718558e+00 1.615854406756913164e+01
3.126388811419999911e+04 1.114410070501482686e+01 6.572816497080017584e+00 1.571538491294963436e+01
3.130421581420000075e+04 1.099643323168599984e+01 6.594741746504510616e+00 1.539812471686749085e+01
3.134454351419999875e+04 1.088240752036500325e+01 6.619237796692106990e+00 1.514557724403790040e+01
3.138487121419999676e+04 1.077955124937224340e+01 6.675951748581653966e+00 1.488315075016283373e+01
3.142519891420000204e+04 1.066235843534677130e+01 6.757003065151500287e+00 1.456771380554204320e+01
3.146552661420000004e+04 1.051177762849581043e+01 6.818711279564610095e+00 1.420484397742700722e+01
3.150585431419999804e+04 1.032169113977342434e+01 6.801402862773305635e+00 1.384197941677354393e+01
3.154618201419999968e+04 1.010085898509445279e+01 6.660015023570721837e+00 1.354170294661818552e+01
3.158650971420000133e+04 9.870615047336654513e+00 6.397219004256145425e+00 1.334401109041716360e+01
3.162683741419999933e+04 9.659646724868048651e+00 6.073772925516091270e+00 1.324552052422000514e+01
3.166716511419999733e+04 9.497314928046575844e+00 5.778875473743598334e+00 1.321575438234955335e+01
3.170749281419999897e+04 9.406623608428560601e+00 5.583598453748418677e+00 1.322964876310870075e+01
3.174782051420000062e+04 9.397743530662323153e+00 5.510335860349800718e+00 1.328515120097484470e+01
3.178814821419999862e+04 9.463226080539515195e+00 5.530900566152229914e+00 1.339555159492680048e+01
3.182847591420000026e+04 9.576433531287211309e+00 5.590273078071332336e+00 1.356259398450308851e+01
3.186880361419999826e+04 9.694620200850035729e+00 5.639853376613595870e+00 1.374938702508647559e+01
3.190913131419999991e+04 9.767055780499491746e+00 5.656279146996505247e+00 1.387783241400248002e+01
3.194945901420000155e+04 9.746772834061733448e+00 5.636831070171274050e+00 1.385671459795219285e+01
3.198978671419999955e+04 9.602798829418963678e+00 5.585270418064553155e+00 1.362032724077337420e+01
3.203011441419999755e+04 9.329106380022825107e+00 5.503139945346242179e+00 1.315507281469940715e+01
3.207044211420000283e+04 8.947460537692920823e+00 5.388879428703186925e+00 1.250604164668265383e+01
3.211076981420000084e+04 8.503459893476263076e+00 5.240522917019088567e+00 1.176639686993343581e+01
3.215109751419999884e+04 8.057322389466884616e+00 5.059471298705230602e+00 1.105517348022853774e+01
3.219142521419999684e+04 7.672317088372938798e+00 4.856293064655083036e+00 1.048834111209079367e+01
3.223175291419999849e+04 7.403735012598716025e+00 4.657292253320176378e+00 1.015017777187725656e+01
3.227208061419999649e+04 7.290245643818919596e+00 4.502118256367934279e+00 1.007837303126990314e+01
3.231240831420000177e+04 7.348222347593945436e+00 4.426242224132581171e+00 1.027020247105531148e+01
3.235273601419999613e+04 7.568926686206430610e+00 4.442601585356889871e+00 1.069525178705597135e+01
3.239306371420000141e+04 7.918581583821876713e+00 4.539944201359482179e+00 1.129721896628427125e+01
3.243339141419999942e+04 8.341911002645431950e+00 4.695227938969885884e+00 1.198859406632097802e+01
3.247371911420000106e+04 8.769849476126376331e+00 4.885257176827429326e+00 1.265444177542532422e+01
3.251404681419999906e+04 9.131208155140750904e+00 5.089645439953526918e+00 1.317277087032797311e+01
3.255437451419999707e+04 9.366278501496958953e+00 5.288316207239918576e+00 1.344424079575399844e+01
3.259470221420000598e+04 9.438662985057989729e+00 5.459159099392939751e+00 1.341816687072303971e+01
3.263502991419999671e+04 9.341317507927005437e+00 5.577574148221189354e+00 1.310506086763282063e+01
3.267535761420000199e+04 9.094511506015928504e+00 5.617017591494946060e+00 1.257200542053690917e+01
3.271568531419999272e+04 8.736576384643537807e+00 5.551323874034322259e+00 1.192182889525275336e+01
3.275601301420000163e+04 8.311333583700703187e+00 5.363024267831527858e+00 1.125964289956987585e+01
3.279634071419999964e+04 7.857310601153735696e+00 5.058895371012542164e+00 1.065572583129493012e+01
3.283666841420000128e+04 7.402567819411160599e+00 4.679654231407551990e+00 1.012548140741476743e+01
3.287699611419999565e+04 6.965872040547144373e+00 4.287191508177431665e+00 9.644552572916856192e+00
3.291732381419999729e+04 6.561742741281748614e+00 3.937382324767593200e+00 9.186103157795903584e+00
3.295765151420000620e+04 6.205243062472954207e+00 3.659280462074460338e+00 8.751205662871447188e+00
3.299797921419999329e+04 5.913055695292491976e+00 3.447302320641808748e+00 8.378809069943175203e+00
3.303830691420000221e+04 5.699882487815737697e+00 3.267074513982816342e+00 8.132690461648659053e+00
3.307863461420000385e+04 5.572126339585270927e+00 3.080200087155653410e+00 8.064052592014888887e+00
3.311896231419999822e+04 5.522598968086308346e+00 2.877443623875187040e+00 8.167754312297429209e+00
3.315929001419999986e+04 5.529729345414859942e+00 2.685756927158131191e+00 8.373701763671588694e+00
3.319961771420000150e+04 5.562574544383759090e+00 2.543765702331298506e+00 8.581383386436218785e+00
3.323994541419999587e+04 5.589981837459733427e+00 2.477680920725457092e+00 8.702282754194008874e+00
3.328027311419999751e+04 5.590050529961779091e+00 2.492706214891487360e+00 8.687394845032072155e+00
3.332060081420000643e+04 5.555751392670212674e+00 2.573970192022515313e+00 8.537532593317910923e+00
3.336092851419999351e+04 5.494345560169780818e+00 2.691211670175987170e+00 8.297479450163573134e+00
3.340125621420000243e+04 5.421170637747088961e+00 2.807006988458444763e+00 8.035334287035732714e+00
3.344158391420000407e+04 5.350906804732298738e+00 2.889485128695373550e+00 7.812328480769222594e+00
3.348191161419999844e+04 5.290341903994158379e+00 2.924378987793794238e+00 7.656304820194523408e+00
3.352223931420000008e+04 5.235612511746927211e+00 2.915282514098910926e+00 7.555942509394943940e+00
3.356256701419999445e+04 5.174631557651564684e+00 2.871120491550702258e+00 7.478142623752427554e+00
3.360289471420000336e+04 5.093148199737034254e+00 2.795376049948015140e+00 7.390920349526053812e+00
3.364322241419999773e+04 4.981616366417020991e+00 2.686047550992438193e+00 7.277185181841604233e+00
3.368355011419999937e+04 4.840100622196032987e+00 2.540258625184053098e+00 7.139942619208013319e+00
3.372387781419999374e+04 4.679533747671131394e+00 2.355752954691377798e+00 7.003314540650885434e+00
3.376420551420000265e+04 4.519191084951579285e+00 2.131217109434424106e+00 6.907165060468734019e+00
3.380453321419999702e+04 4.381689459210042159e+00 1.873503970625196358e+00 6.889874947794887738e+00
3.384486091419999866e+04 4.287671552103177852e+00 1.610509869483645495e+00 6.964833234722711097e+00
3.388518861420000030e+04 4.252262898922967160e+00 1.394109548488627226e+00 7.110416249357307095e+00
3.392551631419999467e+04 4.284352728321431769e+00 1.284391978493025999e+00 7.284313478149837096e+00
3.396584401420000358e+04 4.388185729578218286e+00 1.325164994451609290e+00 7.451206464704826615e+00
3.400617171419999795e+04 4.565482902988414970e+00 1.523695212205417260e+00 7.607270593771412237e+00
3.404649941419999959e+04 4.816111415948513219e+00 1.841482565064550325e+00 7.790740266832475669e+00
3.408682711420000123e+04 5.136378053439777602e+00 2.202736304272451928e+00 8.070019802607104609e+00
3.412715481420000287e+04 5.515707550550955851e+00 2.527729391192192310e+00 8.503685709909719392e+00
3.416748251419999724e+04 5.933723481668991440e+00 2.776174148083137894e+00 9.091272815254846762e+00
3.420781021419999888e+04 6.359781460991950297e+00 2.957024989347141197e+00 9.762537932636758953e+00
3.424813791420000052e+04 6.755819947105566214e+00 3.096819104046889759e+00 1.041482079016424223e+01
3.428846561419999489e+04 7.081763995005456280e+00 3.208445042128090119e+00 1.095508294788282200e+01
3.432879331420000381e+04 7.301617583189075056e+00 3.282839930746086488e+00 1.132039523563206451e+01
3.436912101419999817e+04 7.388348262551384771e+00 3.296557055053970675e+00 1.148013947004879931e+01
3.440944871419999981e+04 7.326531730156846223e+00 3.225039061267881202e+00 1.142802439904581036e+01
3.444977641420000145e+04 7.112833144043340994e+00 3.055370574053482446e+00 1.117029571403319821e+01
3.449010411420000310e+04 6.755118753962957356e+00 2.793731108816981390e+00 1.071650639910893332e+01
3.453043181419999746e+04 6.271062205824224911e+00 2.464560728427162228e+00 1.007756368322128893e+01
3.457075951419999910e+04 5.686705060024485725e+00 2.102769044375238927e+00 9.270641075673731635e+00
3.461108721420000074e+04 5.034921351303060177e+00 1.744119806388806371e+00 8.325722896217312652e+00
3.465141491419999511e+04 4.353432469277442429e+00 1.418511404021555622e+00 7.288353534533329459e+00
3.469174261420000403e+04 3.682046828900106927e+00 1.147285919272419186e+00 6.216807738527794669e+00
3.473207031419999112e+04 3.059114375437608668e+00 9.427003537238139996e-01 5.175528397151403226e+00
3.477239801420000003e+04 2.517638825309759909e+00 8.072062171316660706e-01 4.228071433487853525e+00
3.481272571420000168e+04 2.081874038185031583e+00 7.314804767307461209e-01 3.432267599639316380e+00
3.485305341419999604e+04 1.765333112824950756e+00 6.924236335106072060e-01 2.838242592139294196e+00
3.489338111419999768e+04 1.570832092740525932e+00 6.580669416803143212e-01 2.483597243800737431e+00
3.493370881419999932e+04 1.492532810947515109e+00 6.108154758816626284e-01 2.374250146013367591e+00
3.497403651420000097e+04 1.519210517954157957e+00 5.658773984030687210e-01 2.472543637505247194e+00
3.501436421419999533e+04 1.637516658035490735e+00 5.453700070935690869e-01 2.729663308977412051e+00
3.505469191420000425e+04 1.834085468176137379e+00 5.533620612584433385e-01 3.114808875093831642e+00
3.509501961419999861e+04 2.095912137601147585e+00 5.824891513599431692e-01 3.609335123842351667e+00
3.513534731420000026e+04 2.409202748031861407e+00 6.262618330709884829e-01 4.192143662992734221e+00
3.517567501420000190e+04 2.757475883687980023e+00 6.809845383053227952e-01 4.833967229070637472e+00
3.521600271419999626e+04 3.119864146819813833e+00 7.399657763594112980e-01 5.499762517280216478e+00
3.525633041419999790e+04 3.470380558749020405e+00 7.886783197719700045e-01 6.152082797726071028e+00
3.529665811419999955e+04 3.778608810987069688e+00 8.062847296967824429e-01 6.750932892277356601e+00
3.533698581420000119e+04 4.012018054338156503e+00 7.728791411559996494e-01 7.251156967520313579e+00
3.537731351419999555e+04 4.139865269373063761e+00 6.778766728112304296e-01 7.601853865934898202e+00
3.541764121420000447e+04 4.138283060261517932e+00 5.252585083109179154e-01 7.751307612212118947e+00
3.545796891419999884e+04 3.995608228978552834e+00 3.339927341772204183e-01 7.657223723779885916e+00
3.549829661420000048e+04 3.716486821136222751e+00 1.338459848796934026e-01 7.299127657392753044e+00
3.553862431420000212e+04 3.323168703601102170e+00 -4.229073181898345551e-02 6.688628139021187913e+00
3.557895201419999648e+04 2.852960887344051955e+00 -1.673280370653540683e-01 5.873249811753457728e+00
3.561927971420000540e+04 2.351978112442573376e+00 -2.270282941311618230e-01 4.930984519016308631e+00
3.565960741419999977e+04 1.866659921525415156e+00 -2.226986961825282996e-01 3.956018539233358222e+00
3.569993511420000141e+04 1.435403437235492685e+00 -1.692332645533754232e-01 3.040040139024360766e+00
3.574026281419999577e+04 1.082665307448780423e+00 -9.044968189707411343e-02 2.255780296794634765e+00
3.578059051419999741e+04 8.170169054687953514e-01 -1.426492280168550029e-02 1.648298733739276267e+00
3.582091821419999906e+04 6.333031847213780319e-01 3.255569541348338897e-02 1.234050674029272709e+00
3.586124591420000070e+04 5.178226569486762410e-01 3.703664546215344050e-02 9.986086684351990206e-01
3.590157361419999506e+04 4.547312213565134487e-01 1.593032297528760091e-02 8.935321197377391611e-01
3.594190131419999670e+04 4.317833740370451423e-01 -2.550033004603893816e-03 8.661167810786941645e-01
3.598222901420000562e+04 4.439081164673808755e-01 -1.692335889665420173e-02 9.047395918314159458e-01
3.602255671419999271e+04 4.937436073454791186e-01 -6.222996111011028925e-02 1.049717175801068603e+00
3.606288441420000163e+04 5.889782287812111994e-01 -1.789492835728086761e-01 1.356905741135231214e+00
3.610321211420000327e+04 7.371316062500208321e-01 -3.754995189977543557e-01 1.849762731497796020e+00
3.614353981419999764e+04 9.392226376073725680e-01 -6.352719320980632078e-01 2.513717207312808455e+00
3.618386751419999928e+04 1.184431880759861722e+00 -9.312854478005923031e-01 3.300149209320315968e+00
3.622419521420000092e+04 1.448014925944623332e+00 -1.229168011719036890e+00 4.125197863608283555e+00
3.626452291419999528e+04 1.694005573838618828e+00 -1.489264837524687968e+00 4.877275985201925401e+00
3.630485061419999693e+04 1.882630506826739714e+00 -1.672492574899914430e+00 5.437753588553394302e+00
3.634517831420000584e+04 1.980361361336811843e+00 -1.748866888062038161e+00 5.709589610735661402e+00
3.638550601419999293e+04 1.969107436215428830e+00 -1.705514092787719482e+00 5.643728965218577365e+00
3.642583371420000185e+04 1.851073175080388378e+00 -1.550779588745553994e+00 5.252925938906330749e+00
3.646616141420000349e+04 1.647453095307395587e+00 -1.312478863009325813e+00 4.607385053624116544e+00
3.650648911419999786e+04 1.391673762459421537e+00 -1.030717449336063352e+00 3.814064974254906648e+00
3.654681681419999950e+04 1.120033634269717693e+00 -7.478363289508019873e-01 2.987903597490237484e+00
3.658714451420000114e+04 8.632837210106057979e-01 -4.988782896438741510e-01 2.225445731665085969e+00
3.662747221420000278e+04 6.417394154028274178e-01 -3.052486185203583391e-01 1.588727449326013064e+00
3.666779991419999715e+04 4.646198192902891155e-01 -1.725821078428917410e-01 1.101821746423470083e+00
3.670812761420000606e+04 3.325500903570945410e-01 -9.247729115707967185e-02 7.575774718712686706e-01
3.674845531419999315e+04 2.413102193487560720e-01 -4.805143613829814669e-02 5.306718748358102422e-01
3.678878301420000207e+04 1.850948804156319627e-01 -2.437346236711311967e-02 3.945632231983770555e-01
3.682911071419999644e+04 1.583558836063052866e-01 -2.037965895198476721e-02 3.370914261645953647e-01
3.686943841419999808e+04 1.561771478530160073e-01 -4.297871176504654972e-02 3.553330074710785436e-01
3.690976611419999972e+04 1.737118752672582034e-01 -8.441378683201355981e-02 4.318375373665299666e-01
3.695009381419999409e+04 2.054009375356044276e-01 -1.305696276748242735e-01 5.413715027460331841e-01
3.699042151420000300e+04 2.445775272879649187e-01 -1.723172567117658427e-01 6.614723112876956801e-01
3.703074921419999737e+04 2.837755056052173042e-01 -2.036675080054013987e-01 7.712185192158359515e-01
3.707107691419999901e+04 3.157083151958161027e-01 -2.202300224622606994e-01 8.516466528538929603e-01
3.711140461420000065e+04 3.345745695748597592e-01 -2.196017761014270875e-01 8.887509152511465782e-01
3.715173231420000229e+04 3.371819060258320899e-01 -2.021802720637893847e-01 8.765440841154535923e-01
3.719206001419999666e+04 3.234370614732628435e-01 -1.714317258396490518e-01 8.183058487861747388e-01
3.723238771419999830e+04 2.960115628928833842e-01 -1.332577155035339633e-01 7.252808412893007040e-01
3.727271541419999994e+04 2.593353810041644225e-01 -9.459357769468620947e-02 6.132643397030150823e-01
3.731304311419999431e+04 2.183235254310788576e-01 -6.166823312498641296e-02 4.983152839871441975e-01
3.735337081420000322e+04 1.772847186039532008e-01 -3.841524880899377381e-02 3.929846860169001754e-01
3.739369851419999759e+04 1.393018407187646412e-01 -2.548643104852654773e-02 3.040901124860558857e-01
3.743402621419999923e+04 1.061244196652487704e-01 -2.039088285936056441e-02 2.326397221898580947e-01
3.747435391420000087e+04 7.841424398741482504e-02 -1.909428028774138100e-02 1.759227682625709999e-01
3.751468161420000251e+04 5.611720444262128377e-02 -1.823638600914083072e-02 1.304707948943834017e-01
3.755500931419999688e+04 3.878777469883541024e-02 -1.630086574301292668e-02 9.387641514068374715e-02
3.759533701419999852e+04 2.579742390302043956e-02 -1.330334600552845158e-02 6.489819381156933242e-02
3.763566471420000744e+04 1.644328553102567328e-02 -9.910866770425829850e-03 4.279743783247717120e-02
3.767599241419999453e+04 1.000582147074390721e-02 -6.779086764466756530e-03 2.679072970595457182e-02
3.771632011420000345e+04 5.793199684196580213e-03 -4.282002152108440457e-03 1.586840152050160088e-02
3.775664781419999781e+04 3.184151864011581980e-03 -2.507629103106851550e-03 8.875932831130016812e-03
3.779697551419999945e+04 1.663360173859183356e-03 -1.360733038707287630e-03 4.687453386425653908e-03
3.783730321420000109e+04 8.410019244352099884e-04 -6.707276776014822793e-04 2.352731526471902365e-03
3.787763091419999546e+04 4.555516822226838387e-04 -2.714262409675234004e-04 1.182529605412891132e-03
3.791795861419999710e+04 3.676015773563283341e-04 -1.408489209962422467e-04 8.760520757088988879e-04
3.795828631419999874e+04 5.566910236502561242e-04 -4.111222736622252441e-04 1.524504320962737384e-03
3.799861401420000038e+04 1.131382667289570392e-03 -1.034148509238981203e-03 3.296913843818121987e-03
3.803894171419999475e+04 2.355480716072684295e-03 -2.239009601232492316e-03 6.949971033377862206e-03
3.807926941420000367e+04 4.681033363625291578e-03 -4.479876904410238364e-03 1.384194363166082152e-02
3.811959711419999803e+04 8.763255594523304895e-03 -8.396471736288773843e-03 2.592298292533538537e-02
3.815992481419999967e+04 1.541889032579253464e-02 -1.477650110309523292e-02 4.561428175468030394e-02
3.820025251420000131e+04 2.548783719218206817e-02 -2.442679336546281499e-02 7.540246774982695133e-02
3.824058021419999568e+04 3.957997998855711935e-02 -3.793251358400961254e-02 1.170924735611238582e-01
3.828090791420000460e+04 5.773987042653874746e-02 -5.533657816335657564e-02 1.708163190164340706e-01
3.832123561419999896e+04 7.912847863614540234e-02 -7.583494698859288841e-02 2.340919042608837208e-01
3.836156331420000060e+04 1.018700344063237784e-01 -9.762994342863201558e-02 3.013700122412795723e-01
3.840189101419999497e+04 1.232016970515402571e-01 -1.180737284155978228e-01 3.644771225186783092e-01
3.844221871420000389e+04 1.399727590314471526e-01 -1.341467361719372864e-01 4.140922542348315916e-01
3.848254641419999825e+04 1.493918657731068689e-01 -1.431737957147626306e-01 4.419575272609763683e-01
3.852287411419999989e+04 1.497845345711057985e-01 -1.435501206408164310e-01 4.431191897830281112e-01
3.856320181420000154e+04 1.410793961605622260e-01 -1.352073122693530360e-01 4.173661045904775158e-01
3.860352951419999590e+04 1.248293775460657257e-01 -1.196336608292863646e-01 3.692924159214178159e-01
3.864385721420000482e+04 1.037591995184534432e-01 -9.944047729093162535e-02 3.069588763278385257e-01
3.868418491419999918e+04 8.102014482036652698e-02 -7.764787998084980714e-02 2.396881696215828750e-01
3.872451261420000083e+04 5.943140707295122005e-02 -5.695772049932847775e-02 1.758205346452309248e-01
3.876484031419999519e+04 4.095393200048796228e-02 -3.924932501377638439e-02 1.211571890147523090e-01
3.880516801420000411e+04 2.651134687307674098e-02 -2.540787707421959113e-02 7.843057082037306615e-02
3.884549571419999847e+04 1.612221001260150804e-02 -1.545116255790542591e-02 4.769558258310844373e-02
3.888582341420000012e+04 9.210303704481894241e-03 -8.826947399543646350e-03 2.724755480850743483e-02
3.892615111420000176e+04 4.942878358777563590e-03 -4.737143168692774242e-03 1.462289988624790142e-02
3.896647881419999612e+04 2.491968163189105679e-03 -2.388246099539984013e-03 7.372182425918195371e-03
3.900680651420000504e+04 1.180216416219809477e-03 -1.131092802182041487e-03 3.491525634621660008e-03
3.904713421419999213e+04 5.250944253452463671e-04 -5.032386575982957314e-04 1.553427508288788682e-03
3.908746191420000105e+04 2.194672687796875711e-04 -2.103324819242506194e-04 6.492670194836257886e-04
3.912778961420000269e+04 8.617051831131884211e-05 -8.258388180568644534e-05 2.549249184283241296e-04
3.916811731419999705e+04 3.178368488567575060e-05 -3.046076694658923759e-05 9.402813671794074896e-05
3.920844501419999870e+04 1.101301884366386558e-05 -1.055462894192072437e-05 3.258066662924845552e-05
3.924877271420000034e+04 3.584801504647739139e-06 -3.435592933155064912e-06 1.060519594245054234e-05
3.928910041420000198e+04 1.096176377790589159e-06 -1.050550724258024791e-06 3.242903479839202897e-06
3.932942811419999634e+04 3.148852803733533960e-07 -3.017789527823675965e-07 9.315495135290743884e-07
3.936975581420000526e+04 8.497298506433200788e-08 -8.143619294335308421e-08 2.513821630720171000e-07
3.941008351419999235e+04 2.154100618864050346e-08 -2.064441463182688836e-08 6.372642700910789197e-08
3.945041121420000127e+04 5.129885725489629542e-09 -4.916366812370406925e-09 1.517613826334966436e-08
3.949073891420000291e+04 1.147640830126723196e-09 -1.099873094973820025e-09 3.395154755227266624e-09
3.953106661419999728e+04 2.411908821684819581e-10 -2.311519031793393657e-10 7.135336675163032818e-10
3.957139431419999892e+04 4.761813433852037137e-11 -4.563614627235186149e-11 1.408724149493926042e-10
3.961172201420000056e+04 8.831621756936722971e-12 -8.464027159409719684e-12 2.612727067328316401e-11
3.965204971420000220e+04 1.538739634502221888e-12 -1.474693370722916411e-12 4.552172639727360592e-12
3.969237741419999657e+04 2.518525862544712391e-13 -2.413698399788315060e-13 7.450750124877740852e-13
3.973270511420000548e+04 3.872436316729738129e-14 -3.711255651561473441e-14 1.145612828502094970e-13
3.977303281419999257e+04 5.593436972020078110e-15 -5.360623875047557285e-15 1.654749781908771272e-14
3.981336051420000149e+04 7.589790843371947545e-16 -7.273884412234995561e-16 2.245346609897888966e-15
3.985368821420000313e+04 9.674698998384689599e-17 -9.272013378191105705e-17 2.862141137496048490e-16
3.989401591419999750e+04 1.158515132731137481e-17 -1.110294781399760190e-17 3.427325046862035613e-17
3.993434361419999914e+04 1.303234459464606984e-18 -1.248990521058373077e-18 3.855459439987586659e-18
3.997467131420000078e+04 1.377209448533282722e-19 -1.319886482618604545e-19 4.074305379685169749e-19
4.001499901420000242e+04 1.367206225308497909e-20 -1.310299619029281602e-20 4.044712069646277722e-20
4.005532671419999679e+04 1.275042484370619139e-21 -1.221971967791491674e-21 3.772056936532729765e-21
4.009565441419999843e+04 1.117048112501414274e-22 -1.070553724196010728e-22 3.304649949198839042e-22
4.013598211420000007e+04 9.193390280832477169e-24 -8.810737955676084094e-24 2.719751851734103990e-23
4.017630981420000171e+04 7.107814915873175648e-25 -6.811969550751422618e-25 2.102759938249777299e-24
4.021663751419999608e+04 5.162417430670044547e-26 -4.947544465101290810e-26 1.527237932644137933e-25
4.025696521419999772e+04 3.522303070644670951e-27 -3.375695843200303878e-27 1.042030198448964722e-26
4.029729291420000663e+04 2.257651582169944303e-28 -2.163682371582699613e-28 6.678985535922589115e-28
4.033762061419999372e+04 1.359388876282016780e-29 -1.302807647985279676e-29 4.021585400549313236e-29
4.037794831420000264e+04 7.689305205688342085e-31 -7.369256733262668252e-31 2.274786714463935067e-30
4.041827601419999701e+04 4.085893870263123212e-32 -3.915828557898693960e-32 1.208761629842493929e-31
4.045860371419999865e+04 2.039593687161174898e-33 -1.954700601702427218e-33 6.033887976024777358e-33
4.049893141420000029e+04 9.564380190429365216e-35 -9.166286320078135273e-35 2.829504670093686678e-34
4.053925911420000193e+04 4.213340892018269063e-36 -4.037970909916196550e-36 1.246465269395273534e-35
4.057958681419999630e+04 1.743624490171854008e-37 -1.671050396721834088e-37 5.158299377065542104e-37
4.061991451419999794e+04 6.778536159908278143e-39 -6.496396215501387298e-39 2.005346853531794358e-38
4.066024221420000686e+04 2.475571469204632398e-40 -2.372531877732447483e-40 7.323674816141711463e-40
4.070056991419999395e+04 8.493205169639935577e-42 -8.139696332647821265e-42 2.512610667192768987e-41
4.074089761420000286e+04 2.737312350412959170e-43 -2.623378436637063287e-43 8.098003137462982024e-43
4.078122531419999723e+04 8.287693726518480459e-45 -7.942738799363143269e-45 2.451812625240010045e-44
4.082155301419999887e+04 2.357217325482079933e-46 -2.259103934998163999e-46 6.973538585962323865e-46
4.086188071420000051e+04 6.298282706498802810e-48 -6.036132134347209764e-48 1.863269754734481295e-47
4.090220841420000215e+04 1.580888614151258334e-49 -1.515088002457524236e-49 4.676865230760040903e-49
4.094253611419999652e+04 3.727665956820100751e-51 -3.572511002857459980e-51 1.102784291649766089e-50
4.098286381419999816e+04 8.257133347534043812e-53 -7.913450421209644244e-53 2.442771711627772909e-52
4.102319151420000708e+04 1.718217760629047502e-54 -1.646701159990403926e-54 5.083136681248498641e-54
4.106351921419999417e+04 3.358796596176242996e-56 -3.218994924758783080e-56 9.936588117111268619e-56
4.110384691420000308e+04 6.168020376936425010e-58 -5.911291654805836923e-58 1.824733240867868482e-57
4.114417461419999745e+04 1.064056012545324144e-59 -1.019767290446164853e-59 3.147879315536813141e-59
4.118450231419999909e+04 1.724406992457569128e-61 -1.652632780222145540e-61 5.101446765137283105e-61
4.122483001420000073e+04 2.625255973174653175e-63 -2.515986131301412190e-63 7.766498077650717999e-63
4.126515771419999510e+04 3.754569347420261096e-65 -3.598294605800098822e-65 1.110743330064062144e-64
4.130548541420000402e+04 5.044349857681163504e-67 -4.834391165296768202e-67 1.492309088065909521e-66
4.134581311419999838e+04 6.366589735259308211e-69 -6.101596050547417935e-69 1.883477552106603436e-68
4.138614081420000002e+04 7.548577605064304154e-71 -7.234386573903278104e-71 2.233154178403188641e-70
4.142646851419999439e+04 8.407753659686141952e-73 -8.057801532239924221e-73 2.487330885161220938e-72
4.146679621420000331e+04 8.797341035842197530e-75 -8.431173289262720338e-75 2.602585536094711442e-74
4.150712391419999767e+04 8.647279015677117077e-77 -8.287357232684542528e-77 2.558191526403877822e-76
4.154745161419999931e+04 7.984801264747408773e-79 -7.652453493519180514e-79 2.362205602301400046e-78
4.158777931420000095e+04 6.926364544313573072e-81 -6.638071605930767707e-81 2.049080069455791572e-80
4.162810701419999532e+04 5.644210134380172212e-83 -5.409283729037271146e-83 1.669770399779761703e-82
4.166843471420000424e+04 4.320734671949093948e-85 -4.140894687123106803e-85 1.278236403102129527e-84
4.170876241419999860e+04 3.107195766823760897e-87 -2.977866362918268131e-87 9.192257896565790818e-87
4.174909011420000024e+04 2.099114990328531438e-89 -2.011744476591696701e-89 6.209974457248759229e-89
4.178941781419999461e+04 1.332172420703589966e-91 -1.276724010626391060e-91 3.941068852033571537e-91
4.182974551420000353e+04 7.942207725615673235e-94 -7.611632806000047061e-94 2.349604825723139353e-93
4.187007321419999789e+04 4.448141967902726796e-96 -4.262998966828148176e-96 1.315928290263360343e-95
4.191040091419999953e+04 2.340305928902976338e-98 -2.242896433829257113e-98 6.923508291635209790e-98
4.195072861420000118e+04 1.156706619050105620e-100 -1.108561542665600532e-100 3.421974780765811899e-100
4.199105631419999554e+04 5.370693935403244103e-103 -5.147151971088999421e-103 1.588853984189548564e-102
4.203138401420000446e+04 2.342578651925854711e-105 -2.245074560329790337e-105 6.930231864181500146e-105
4.207171171419999882e+04 9.598747196681500160e-108 -9.199222883974405030e-108 2.839671727733740989e-107
4.211203941420000046e+04 3.694804987478545540e-110 -3.541017790778638228e-110 1.093062776573572753e-109
4.215236711420000211e+04 1.336057297556811260e-112 -1.280447189007616222e-112 3.952561784121238281e-112
4.219269481420000375e+04 4.538530315400111484e-115 -4.349625121023537848e-115 1.342668575182376082e-114
4.223302251419999811e+04 1.448311545507894881e-117 -1.388029129172907503e-117 4.284652220188696738e-117
4.227335021419999975e+04 4.341755266092338424e-120 -4.161040350584641938e-120 1.284455088276931741e-119
4.231367791420000140e+04 1.222715116773421448e-122 -1.171822598546216671e-122 3.617252832093059164e-122
4.235400561419999576e+04 3.234758168714536050e-125 -3.100119292656242437e-125 9.569635630085315062e-125
4.239433331420000468e+04 8.039239181062191980e-128 -7.704625565067406014e-128 2.378310392719179100e-127
4.243466101419999177e+04 1.876915307686203008e-130 -1.798793310831037397e-130 5.552623926203443412e-130
4.247498871420000069e+04 4.116527278926412104e-133 -3.945186926049758097e-133 1.217824148390258152e-132
4.251531641420000233e+04 8.481524363069459341e-136 -8.128501711006349899e-136 2.509155043714527011e-135
4.255564411419999669e+04 1.641622988205980806e-138 -1.573294452918905116e-138 4.856540429330866429e-138
4.259597181419999833e+04 2.984898247773061281e-141 -2.831963491574392894e-141 8.801759987120516038e-141
4.263629951419999998e+04 5.098497749397095272e-144 5.098497749397095272e-144 5.098497749397095272e-144
4.267662721420000162e+04 8.181096731465185716e-147 8.181096731465185716e-147 8.181096731465185716e-147
4.271695491419999598e+04 1.233211080769015130e-149 1.233211080769015130e-149 1.233211080769015130e-149
4.275728261420000490e+04 1.746304221485511767e-152 1.746304221485511767e-152 1.746304221485511767e-152
4.279761031419999199e+04 2.323052283290938242e-155 2.323052283290938242e-155 2.323052283290938242e-155
4.283793801420000091e+04 2.903050960496991342e-158 2.903050960496991342e-158 2.903050960496991342e-158
4.287826571420000255e+04 3.408057627480234361e-161 3.408057627480234361e-161 3.408057627480234361e-161
4.291859341419999691e+04 3.758510732948991049e-164 3.758510732948991049e-164 3.758510732948991049e-164
4.295892111419999856e+04 3.893868265524650540e-167 3.893868265524650540e-167 3.893868265524650540e-167
4.299924881420000020e+04 3.789686716951869379e-170 3.789686716951869379e-170 3.789686716951869379e-170
4.303957651420000184e+04 3.464830224641988843e-173 3.464830224641988843e-173 3.464830224641988843e-173
4.307990421419999620e+04 2.975892259550871622e-176 2.975892259550871622e-176 2.975892259550871622e-176
4.312023191420000512e+04 2.401093340567578165e-179 2.401093340567578165e-179 2.401093340567578165e-179
4.316055961419999949e+04 1.819941706483325476e-182 1.819941706483325476e-182 1.819941706483325476e-182
4.320088731420000113e+04 1.295873195484803078e-185 1.295873195484803078e-185 1.295873195484803078e-185
4.324121501420000277e+04 8.668104349959571700e-189 8.668104349959571700e-189 8.668104349959571700e-189
4.328154271419999714e+04 5.446811551822304913e-192 5.446811551822304913e-192 5.446811551822304913e-192
4.332187041420000605e+04 3.215267892686760503e-195 3.215267892686760503e-195 3.215267892686760503e-195
4.336219811419999314e+04 1.782988624844532533e-198 1.782988624844532533e-198 1.782988624844532533e-198
4.340252581420000206e+04 9.288307313941212582e-202 9.288307313941212582e-202 9.288307313941212582e-202
4.344285351419999643e+04 4.545494897475752307e-205 4.545494897475752307e-205 4.545494897475752307e-205
4.348318121419999807e+04 2.089692422786775047e-208 2.089692422786775047e-208 2.089692422786775047e-208
4.352350891419999971e+04 9.024853406070093497e-212 9.024853406070093497e-212 9.024853406070093497e-212
4.356383661420000135e+04 3.661462068724897307e-215 3.661462068724897307e-215 3.661462068724897307e-215
4.360416431419999572e+04 1.395486107814414713e-218 1.395486107814414713e-218 1.395486107814414713e-218
4.364449201419999736e+04 4.996352723406060329e-222 4.996352723406060329e-222 4.996352723406060329e-222
4.368481971420000627e+04 1.680495129466153678e-225 1.680495129466153678e-225 1.680495129466153678e-225
4.372514741419999336e+04 5.309798259079703859e-229 5.309798259079703859e-229 5.309798259079703859e-229
4.376547511420000228e+04 1.576069549527271171e-232 1.576069549527271171e-232 1.576069549527271171e-232
4.380580281419999665e+04 4.394700981903409888e-236 4.394700981903409888e-236 4.394700981903409888e-236
4.384613051419999829e+04 1.151171099763307191e-239 1.151171099763307191e-239 1.151171099763307191e-239
4.388645821419999993e+04 2.832741990493884040e-243 2.832741990493884040e-243 2.832741990493884040e-243
4.392678591420000157e+04 6.548333015357324652e-247 6.548333015357324652e-247 6.548333015357324652e-247
4.396711361419999594e+04 1.422037631431834158e-250 1.422037631431834158e-250 1.422037631431834158e-250
4.400744131419999758e+04 2.901001919311987843e-254 2.901001919311987843e-254 2.901001919311987843e-254
4.404776901420000650e+04 5.559574289628181889e-258 5.559574289628181889e-258 5.559574289628181889e-258
4.408809671419999358e+04 1.000902224461431730e-261 1.000902224461431730e-261 1.000902224461431730e-261
4.412842441420000250e+04 1.692771606894308487e-265 1.692771606894308487e-265 1.692771606894308487e-265
4.416875211420000414e+04 2.689438838564976273e-269 2.689438838564976273e-269 2.689438838564976273e-269
4.420907981419999851e+04 4.014038868773748756e-273 4.014038868773748756e-273 4.014038868773748756e-273
4.424940751420000015e+04 5.628051588472151313e-277 5.628051588472151313e-277 5.628051588472151313e-277
4.428973521420000179e+04 7.412951533276713440e-281 7.412951533276713440e-281 7.412951533276713440e-281
4.433006291420000343e+04 9.172354821654660624e-285 9.172354821654660624e-285 9.172354821654660624e-285
4.437039061419999780e+04 1.066171642798366556e-288 1.066171642798366556e-288 1.066171642798366556e-288
4.441071831419999944e+04 1.164206455112545061e-292 1.164206455112545061e-292 1.164206455112545061e-292
4.445104601419999381e+04 1.194234167204320018e-296 1.194234167204320018e-296 1.194234167204320018e-296
4.449137371420000272e+04 1.151323899069732215e-300 1.151323899069732215e-300 1.151323899069732215e-300
4.453170141419999709e+04 0.000000000000000000e+00 0.000000000000000000e+00 0.000000000000000000e+00
4.457202911419999873e+04 0.000000000000000000e+00 0.000000000000000000e+00 0.000000000000000000e+00
4.461235681420000037e+04 0.000000000000000000e+00 0.000000000000000000e+00 0.000000000000000000e+00
4.465268451419999474e+04 0.000000000000000000e+00 0.000000000000000000e+00 0.000000000000000000e+00
4.469301221420000365e+04 0.000000000000000000e+00 0.000000000000000000e+00 0.000000000000000000e+00
4.473333991419999802e+04 0.000000000000000000e+00 0.000000000000000000e+00 0.000000000000000000e+00
4.477366761419999966e+04 0.000000000000000000e+00 0.000000000000000000e+00 0.000000000000000000e+00
4.481399531419999403e+04 0.000000000000000000e+00 0.000000000000000000e+00 0.000000000000000000e+00
4.485432301420000294e+04 0.000000000000000000e+00 0.000000000000000000e+00 0.000000000000000000e+00
4.489465071419999731e+04 0.000000000000000000e+00 0.000000000000000000e+00 0.000000000000000000e+00
4.493497841419999895e+04 0.000000000000000000e+00 0.000000000000000000e+00 0.000000000000000000e+00
4.497530611420000059e+04 0.000000000000000000e+00 0.000000000000000000e+00 0.000000000000000000e+00
4.501563381419999496e+04 0.000000000000000000e+00 0.000000000000000000e+00 0.000000000000000000e+00
4.505596151420000388e+04 0.000000000000000000e+00 0.000000000000000000e+00 0.000000000000000000e+00
4.509628921419999824e+04 0.000000000000000000e+00 0.000000000000000000e+00 0.000000000000000000e+00
4.513661691419999988e+04 0.000000000000000000e+00 0.000000000000000000e+00 0.000000000000000000e+00
4.517694461420000152e+04 0.000000000000000000e+00 0.000000000000000000e+00 0.000000000000000000e+00
4.521727231420000317e+04 0.000000000000000000e+00 0.000000000000000000e+00 0.000000000000000000e+00
4.525760001419999753e+04 0.000000000000000000e+00 0.000000000000000000e+00 0.000000000000000000e+00
4.529792771419999917e+04 0.000000000000000000e+00 0.000000000000000000e+00 0.000000000000000000e+00
4.533825541420000809e+04 0.000000000000000000e+00 0.000000000000000000e+00 0.000000000000000000e+00
4.537858311419999518e+04 0.000000000000000000e+00 0.000000000000000000e+00 0.000000000000000000e+00
4.541891081420000410e+04 0.000000000000000000e+00 0.000000000000000000e+00 0.000000000000000000e+00
4.545923851419999846e+04 0.000000000000000000e+00 0.000000000000000000e+00 0.000000000000000000e+00
4.549956621420000010e+04 0.000000000000000000e+00 0.000000000000000000e+00 0.000000000000000000e+00
4.553989391420000175e+04 0.000000000000000000e+00 0.000000000000000000e+00 0.000000000000000000e+00
4.558022161419999611e+04 0.000000000000000000e+00 0.000000000000000000e+00 0.000000000000000000e+00
4.562054931419999775e+04 0.000000000000000000e+00 0.000000000000000000e+00 0.000000000000000000e+00
4.566087701419999939e+04 0.000000000000000000e+00 0.000000000000000000e+00 0.000000000000000000e+00
4.570120471420000104e+04 0.000000000000000000e+00 0.000000000000000000e+00 0.000000000000000000e+00
4.574153241419999540e+04 0.000000000000000000e+00 0.000000000000000000e+00 0.000000000000000000e+00
4.578186011420000432e+04 0.000000000000000000e+00 0.000000000000000000e+00 0.000000000000000000e+00
4.582218781419999141e+04 0.000000000000000000e+00 0.000000000000000000e+00 0.000000000000000000e+00
4.586251551420000033e+04 0.000000000000000000e+00 0.000000000000000000e+00 0.000000000000000000e+00
4.590284321419999469e+04 0.000000000000000000e+00 0.000000000000000000e+00 0.000000000000000000e+00
4.594317091419999633e+04 0.000000000000000000e+00 0.000000000000000000e+00 0.000000000000000000e+00
4.598349861420000525e+04 0.000000000000000000e+00 0.000000000000000000e+00 0.000000000000000000e+00
4.602382631419999962e+04 0.000000000000000000e+00 0.000000000000000000e+00 0.000000000000000000e+00
4.606415401420000126e+04 0.000000000000000000e+00 0.000000000000000000e+00 0.000000000000000000e+00
4.610448171419999562e+04 0.000000000000000000e+00 0.000000000000000000e+00 0.000000000000000000e+00
4.614480941420000454e+04 0.000000000000000000e+00 0.000000000000000000e+00 0.000000000000000000e+00
4.618513711419999163e+04 0.000000000000000000e+00 0.000000000000000000e+00 0.000000000000000000e+00
4.622546481420000055e+04 0.000000000000000000e+00 0.000000000000000000e+00 0.000000000000000000e+00
4.626579251420000946e+04 0.000000000000000000e+00 0.000000000000000000e+00 0.000000000000000000e+00
4.630612021419999655e+04 0.000000000000000000e+00 0.000000000000000000e+00 0.000000000000000000e+00
4.634644791420000547e+04 0.000000000000000000e+00 0.000000000000000000e+00 0.000000000000000000e+00
4.638677561419999984e+04 0.000000000000000000e+00 0.000000000000000000e+00 0.000000000000000000e+00
4.642710331420000148e+04 0.000000000000000000e+00 0.000000000000000000e+00 0.000000000000000000e+00
4.646743101419999584e+04 0.000000000000000000e+00 0.000000000000000000e+00 0.000000000000000000e+00
4.650775871420000476e+04 0.000000000000000000e+00 0.000000000000000000e+00 0.000000000000000000e+00
4.654808641419999185e+04 0.000000000000000000e+00 0.000000000000000000e+00 0.000000000000000000e+00
