1.457564061100000072e+04 1.938285932466865570e-200 1.938285932466865570e-200 1.938285932466865570e-200
1.461596831099999872e+04 1.136623957641011332e-198 1.136623957641011332e-198 1.136623957641011332e-198
1.465629601100000036e+04 6.530592950133095019e-197 6.530592950133095019e-197 6.530592950133095019e-197
1.469662371100000018e+04 3.676421284858262061e-195 3.676421284858262061e-195 3.676421284858262061e-195
1.473695141100000001e+04 2.027845091039386017e-193 2.027845091039386017e-193 2.027845091039386017e-193
1.477727911099999983e+04 1.095925739282890938e-191 1.095925739282890938e-191 1.095925739282890938e-191
1.481760681099999965e+04 5.803157071933805058e-190 5.803157071933805058e-190 5.803157071933805058e-190
1.485793451099999947e+04 3.010817082966435449e-188 3.010817082966435449e-188 3.010817082966435449e-188
1.489826221100000112e+04 1.530527949080549548e-186 1.530527949080549548e-186 1.530527949080549548e-186
1.493858991099999912e+04 7.623159474428835941e-185 7.623159474428835941e-185 7.623159474428835941e-185
1.497891761100000076e+04 3.720194042944629163e-183 3.720194042944629163e-183 3.720194042944629163e-183
1.501924531100000058e+04 1.778824195650289451e-181 1.778824195650289451e-181 1.778824195650289451e-181
1.505957301100000041e+04 8.333689408523785063e-180 8.333689408523785063e-180 8.333689408523785063e-180
1.509990071100000023e+04 3.825413976478779935e-178 3.825413976478779935e-178 3.825413976478779935e-178
1.514022841100000005e+04 1.720506894578875093e-176 1.720506894578875093e-176 1.720506894578875093e-176
1.518055611099999987e+04 7.581781104637323767e-175 7.581781104637323767e-175 7.581781104637323767e-175
1.522088381100000151e+04 3.273579657796953665e-173 3.273579657796953665e-173 3.273579657796953665e-173
1.526121151099999952e+04 1.384877732467265774e-171 1.384877732467265774e-171 1.384877732467265774e-171
1.530153921100000116e+04 5.740329189992451971e-170 5.740329189992451971e-170 5.740329189992451971e-170
1.534186691099999916e+04 2.331304554487258639e-168 2.331304554487258639e-168 2.331304554487258639e-168
1.538219461100000080e+04 9.276797422660593038e-167 9.276797422660593038e-167 9.276797422660593038e-167
1.542252231100000063e+04 3.616879010057638868e-165 3.616879010057638868e-165 3.616879010057638868e-165
1.546285001100000045e+04 1.381677663399981428e-163 1.381677663399981428e-163 1.381677663399981428e-163
1.550317771100000027e+04 5.171497743595924539e-162 -4.581809615800118194e-162 1.492480510299196826e-161
1.554350541100000191e+04 1.896543418422492155e-160 -1.626007711092447894e-160 5.419094547937432205e-160
1.558383311099999992e+04 6.814689725415634986e-159 -5.842911173083048258e-159 1.947229062391432025e-158
1.562416081099999974e+04 2.399198779483998246e-157 -2.057071766276648298e-157 6.855469325244644790e-157
1.566448851099999956e+04 8.276052249766183739e-156 -7.095882827335741930e-156 2.364798732686810941e-155
1.570481621100000120e+04 2.797158416299628264e-154 -2.398282148605120039e-154 7.992598981204376566e-154
1.574514391100000103e+04 9.262916515586670038e-153 -7.942019727546487721e-153 2.646785275871982886e-152
1.578547161099999903e+04 3.005489976090657998e-151 -2.576905517917138551e-151 8.587885470098454546e-151
1.582579931100000067e+04 9.554757412014740665e-150 -8.192243957960408536e-150 2.730175878198989095e-149
1.586612701099999867e+04 2.976191648741283308e-148 -2.551785147514661577e-148 8.504168444997228194e-148
1.590645471100000032e+04 9.083201939330126574e-147 -7.787932544736289120e-147 2.595433642339654449e-146
1.594678241100000014e+04 2.716150891386220294e-145 -2.328826339508091396e-145 7.761128122280532695e-145
1.598711011099999996e+04 7.958031673214683104e-144 -6.823212152879753499e-144 2.273927549930912198e-143
1.602743781099999978e+04 2.284516405462563912e-142 -1.958743159267780824e-142 6.527775970192908649e-142
1.606776551100000142e+04 6.425689653492915115e-141 -5.509382914565415620e-141 1.836076222155124585e-140
1.610809321099999943e+04 1.770851153548830856e-139 -1.518326843601099853e-139 5.060029150698761565e-139
1.614842091099999925e+04 4.781687812691191702e-138 -4.099816604650153082e-138 1.366319223003253649e-137
1.618874861100000089e+04 1.265077773307414658e-136 -1.084677014541811642e-136 3.614832561156641148e-136
1.622907631100000071e+04 3.279367436236122716e-135 -2.811727907440329163e-135 9.370462779912573984e-135
1.626940401100000054e+04 8.329132703677052448e-134 -7.141393980034930871e-134 2.379965938738903577e-133
1.630973171099999854e+04 2.072747168296640117e-132 -1.777172327088946213e-132 5.922666663682226134e-132
1.635005941100000200e+04 5.053935869809473012e-131 -4.333241944775441181e-131 1.444111368439438620e-130
1.639038711100000000e+04 1.207396660677795633e-129 -1.035221258978608198e-129 3.450014580334199625e-129
1.643071481100000165e+04 2.826227131653497903e-128 -2.423205649490820982e-128 8.075659912797816276e-128
1.647104251099999965e+04 6.481880192286502068e-127 -5.557560652143238202e-127 1.852132103671624316e-126
1.651137021100000129e+04 1.456571422648734262e-125 -1.248863568159485336e-125 4.162006413456954122e-125
1.655169791099999929e+04 3.207003381448860207e-124 -2.749683004654597127e-124 9.163689767552317120e-124
1.659202561100000094e+04 6.918371804366264211e-123 -5.931808329122386823e-123 1.976855193785491524e-122
1.663235331099999894e+04 1.462329446804716211e-121 -1.253800494879656107e-121 4.178459388489088314e-121
1.667268101099999694e+04 3.028470866706834120e-120 -2.596609320488752802e-120 8.653551053902420698e-120
1.671300871100000222e+04 6.145233965074829579e-119 -5.268920353399400384e-119 1.755938828354906064e-118
1.675333641100000023e+04 1.221772347959416553e-117 -1.047546965254679429e-117 3.491091661173512887e-117
1.679366411099999823e+04 2.380011241305571116e-116 -2.040620379927389121e-116 6.800642862538531352e-116
1.683399181100000351e+04 4.542600792431242740e-115 -3.894823517237539526e-115 1.298002510210002501e-114
1.687431951100000151e+04 8.495070426460803398e-114 -7.283668890419735863e-114 2.427380974334134266e-113
1.691464721099999952e+04 1.556561348969147430e-112 -1.334594877109760362e-112 4.447717575048055221e-112
1.695497491100000116e+04 2.794488638177417312e-111 -2.395993079535522789e-111 7.984970355890357782e-111
1.699530261099999916e+04 4.915586031768866894e-110 -4.214620861452604750e-110 1.404579292499033854e-109
1.703563031100000080e+04 8.471983514659320642e-109 -7.263874178851226039e-109 2.420784120816986921e-108
1.707595801100000244e+04 1.430644566926834757e-107 -1.226633893686244255e-107 4.087923027539914071e-107
1.711628571100000045e+04 2.367092585648312914e-106 -2.029543928093480754e-106 6.763729099390107065e-106
1.715661341099999845e+04 3.837386891115326105e-105 -3.290173484854180972e-105 1.096494726708483318e-104
1.719694111100000009e+04 6.095267604298779364e-104 -5.226079208151219526e-104 1.741661441674877949e-103
1.723726881100000173e+04 9.486080692955707653e-103 -8.133360545764700029e-103 2.710552193167611533e-102
1.727759651099999974e+04 1.446497539125721013e-101 -1.240226220642410752e-101 4.133221298893852778e-101
1.731792421099999774e+04 2.161152586354559798e-100 -1.852971076566902467e-100 6.175276249276022064e-100
1.735825191100000302e+04 3.163661505123884563e-99 -2.712521687123573249e-99 9.039844697371343187e-99
1.739857961100000102e+04 4.537654617892370609e-98 -3.890582644969321684e-98 1.296589188075406225e-97
1.743890731099999903e+04 6.376901525043126255e-97 -5.467551953490685925e-97 1.822135500357693844e-96
1.747923501100000067e+04 8.780612905986051373e-96 -7.528492793254920716e-96 2.508971860522702346e-95
1.751956271100000231e+04 1.184613834473499586e-94 -1.015687264116788886e-94 3.384914933063787792e-94
1.755989041100000031e+04 1.565905740321748233e-93 -1.342606736158060981e-93 4.474418216801557873e-93
1.760021811100000195e+04 2.028108940111473232e-92 -1.738899505753128126e-92 5.795117385976074590e-92
1.764054581099999996e+04 2.573675510989631531e-91 -2.206667981393994496e-91 7.354019003373257014e-91
1.768087351099999796e+04 3.200023357250065328e-90 -2.743698274157740227e-90 9.143744988657871318e-90
1.772120121099999960e+04 3.898426529413601130e-89 -3.342508757879807702e-89 1.113936181670700996e-88
1.776152891100000124e+04 4.653314510328949167e-88 -3.989749277470966278e-88 1.329637829812886461e-87
1.780185661099999925e+04 5.442172548028243482e-87 -4.666115694450250431e-87 1.555046079050673829e-86
1.784218431100000089e+04 6.236185932676802455e-86 -5.346902289804280857e-86 1.781927415515788434e-85
1.788251201100000253e+04 7.001686329213151795e-85 -6.003241849026114460e-85 2.000661450745241691e-84
1.792283971100000053e+04 7.702347242017052026e-84 -6.603988052605590819e-84 2.200868253663969579e-83
1.796316741099999854e+04 8.301955183425605164e-83 -7.118091474724129842e-83 2.372200184157534017e-82
1.800349511100000018e+04 8.767474733962560836e-82 -7.517227564549390790e-82 2.505217703247451480e-81
1.804382281100000182e+04 9.072051546798129448e-81 -7.778371420909788122e-81 2.592247451450604702e-80
1.808415051099999982e+04 9.197575112554547292e-80 -7.885995105642895626e-80 2.628114533075199021e-79
1.812447821100000147e+04 9.136461430072706069e-79 -7.833596104608759278e-79 2.610651896475417262e-78
1.816480591099999947e+04 8.892411572376189648e-78 -7.624347721635679040e-78 2.540917086638805834e-77
1.820513361100000111e+04 8.480040635994123771e-77 -7.270780939590610446e-77 2.423086221157885799e-76
1.824546131099999911e+04 7.923428804076579701e-76 -6.793542102226637204e-76 2.264039971037979415e-75
1.828578901100000076e+04 7.253794285403280840e-75 -6.219397692761242626e-75 2.072698626356780234e-74
1.832611671099999876e+04 6.506600748992060698e-74 -5.578754249210235217e-74 1.859195574719435818e-73
1.836644441100000040e+04 5.718471114234184000e-73 -4.903012249055565341e-73 1.633995447752393460e-72
1.840677211100000204e+04 4.924277896088069965e-72 -4.222071372206742316e-72 1.407062716438288225e-71
1.844709981100000005e+04 4.154722536504702955e-71 -3.562255020651100800e-71 1.187170009366050671e-70
1.848742751099999805e+04 3.434617257448226302e-70 -2.944837179954036212e-70 9.814071694850488816e-70
1.852775521100000333e+04 2.781964093819407198e-69 -2.385252782618188496e-69 7.949180970257002893e-69
1.856808291100000133e+04 2.207809227843745837e-68 -1.892972814734400249e-68 6.308591270421891923e-68
1.860841061099999934e+04 1.716755391587132575e-67 -1.471943650085282864e-67 4.905454433259548014e-67
1.864873831100000098e+04 1.307953030870340510e-66 -1.121436874145776953e-66 3.737342935886457973e-66
1.868906601099999898e+04 9.763661873919711191e-66 -8.371346513811641590e-66 2.789867026165106397e-65
1.872939371100000062e+04 7.141183094699547776e-65 -6.122836232741294871e-65 2.040520242214038874e-64
1.876972141099999862e+04 5.117577895114233120e-64 -4.387799799984549097e-64 1.462295559021301534e-63
1.881004911100000027e+04 3.593317672881634823e-63 -3.080901391558181736e-63 1.026753673732145246e-62
1.885037681100000191e+04 2.472086283083820938e-62 -2.119559556580721072e-62 7.063732122748362949e-62
1.889070451099999991e+04 1.666358719880232650e-61 -1.428730376539808197e-61 4.761447816300273497e-61
1.893103221100000155e+04 1.100551162606536628e-60 -9.436083122694464676e-61 3.144710637482519586e-60
1.897135991099999956e+04 7.121784751026010717e-60 -6.106186413363953800e-60 2.034975591541597634e-59
1.901168761099999756e+04 4.515484144986589174e-59 -3.871552702643235634e-59 1.290252099261641398e-58
1.905201531100000284e+04 2.805153791089013150e-58 -2.405121958676047870e-58 8.015429540854074878e-58
1.909234301100000084e+04 1.707441811756421805e-57 -1.463948622748844114e-57 4.878832246261687442e-57
1.913267071099999885e+04 1.018291306009563601e-56 -8.730746203816437374e-57 2.909657232400770826e-56
1.917299841100000413e+04 5.950247828233477220e-56 -5.101685462489525795e-56 1.700218111895648205e-55
1.921332611100000213e+04 3.406708520994076911e-55 -2.920873650510662083e-55 9.734290692498815905e-55
1.925365381100000013e+04 1.911048957245478563e-54 -1.638508225185801219e-54 5.460606139676758635e-54
1.929398151099999814e+04 1.050377898714479541e-53 -9.005777829261272328e-54 3.001333580355086083e-53
1.933430921099999978e+04 5.656610527184128734e-53 -4.849875183576962408e-53 1.616309623794522080e-52
1.937463691099999778e+04 2.984722344926194881e-52 -2.559037224765698278e-52 8.528481914618088411e-52
1.941496461099999942e+04 1.543080465865612637e-51 -1.322998428877270293e-51 4.409159360608495566e-51
1.945529231100000106e+04 7.816461817162863522e-51 -6.701603160186397852e-51 2.233452679451212490e-50
1.949562001099999907e+04 3.879438545360529477e-50 -3.326095422082941885e-50 1.108497251280400084e-49
1.953594771100000071e+04 1.886533857727763148e-49 -1.617436646029035930e-49 5.390504361484562226e-49
1.957627541100000235e+04 8.988711297183426226e-49 -7.706485762608008207e-49 2.568390835697485914e-48
1.961660311100000035e+04 4.196308477234905259e-48 -3.597675193172578975e-48 1.199029214764239010e-47
1.965693081099999836e+04 1.919440181539907468e-47 -1.645598653994103627e-47 5.484479017073918077e-47
1.969725851100000000e+04 8.602387930009564003e-47 -7.375003224384377079e-47 2.457977908440350314e-46
1.973758621100000164e+04 3.777468110560031332e-46 -3.238446513210691554e-46 1.079338273433075422e-45
1.977791391099999964e+04 1.625249428845762770e-45 -1.393308708945120098e-45 4.643807566636645637e-45
1.981824161100000128e+04 6.851359818144997775e-45 -5.873459105027270863e-45 1.957617874131726766e-44
1.985856931100000293e+04 2.829900693380226948e-44 -2.425919368256049126e-44 8.085720755016503022e-44
1.989889701100000093e+04 1.145258250845425108e-43 -9.817352862555818286e-44 3.272251787946432045e-43
1.993922471099999893e+04 4.541231630561290096e-43 -3.892672290208953974e-43 1.297513555133153417e-42
1.997955241100000057e+04 1.764339183582098495e-42 -1.512294684351189146e-42 5.040973051515385817e-42
2.001988011099999858e+04 6.716282456998758006e-42 -5.756517571545169387e-42 1.918908248554268412e-41
2.006020781100000022e+04 2.505039430155862631e-41 -2.146929091576471481e-41 7.157007951888196233e-41
2.010053551100000186e+04 9.154597779290108182e-41 -7.845300560112368927e-41 2.615449611869258733e-40
2.014086321099999986e+04 3.277958624200449320e-40 -2.808891559220088885e-40 9.364808807620987525e-40
2.018119091100000151e+04 1.150025980004265668e-39 -9.853561850222934795e-40 3.285408145030824489e-39
2.022151861100000315e+04 3.953232851127685318e-39 -3.386754226384151989e-39 1.129321992863952262e-38
2.026184631100000115e+04 1.331491448704442422e-38 -1.140526592331630754e-38 3.803509489740515336e-38
2.030217401099999915e+04 4.394064390368814908e-38 -3.763201126454850285e-38 1.255132990719247958e-37
2.034250171100000080e+04 1.420814751903049334e-37 -1.216573960788109727e-37 4.058203464594208186e-37
2.038282941099999880e+04 4.501452141996586107e-37 -3.853427961801712246e-37 1.285633224579488362e-36
2.042315711100000044e+04 1.397376058197241631e-36 -1.195864344606498164e-36 3.990616461000981594e-36
2.046348481099999844e+04 4.250314148245211148e-36 -3.636139406815180698e-36 1.213676770330560299e-35
2.050381251100000009e+04 1.266711519826266297e-35 -1.083230016975620800e-35 3.616653056628153395e-35
2.054414021100000173e+04 3.699010807611178542e-35 -3.161692105764483964e-35 1.055971372098684051e-34
2.058446791099999973e+04 1.058393876180254239e-34 -9.041361682828147277e-35 3.020923920643323206e-34
2.062479561100000137e+04 2.967331128711120438e-34 -2.533141897845200432e-34 8.467804155267442163e-34
2.066512331099999938e+04 8.151647702891889396e-34 -6.953314782289830133e-34 2.325661018807361064e-33
2.070545101099999738e+04 2.194269141315549165e-33 -1.869930101504168327e-33 6.258468384135266315e-33
2.074577871100000266e+04 5.787682760070485563e-33 -4.926668436113196798e-33 1.650203395625416792e-32
2.078610641100000066e+04 1.495877614036240270e-32 -1.271650927575610917e-32 4.263406155648091458e-32
2.082643411099999867e+04 3.788534698961661178e-32 -3.215583335406631290e-32 1.079265273332995310e-31
2.086676181100000395e+04 9.402406716365662599e-32 -7.965587759064505629e-32 2.677040119179582864e-31
2.090708951100000195e+04 2.286702450383507826e-31 -1.932986999453205266e-31 6.506391900220220919e-31
2.094741721099999995e+04 5.449985425803818842e-31 -4.594914929701923913e-31 1.549488578130956072e-30
2.098774491099999796e+04 1.272947602353311819e-30 -1.069904257122943393e-30 3.615799461829567031e-30
2.102807261099999960e+04 2.913884311898232222e-30 -2.440109089670463715e-30 8.267877713466927808e-30
2.106840031100000124e+04 6.537337106929016686e-30 -5.450600092158536843e-30 1.852527430601657022e-29
2.110872801099999924e+04 1.437540622512087687e-29 -1.192392147339528072e-29 4.067473392363703446e-29
2.114905571100000088e+04 3.098547925197548875e-29 -2.554446145257621550e-29 8.751541995652719860e-29
2.118938341100000252e+04 6.547090888820910067e-29 -5.358379760991862694e-29 1.845256153863368283e-28
2.122971111100000053e+04 1.356218535548711894e-28 -1.100467887703896641e-28 3.812904958801320429e-28
2.127003881100000217e+04 2.754533520696693033e-28 -2.212415797862740595e-28 7.721482839256127109e-28
2.131036651100000017e+04 5.486019703499679930e-28 -4.353399127523979958e-28 1.532543853452333982e-27
2.135069421099999818e+04 1.071569913956255060e-27 -8.382544860474185295e-28 2.981394313959928828e-27
2.139102191099999982e+04 2.053103455847632155e-27 -1.579087860963259791e-27 5.685294772658524459e-27
2.143134961100000146e+04 3.859343489978776764e-27 -2.909365853629908424e-27 1.062805283358746267e-26
2.147167731099999946e+04 7.119124982425681699e-27 -5.240935707343642205e-27 1.947918567219500560e-26
2.151200501099999747e+04 1.289030848437139764e-26 -9.227189325337890613e-27 3.500780629408068877e-26
2.155233271100000275e+04 2.291671502525608134e-26 -1.587022800283353768e-26 6.170365805334570610e-26
2.159266041100000075e+04 4.001654921500340318e-26 -2.665147554033413401e-26 1.066845739703409346e-25
2.163298811099999875e+04 6.865760963574998304e-26 -4.367379481365160118e-26 1.809890140851515673e-25
2.167331581100000039e+04 1.157926132897694979e-25 -6.978876881253613722e-26 3.013739953920751329e-25
2.171364351099999840e+04 1.920501326686978423e-25 -1.086649492147528459e-25 4.927652145521485764e-25
2.175397121100000004e+04 3.134033980461487899e-25 -1.647373976778032824e-25 7.915441937701008621e-25
2.179429891100000168e+04 5.034705819259983182e-25 -2.429790031442155386e-25 1.249920166996212175e-24
2.183462661099999968e+04 7.966350927446647221e-25 -3.484733281822080294e-25 1.941743513671537382e-24
2.187495431100000133e+04 1.242209498843861609e-24 -4.858805890366153352e-25 2.970299586724338553e-24
2.191528201100000297e+04 1.909894527931762685e-24 -6.591074053946183295e-25 4.478896461258143700e-24
2.195560971100000097e+04 2.896791380912912989e-24 -8.718273581502906248e-25 6.665410119976116969e-24
2.199593741099999897e+04 4.336189216380650080e-24 -1.129892173735841156e-24 9.802270606497140581e-24
2.203626511099999698e+04 6.408238704492777019e-24 -1.446937960507120954e-24 1.426341536949267646e-23
2.207659281100000226e+04 9.352398255899326327e-24 -1.854319978219717411e-24 2.055911649001837154e-23
2.211692051100000026e+04 1.348116217057556025e-23 -2.415616502118901601e-24 2.937794084327002211e-23
2.215724821099999826e+04 1.919402101522539014e-23 -3.244355931492811571e-24 4.163239796194359184e-23
2.219757591100000354e+04 2.698986471742951693e-23 -4.521890223382940054e-24 5.850161965824196803e-23
2.223790361100000155e+04 3.747516945056118197e-23 -6.511280665893122385e-24 8.146161956701548632e-23
2.227823131099999955e+04 5.136443176944699841e-23 -9.563122562906279431e-24 1.122919861018002880e-22
2.231855901100000119e+04 6.946862862544563327e-23 -1.411014281054628250e-23 1.530474000614375490e-22
2.235888671099999920e+04 9.266726043669203699e-23 -2.064858634733042445e-23 2.059831072207144867e-22
2.239921441099999720e+04 1.218600791952437697e-22 -2.970560685143952499e-23 2.734257652419270644e-22
2.243954211100000248e+04 1.578961826620400898e-22 -4.179323945552344688e-23 3.575856047796036265e-22
2.247986981100000048e+04 2.014809118279040491e-22 -5.735124367329457729e-23 4.603130673291027225e-22
2.252019751099999849e+04 2.530648438685895452e-22 -7.668309302778248031e-23 5.828127807649616178e-22
2.256052521100000013e+04 3.127237541742681146e-22 -9.989131469678667431e-23 7.253388230453228564e-22
2.260085291100000177e+04 3.800430418482388975e-22 -1.268197825694098774e-22 8.869058662658876725e-22
2.264118061099999977e+04 4.540238326738256344e-22 -1.570110053191805479e-22 1.065058670666831723e-21
2.268150831099999778e+04 5.330297478617651407e-22 -1.896856425374037155e-22 1.255745138260934091e-21
2.272183601099999942e+04 6.147922335525228630e-22 -2.237493739280713576e-22 1.453333841033117084e-21
2.276216371100000106e+04 6.964878409773726503e-22 -2.578290605908600186e-22 1.650804742545605319e-21
2.280249141099999906e+04 7.748929878950249758e-22 -2.903363643533771677e-22 1.840122340143427213e-21
2.284281911100000070e+04 8.466112972172117693e-22 -3.195533373009879229e-22 2.012775931735411368e-21
2.288314681100000234e+04 9.083570601878185504e-22 -3.437317898300537314e-22 2.160445910205691020e-21
2.292347451100000035e+04 9.572676387188594653e-22 -3.611973442864000327e-22 2.275732621724119151e-21
2.296380221100000199e+04 9.912097421064993745e-22 -3.704507780791050855e-22 2.352870262292103834e-21
2.300412991099999999e+04 1.009041204843953833e-21 -3.702642724006589219e-22 2.388346682088566589e-21
2.304445761099999800e+04 1.010792161785672207e-21 -3.597791977869444413e-22 2.381363521358288856e-21
2.308478531099999964e+04 9.977374130937541437e-22 -3.386257937898806363e-22 2.334100619977388736e-21
2.312511301100000128e+04 9.723443477638790910e-22 -3.071039748291036900e-22 2.251792670356861684e-21
2.316544071099999928e+04 9.380962968215097864e-22 -2.664867376276526810e-22 2.142679331270672254e-21
2.320576841100000092e+04 8.992074120071313118e-22 -2.195211750008969269e-22 2.017935999015159550e-21
2.324609611100000257e+04 8.602598895678535253e-22 -1.711580463514843311e-22 1.891677825487191194e-21
2.328642381100000057e+04 8.258057211813005086e-22 -1.292946468094395307e-22 1.780906089172040454e-21
2.332675151099999857e+04 7.999818982585855296e-22 -1.046343669719655201e-22 1.704598163489136673e-21
2.336707921100000021e+04 7.861895242273390904e-22 -1.079795570829029460e-22 1.680358605537581127e-21
2.340740691099999822e+04 7.868835546932181735e-22 -1.446918654349101586e-22 1.718458974821346411e-21
2.344773461099999986e+04 8.035111928427078725e-22 -2.107208519269015498e-22 1.817743237612317201e-21
2.348806231100000150e+04 8.366237865331014641e-22 -2.946282530569974623e-22 1.967875826123200203e-21
2.352839001100000314e+04 8.861699462655137978e-22 -3.826805766319751572e-22 2.155020469163002565e-21
2.356871771100000115e+04 9.519571929075925300e-22 -4.621217333022933107e-22 2.366036119117478183e-21
2.360904541100000279e+04 1.034246709626845725e-21 -5.220315011459226290e-22 2.590524920399614267e-21
2.364937311100000079e+04 1.134422202633577738e-21 -5.533197559946918969e-22 2.822164161261847373e-21
2.368970081099999879e+04 1.255651683752378246e-21 -5.490208016670553258e-22 3.060324169171811630e-21
2.373002851099999680e+04 1.403443170042577744e-21 -5.054355090885857743e-22 3.312321849173741262e-21
2.377035621100000208e+04 1.585985468835222532e-21 -4.242742655184597542e-22 3.596245203188905194e-21
2.381068391100000008e+04 1.814167204501591441e-21 -3.153063709555673514e-22 3.943640779958750233e-21
2.385101161100000172e+04 2.101184416664328530e-21 -1.976574359039933109e-22 4.400026269232649994e-21
2.389133931100000336e+04 2.461681493666819455e-21 -9.663067731937931954e-23 5.019993664653017852e-21
2.393166701100000137e+04 2.910421773499560738e-21 -3.503508654642870688e-23 5.855878633545550559e-21
2.397199471099999937e+04 3.460549724251291136e-21 -2.422888151413585471e-23 6.945328330016718878e-21
2.401232241100000101e+04 4.121579628914250883e-21 -6.179925270913722037e-23 8.304958510537638986e-21
2.405265011099999901e+04 4.897316228644035411e-21 -1.357394878022832505e-22 9.930371945090354072e-21
2.409297781099999702e+04 5.783968466581969892e-21 -2.299734328433883175e-22 1.179791036600732810e-20
2.413330551100000230e+04 6.768745274995231645e-21 -3.280939363956751915e-22 1.386558448638613773e-20
2.417363321100000030e+04 7.829211009285142243e-21 -4.152235866630302321e-22 1.607364560523331472e-20
2.421396091100000194e+04 8.933621022728829193e-21 -4.788169822663018397e-22 1.834605902772395872e-20
2.425428861099999995e+04 1.004235554763649086e-20 -5.089943936496900377e-22 2.059370548892267175e-20
2.429461631100000159e+04 1.111043179691704863e-20 -4.986581451110449316e-22 2.271952173894514369e-20
2.433494401099999959e+04 1.209091796447466830e-20 -4.434557152821360568e-22 2.462529164423147266e-20
2.437527171099999759e+04 1.293892304863232129e-20 -3.415910610365949704e-22 2.621943715830123755e-20
2.441559941099999924e+04 1.361572011770503612e-20 -1.934929641502986108e-22 2.742493319956037084e-20
2.445592711100000088e+04 1.409250198343821032e-20 -1.389144607678563336e-24 2.818639311148409919e-20
2.449625481099999888e+04 1.435328327886043066e-20 2.311172994153981561e-22 2.847544925830546316e-20
2.453658251100000416e+04 1.439655527640648830e-20 4.993361968754676230e-22 2.829377435593750898e-20
2.457691021100000216e+04 1.423545873198954291e-20 7.975017027725497572e-22 2.767341576120653456e-20
2.461723791100000017e+04 1.389644166502242105e-20 1.118397772796489917e-21 2.667448555724835218e-20
2.465756561100000181e+04 1.341658016083501106e-20 1.452576235983636393e-21 2.538058408568638722e-20
2.469789331099999981e+04 1.283992495150598833e-20 1.787308092681488783e-21 2.389254181033048788e-20
2.473822101099999782e+04 1.221336280965913878e-20 2.105678274669399886e-21 2.232104734464887917e-20
2.477854871099999946e+04 1.158252836569197268e-20 2.386640953183646747e-21 2.077841577820029862e-20
2.481887641100000110e+04 1.098826235362212369e-20 2.607304112797073324e-21 1.936922059444717556e-20
2.485920411100000274e+04 1.046399605094368736e-20 2.748672551838643215e-21 1.817931955004873301e-20
2.489953181100000074e+04 1.003427227233091222e-20 2.804367291748839219e-21 1.726417725291298672e-20
2.493985951100000239e+04 9.714423197445399152e-21 2.788034329587114662e-21 1.664081206530368515e-20
2.498018721100000039e+04 9.511249469801420576e-21 2.732803199027544851e-21 1.628969574057529781e-20
2.502051491099999839e+04 9.424413828057024930e-21 2.680624676147577032e-21 1.616820297996647358e-20
2.506084261100000003e+04 9.448196210314764567e-21 2.667513792423952133e-21 1.622887862820557550e-20
2.510117031099999804e+04 9.573262255397893948e-21 2.712874215566519096e-21 1.643365029522926880e-20
2.514149801099999968e+04 9.788165539948871977e-21 2.816359253364582438e-21 1.675997182653316001e-20
2.518182571100000132e+04 1.008041589067904454e-20 2.961237171216105737e-21 1.719959461014198485e-20
2.522215341100000296e+04 1.043707458224715203e-20 3.121856639046030001e-21 1.775229252544827407e-20
2.526248111100000096e+04 1.084495380047944418e-20 3.272667315421054969e-21 1.841724028553783188e-20
2.530280881099999897e+04 1.129057880664158106e-20 3.395990885459585020e-21 1.918516672782357560e-20
2.534313651100000061e+04 1.176010268184209643e-20 3.486020293801086651e-21 2.003418506988310770e-20
2.538346421099999861e+04 1.223934327414924720e-20 3.548149854749957218e-21 2.093053669354853568e-20
2.542379191099999662e+04 1.271404971374931399e-20 3.594888916747705594e-21 2.183321051075092239e-20
2.546411961100000190e+04 1.317042026921086332e-20 3.640685424692247940e-21 2.270015511372947869e-20
2.550444731099999990e+04 1.359580731597250405e-20 3.697565470032617069e-21 2.349404916191238953e-20
2.554477501100000154e+04 1.397948048034607929e-20 3.772444904852185358e-21 2.418651605583997322e-20
2.558510271100000318e+04 1.431329109750848320e-20 3.866143679141184849e-21 2.476043851587578005e-20
2.562543041100000119e+04 1.459209586622576689e-20 3.973761263990841322e-21 2.521043046846069245e-20
2.566575811099999919e+04 1.481385022179633361e-20 4.086010091623581718e-21 2.554169035196908701e-20
2.570608581100000083e+04 1.497935849435492197e-20 4.191171595542041596e-21 2.576754539316780235e-20
2.574641351099999883e+04 1.509174872923150469e-20 4.277418619602964524e-21 2.590607883886004636e-20
2.578674121100000048e+04 1.515580462401083298e-20 4.335272263470923953e-21 2.597633698455074201e-20
2.582706891100000212e+04 1.517731895573520887e-20 4.359905563871073087e-21 2.599473234759934617e-20
2.586739661100000376e+04 1.516262367363658783e-20 4.352904560976877497e-21 2.597234278629629967e-20
2.590772431100000176e+04 1.511840302047216926e-20 4.323045795823136222e-21 2.591376024512120380e-20
2.594805201099999977e+04 1.505181871144977847e-20 4.285751348432264804e-21 2.581788607446729213e-20
2.598837971100000141e+04 1.497088839128633916e-20 4.261154278255402204e-21 2.568062250431727611e-20
2.602870741099999941e+04 1.488498103896107764e-20 4.271043482580210159e-21 2.549891859534194512e-20
2.606903511099999741e+04 1.480524422972493654e-20 4.335211433094946013e-21 2.527527702635492707e-20
2.610936281099999906e+04 1.474477021509200746e-20 4.467831078131802716e-21 2.502170935205221220e-20
2.614969051100000070e+04 1.471834344842236836e-20 4.674480644057962340e-21 2.476220625278677437e-20
2.619001821099999870e+04 1.474168460382341388e-20 4.950405241174491174e-21 2.453296396647233658e-20
2.623034591100000398e+04 1.483020063422605851e-20 5.280587417655788327e-21 2.437981385079632868e-20
2.627067361100000198e+04 1.499734811322331457e-20 5.642088803967333641e-21 2.435260742247929550e-20
2.631100131099999999e+04 1.525279929602173006e-20 6.008651742832220346e-21 2.449694684921123827e-20
2.635132901100000163e+04 1.560065245456316188e-20 6.356506520370389232e-21 2.484479838875593602e-20
2.639165671099999963e+04 1.603794228937524937e-20 6.669146637723901493e-21 2.540673794102659726e-20
2.643198441099999764e+04 1.655368230530712830e-20 6.938770939975198574e-21 2.616859367063905952e-20
2.647231211099999928e+04 1.712861513677085480e-20 7.163904587037488311e-21 2.709332568650421978e-20
2.651263981100000092e+04 1.773576930346517202e-20 7.345079549635328342e-21 2.812645905729501871e-20
2.655296751100000256e+04 1.834183371073088149e-20 7.481218608588720527e-21 2.920244881287304395e-20
2.659329521100000056e+04 1.890927561798835378e-20 7.568213233920688906e-21 3.025033800205602015e-20
2.663362291100000220e+04 1.939905291312746046e-20 7.599595329775201581e-21 3.119851049647972085e-20
2.667395061100000021e+04 1.977371386687838012e-20 7.568376962030943977e-21 3.197905077172581777e-20
2.671427831099999821e+04 2.000064111237903571e-20 7.469155601206750999e-21 3.253212662355132043e-20
2.675460601099999985e+04 2.005518320544756234e-20 7.299993919966233408e-21 3.281037249092889428e-20
2.679493371100000149e+04 1.992342651582275642e-20 7.063975487356752153e-21 3.278287754428875917e-20
2.683526141099999950e+04 1.960439000378734508e-20 6.770526844414201502e-21 3.243825316316048565e-20
2.687558911100000478e+04 1.911147108224288866e-20 6.436568491489753211e-21 3.178637367299602410e-20
2.691591681100000278e+04 1.847302575109436276e-20 6.087381540634205198e-21 3.085866996155452183e-20
2.695624451100000078e+04 1.773202295525544188e-20 5.756843153478607281e-21 2.970720275703227949e-20
2.699657221099999879e+04 1.694476453640734925e-20 5.486466522003687818e-21 2.840306255081101069e-20
2.703689991100000043e+04 1.617870336913405659e-20 5.322520162638215757e-21 2.703488657562989742e-20
2.707722761099999843e+04 1.550942230321690769e-20 5.310411666535537864e-21 2.570843293989827751e-20
2.711755531099999644e+04 1.501685895686530815e-20 5.485586090885717770e-21 2.454813182284490004e-20
2.715788301100000172e+04 1.478088373068437348e-20 5.860888476821660384e-21 2.370087898454708658e-20
2.719821071099999972e+04 1.487636997340399912e-20 6.413215560183573557e-21 2.333952438662442469e-20
2.723853841100000136e+04 1.536794397194255365e-20 7.079506586800255368e-21 2.365638135708485043e-20
2.727886611100000300e+04 1.630467135605804680e-20 7.778685422600405239e-21 2.483065728951568685e-20
2.731919381100000101e+04 1.771502075439869668e-20 8.458683399512769919e-21 2.697135810928462495e-20
2.735952151099999901e+04 1.960253118879819720e-20 9.126315930513323085e-21 3.007874644708306981e-20
2.739984921100000065e+04 2.194267488045861552e-20 9.827892186245267446e-21 3.405745757467196360e-20
2.744017691099999865e+04 2.468142576345229710e-20 1.060971300029027741e-20 3.875313852661431378e-20
2.748050461100000030e+04 2.773599154590169460e-20 1.149501284208263607e-20 4.397697024972075013e-20
2.752083231099999830e+04 3.099802755684971873e-20 1.248054153619297557e-20 4.951551357750646189e-20
2.756116001100000358e+04 3.433942255174837344e-20 1.354240776469616350e-20 5.513643733880058038e-20
2.760148771100000158e+04 3.762044761659732085e-20 1.464419006819660217e-20 6.059670516499804254e-20
2.764181541099999959e+04 4.069972595947655095e-20 1.574464519384237169e-20 6.565480672511073623e-20
2.768214311100000123e+04 4.344516538130918924e-20 1.680419384076578490e-20 7.008613692185259058e-20
2.772247081099999923e+04 4.574475491119275724e-20 1.778985707902878377e-20 7.369965274335673673e-20
2.776279851099999723e+04 4.751601622960498409e-20 1.867838477982937104e-20 7.635364767938059112e-20
2.780312621100000251e+04 4.871295638235942158e-20 1.945733037721668550e-20 7.796858238750216369e-20
2.784345391100000052e+04 4.932960193320631081e-20 2.012390171298031240e-20 7.853530215343230922e-20
2.788378161100000216e+04 4.939958559446874812e-20 2.068159738721014669e-20 7.811757380172735556e-20
2.792410931100000380e+04 4.899175335965445954e-20 2.113495866199418368e-20 7.684854805731472938e-20
2.796443701100000180e+04 4.820228884433305242e-20 2.148329022521390132e-20 7.492128746345220050e-20
2.800476471099999981e+04 4.714432698555043406e-20 2.171500867315373162e-20 7.257364529794713047e-20
2.804509241099999781e+04 4.593637155135439111e-20 2.180534040805691141e-20 7.006740269465187080e-20
2.808542011099999945e+04 4.469098047457308033e-20 2.172088497342956173e-20 6.766107597571660495e-20
2.812574781099999745e+04 4.350511236152417837e-20 2.143347547196878357e-20 6.557674925107957015e-20
2.816607551099999910e+04 4.245324709335114816e-20 2.094067228750056677e-20 6.396582189920173256e-20
2.820640321100000074e+04 4.158395024293312555e-20 2.028240206672827462e-20 6.288549841913797950e-20
2.824673091100000238e+04 4.092002023390116351e-20 1.954101532706537293e-20 6.229902514073695709e-20
2.828705861100000038e+04 4.046182830601516839e-20 1.882209232566385797e-20 6.210156428636647881e-20
2.832738631100000202e+04 4.019302187954378974e-20 1.822687707071802296e-20 6.215916668836955350e-20
2.836771401100000003e+04 4.008748128183320999e-20 1.782985667722647572e-20 6.234510588643994426e-20
2.840804171099999803e+04 4.011633715368340719e-20 1.766743808398308329e-20 6.256523622338373109e-20
2.844836941099999967e+04 4.025397369450540432e-20 1.773650066557349862e-20 6.277144672343731604e-20
2.848869711100000131e+04 4.048222789805285793e-20 1.799961779887576193e-20 6.296483799722995393e-20
2.852902481099999932e+04 4.079238554180330297e-20 1.839495110886620387e-20 6.318981997474039907e-20
2.856935251100000096e+04 4.118499399424513963e-20 1.885019836838522807e-20 6.351978962010505420e-20
2.860968021100000260e+04 4.166788282644154314e-20 1.929974665754561279e-20 6.403601899533747350e-20
2.865000791100000060e+04 4.225304310031188276e-20 1.970198720327459964e-20 6.480409899734916888e-20
2.869033561099999861e+04 4.295312776581515816e-20 2.005119822819067563e-20 6.585505730343963769e-20
2.873066331100000025e+04 4.377829225841605564e-20 2.037868156643215852e-20 6.717790295039994976e-20
2.877099101099999825e+04 4.473391931952856942e-20 2.074233870578289551e-20 6.872549993327424633e-20
2.881131871099999989e+04 4.581951155802109486e-20 2.120941401468355794e-20 7.042960910135862877e-20
2.885164641100000154e+04 4.702874821328659501e-20 2.183920580349987943e-20 7.221829062307331059e-20
2.889197411100000318e+04 4.835044838424995525e-20 2.267050550211978674e-20 7.403039126638011774e-20
2.893230181100000118e+04 4.977001039463080587e-20 2.371518838578047870e-20 7.582483240348113003e-20
2.897262951100000282e+04 5.127083561847643098e-20 2.495715404116470602e-20 7.758451719578814992e-20
2.901295721100000083e+04 5.283530109506122877e-20 2.635514810602836116e-20 7.931545408409409337e-20
2.905328491099999883e+04 5.444500110977787707e-20 2.784828129067664572e-20 8.104172092887910841e-20
2.909361261100000047e+04 5.608019652150344877e-20 2.936359258228852613e-20 8.279680046071837743e-20
2.913394031099999847e+04 5.771864267895835372e-20 3.082524356686857851e-20 8.461204179104812892e-20
2.917426801100000012e+04 5.933416032129232108e-20 3.216456372605045787e-20 8.650375691653418429e-20
2.921459571099999812e+04 6.089542453165758873e-20 3.332930520984548727e-20 8.846154385346969019e-20
2.925492341100000340e+04 6.236544712351523610e-20 3.428980612963829346e-20 9.044108811739217874e-20
2.929525111100000140e+04 6.370211369872063507e-20 3.504016432015709001e-20 9.236406307728418013e-20
2.933557881099999940e+04 6.485992943456107383e-20 3.559410473686155415e-20 9.412575413226059351e-20
2.937590651100000105e+04 6.579287104186584574e-20 3.597703789869500897e-20 9.560870418503668853e-20
2.941623421099999905e+04 6.645799344179742322e-20 3.621674013104593528e-20 9.669924675254891718e-20
2.945656191099999705e+04 6.681925663171653021e-20 3.633488409683581238e-20 9.730362916659725405e-20
2.949688961100000233e+04 6.685096610469938800e-20 3.634087615639988493e-20 9.736105605299888504e-20
2.953721731100000034e+04 6.654027950704611998e-20 3.622876053769979077e-20 9.685179847639245520e-20
2.957754501100000198e+04 6.588841237299146960e-20 3.597758292454866939e-20 9.579924182143426981e-20
2.961787271100000362e+04 6.491043634599340213e-20 3.555545006746853754e-20 9.426542262451826672e-20
2.965820041100000162e+04 6.363384304270554770e-20 3.492727092771428325e-20 9.234041515769681215e-20
2.969852811099999963e+04 6.209627843758969687e-20 3.406548748876124156e-20 9.012706938641814617e-20
2.973885581099999763e+04 6.034298016048375889e-20 3.296187566482862452e-20 8.772408465613889325e-20
2.977918351099999927e+04 5.842444283830767757e-20 3.163714391205251103e-20 8.521174176456284411e-20
2.981951121100000091e+04 5.639469784047144035e-20 3.014463558026749282e-20 8.264476010067538187e-20
2.985983891099999892e+04 5.431036013255789446e-20 2.856587954937598175e-20 8.005484071573980716e-20
2.990016661100000420e+04 5.223032730196173385e-20 2.699860026129611731e-20 7.746205434262735641e-20
2.994049431100000220e+04 5.021578405600304711e-20 2.554025724162965037e-20 7.489131087037644686e-20
2.998082201100000020e+04 4.833003094721651538e-20 2.427074149926663691e-20 7.238932039516639987e-20
3.002114971100000184e+04 4.663765637531369871e-20 2.323685973070634279e-20 7.003845301992105163e-20
3.006147741099999985e+04 4.520271076107068210e-20 2.244041510412383542e-20 6.796500641801752878e-20
3.010180511099999785e+04 4.408579179028083760e-20 2.183265393708135027e-20 6.633892964348033095e-20
3.014213281099999949e+04 4.334025304275079118e-20 2.132062430758842659e-20 6.535988177791315277e-20
3.018246051100000113e+04 4.300803386789378564e-20 2.079207482516796258e-20 6.522399291061960869e-20
3.022278821099999914e+04 4.311580601036085122e-20 2.015764957847016823e-20 6.607396244225153119e-20
3.026311591100000078e+04 4.367218879809701105e-20 1.939170555754711629e-20 6.795267203864690580e-20
3.030344361100000242e+04 4.466667476073938842e-20 1.854572466741122642e-20 7.078762485406754742e-20
3.034377131100000042e+04 4.607064123629536287e-20 1.772795057935528524e-20 7.441333189323544050e-20
3.038409901099999843e+04 4.784044517468945665e-20 1.706738176648191730e-20 7.861350858289698998e-20
3.042442671100000007e+04 4.992217967958448299e-20 1.668141586372667084e-20 8.316294349544228913e-20
3.046475441099999807e+04 5.225729823067543288e-20 1.665284160411373844e-20 8.786175485723713334e-20
3.050508211099999971e+04 5.478807050838271113e-20 1.701303789770966155e-20 9.256310311905575470e-20
3.054540981100000135e+04 5.746178726745052875e-20 1.772799688821417416e-20 9.719557764668688935e-20
3.058573751100000300e+04 6.023281064973363494e-20 1.868776998795900978e-20 1.017778513115082601e-19
3.062606521100000100e+04 6.306195546429514237e-20 1.970492910879117045e-20 1.064189818197991143e-19
3.066639291100000264e+04 6.591322439739885853e-20 2.053126088063966742e-20 1.112951879141580436e-19
3.070672061100000064e+04 6.874850570538163743e-20 2.089985744726072682e-20 1.165971539635025420e-19
3.074704831099999865e+04 7.152135525099719331e-20 2.058761292570428584e-20 1.224550975762901008e-19
3.078737601100000029e+04 7.417130961113831926e-20 1.947554686635329113e-20 1.288670723559233474e-19
3.082770371100000193e+04 7.662022776731022960e-20 1.757886448405896404e-20 1.356615910505615072e-19
3.086803141099999993e+04 7.877190223586345366e-20 1.503570564234456406e-20 1.425080988293823553e-19
3.090835911099999794e+04 8.051564691602167973e-20 1.206733271342459125e-20 1.489639611186187802e-19
3.094868681100000322e+04 8.173385043556070713e-20 8.931179273820455176e-21 1.545365215973009470e-19
3.098901451100000122e+04 8.231271700691137029e-20 5.881154337393536923e-21 1.587442796764292157e-19
3.102934221099999922e+04 8.215475491267950675e-20 3.139646490867482545e-21 1.611698633344915310e-19
3.106966991100000087e+04 8.119115217042362693e-20 8.802178506903919349e-22 1.615020864901568619e-19
3.110999761099999887e+04 7.939208909714882817e-20 -7.813370843829301988e-22 1.595655152786805865e-19
3.115032531100000051e+04 7.677330070594303550e-20 -1.789517047592320431e-21 1.553361184594783914e-19
3.119065301100000215e+04 7.339776845905767317e-20 -2.146614899415831136e-21 1.489421518175311775e-19
3.123098071100000016e+04 6.937218077710461264e-20 -1.906303822165057449e-21 1.406506653763742948e-19
3.127130841099999816e+04 6.483860924779888527e-20 -1.164391122702409624e-21 1.308416096183001681e-19
3.131163611099999980e+04 5.996255357139257959e-20 -4.788920560159207479e-23 1.199729963483867512e-19
3.135196381100000144e+04 5.491899157168817513e-20 1.296446171398175241e-21 1.085415369719781750e-19
3.139229151099999945e+04 4.987826073199190590e-20 2.713164460961045399e-21 9.704335700302276641e-20
3.143261921099999745e+04 4.499348563376161736e-20 4.048340385176947295e-21 8.593863088234628742e-20
3.147294691100000273e+04 4.039089970244436035e-20 5.159499071161891443e-21 7.562230033372682925e-20
3.151327461100000073e+04 3.616387956319194203e-20 5.927040490853251883e-21 6.640071863553063218e-20
3.155360231099999874e+04 3.237092432165810026e-20 6.269636377727710204e-21 5.847221226558849332e-20
3.159393001100000038e+04 2.903727304284041917e-20 6.163668506148029747e-21 5.191087757953280860e-20
3.163425771100000202e+04 2.615943977759807902e-20 5.658807018415191105e-21 4.666007253678096694e-20
3.167458541100000002e+04 2.371169929272459752e-20 4.873703762835798953e-21 4.254969482261339609e-20
3.171491311100000166e+04 2.165348381201671039e-20 3.963346361788652014e-21 3.934362126224476876e-20
3.175524081099999967e+04 1.993672689715198378e-20 3.073606994349219287e-21 3.679984679995474826e-20
3.179556851100000131e+04 1.851237186544090916e-20 2.309534335968012651e-21 3.471520939491380567e-20
3.183589621100000295e+04 1.733550008417876786e-20 1.728246986754090676e-21 3.294275318160344203e-20
3.187622391100000095e+04 1.636878563178202723e-20 1.348349586495859958e-21 3.138922167706819451e-20
3.191655161099999896e+04 1.558421553098572669e-20 1.163253168654372288e-21 3.000517789331708109e-20
3.195687931100000060e+04 1.496321077819364943e-20 1.150679001855619048e-21 2.877574255453168282e-20
3.199720701100000224e+04 1.449543530032412743e-20 1.276401106102199203e-21 2.771446949454605866e-20
3.203753471100000024e+04 1.417668643749618123e-20 1.494188600774419929e-21 2.685918427421794403e-20
3.207786241099999825e+04 1.400632156212350906e-20 1.746267864195162874e-21 2.626637526005185373e-20
3.211819011100000353e+04 1.398468936629709739e-20 1.969475499096119639e-21 2.599990323349807514e-20
3.215851781100000153e+04 1.411099780209510697e-20 2.110007685088445249e-21 2.611198791910176870e-20
3.219884551099999953e+04 1.438196108983032550e-20 2.142764334267502591e-21 2.662115784539314841e-20
3.223917321100000117e+04 1.479142800809118181e-20 2.084047213151221858e-21 2.749880880303114326e-20
3.227950091100000282e+04 1.533101410977477320e-20 1.988560836374574728e-21 2.867346738317497166e-20
3.231982861100000082e+04 1.599156363932147537e-20 1.933235995831017974e-21 3.004989128281193277e-20
3.236015631100000246e+04 1.676508429644727369e-20 1.997760997893278408e-21 3.153240759500126595e-20
3.240048401100000046e+04 1.764666568484774954e-20 2.248749395045812969e-21 3.304458197464968611e-20
3.244081171099999847e+04 1.863584323823635300e-20 2.728608034342584127e-21 3.454307844213012489e-20
3.248113941100000375e+04 1.973692476583397453e-20 3.447702141671227639e-21 3.602614738999672142e-20
3.252146711099999811e+04 2.095795856913293017e-20 4.379291481842352112e-21 3.753662565642350822e-20
3.256179481100000339e+04 2.230826972940500624e-20 5.458999215960170072e-21 3.915754024284983941e-20
3.260212251099999412e+04 2.379478290558737533e-20 6.592589739859912949e-21 4.099697607131483771e-20
3.264245021100000304e+04 2.541762995512091573e-20 7.675138087429913247e-21 4.316012182281191821e-20
3.268277791100000104e+04 2.716575019202059725e-20 8.618606092355455751e-21 4.571289429168573573e-20
3.272310561099999904e+04 2.901328165015605371e-20 9.375832827944479150e-21 4.865073047236763128e-20
3.276343331100000069e+04 3.091748678179016977e-20 9.947320777480198970e-21 5.188765278610014057e-20
3.280376101099999505e+04 3.281875825705624844e-20 1.036835669549204480e-20 5.526915981862045508e-20
3.284408871100000397e+04 3.464294255102189637e-20 1.068665241759242732e-20 5.859923268445137143e-20
3.288441641099999833e+04 3.630585706721124280e-20 1.094247365211370134e-20 6.166924048230879028e-20
3.292474411099999998e+04 3.771952854035498051e-20 1.115697212370198650e-20 6.428208495700796850e-20
3.296507181100000162e+04 3.879941108061509823e-20 1.132875230880548712e-20 6.627006985242470331e-20
3.300539951100000326e+04 3.947169899562189474e-20 1.143653353223789370e-20 6.750686445900590181e-20
3.304572721099999762e+04 3.967985318024687360e-20 1.144569715471196243e-20 6.791400920578178477e-20
3.308605491099999927e+04 3.938960128409552849e-20 1.131693017929777944e-20 6.746227238889327153e-20
3.312638261100000818e+04 3.859191612250177478e-20 1.101545738095145721e-20 6.616837486405208633e-20
3.316671031099999527e+04 3.730377275991506983e-20 1.051945353095806709e-20 6.408809198887206956e-20
3.320703801100000419e+04 3.556677739617870136e-20 9.826303237514141144e-21 6.130725155484326760e-20
3.324736571099999856e+04 3.344400355003107406e-20 8.955610649252242878e-21 5.793239645080991126e-20
3.328769341100000020e+04 3.101553214380000213e-20 7.948368901553307328e-21 5.408269538604669693e-20
3.332802111100000184e+04 2.837326045582794809e-20 6.862442508590884702e-21 4.988407840306501147e-20
3.336834881100000348e+04 2.561552679008337199e-20 5.765269696218082063e-21 4.546578388394866191e-20
3.340867651099999784e+04 2.284201200111133847e-20 4.725113985229132216e-21 4.095891001699354172e-20
3.344900421099999949e+04 2.014925074804698893e-20 3.801985174877046949e-21 3.649651632121693392e-20
3.348933191100000840e+04 1.762694000229073042e-20 3.038385629654201566e-21 3.221549437492725927e-20
3.352965961099999549e+04 1.535509208095542142e-20 2.448446279725068272e-21 2.826173788218577607e-20
3.356998731100000441e+04 1.340196173253673273e-20 2.002574935498948129e-21 2.480134852957451582e-20
3.361031501099999878e+04 1.182259424356582568e-20 1.606918254154364508e-21 2.203827023297728535e-20
3.365064271100000042e+04 1.065780254486314187e-20 1.092953965069471084e-21 2.022265112465681415e-20
3.369097041100000206e+04 9.933389790552050991e-21 2.643173752063799233e-22 1.960246220589772356e-20
3.373129811100000370e+04 9.659488228322316041e-21 -9.835574878085727617e-22 2.030253394445320484e-20
3.377162581099999807e+04 9.829976640810008899e-21 -2.600297378825962293e-21 2.226025066044598009e-20
3.381195351099999971e+04 1.042205043335697966e-20 -4.456134330722724082e-21 2.530023519743668339e-20
3.385228121100000135e+04 1.139612659571918612e-20 -6.429313650689985403e-21 2.922156684212835914e-20
3.389260891099999571e+04 1.269634249836777568e-20 -8.428102533126183927e-21 3.382078752986173680e-20
3.393293661100000463e+04 1.425192701760820518e-20 -1.037933804092716300e-20 3.888319207614357035e-20
3.397326431099999900e+04 1.597966804625207499e-20 -1.221508813389740519e-20 4.417442422640155216e-20
3.401359201100000064e+04 1.778757053272283326e-20 -1.386608453341972395e-20 4.944122559886539047e-20
3.405391971100000228e+04 1.957961087972337555e-20 -1.526157606501231017e-20 5.442079782445905826e-20
3.409424741099999665e+04 2.126128120967249934e-20 -1.633358162201432458e-20 5.885614404135932025e-20
3.413457511100000556e+04 2.274542603868367222e-20 -1.702359036863289184e-20 6.251444244600023628e-20
3.417490281099999993e+04 2.395775036816570919e-20 -1.729000734130921069e-20 6.520550807764062606e-20
3.421523051100000157e+04 2.484135713147735237e-20 -1.711486048017563334e-20 6.679757474313033808e-20
3.425555821099999594e+04 2.535976733600555267e-20 -1.650852086507705846e-20 6.722805553708816681e-20
3.429588591100000485e+04 2.549807597629677024e-20 -1.551149542525104057e-20 6.650764737784458407e-20
3.433621361099999922e+04 2.526216409728011666e-20 -1.419274307851577161e-20 6.471707127307600192e-20
3.437654131100000086e+04 2.467616904157409598e-20 -1.264441724356455809e-20 6.199675532671274703e-20
3.441686901100000250e+04 2.377865403291300152e-20 -1.097340765620856951e-20 5.853071572203456652e-20
3.445719671099999687e+04 2.261806818561339679e-20 -9.290503335126203436e-21 5.452663970635299703e-20
3.449752441100000578e+04 2.124812356325884526e-20 -7.698407961233429631e-21 5.019465508775112014e-20
3.453785211100000015e+04 1.972363858077727516e-20 -6.280208161062217870e-21 4.572748532261677121e-20
3.457817981100000179e+04 1.809723334875894055e-20 -5.090194341212858420e-21 4.128466103873073952e-20
3.461850751099999616e+04 1.641705576957749851e-20 -4.149011296004811557e-21 3.698312283515981158e-20
3.465883521100000507e+04 1.472551543171468127e-20 -3.444651475735518480e-21 3.289568233916488404e-20
3.469916291099999944e+04 1.305884644297979456e-20 -2.939503112586414755e-21 2.905719599854600537e-20
3.473949061100000108e+04 1.144723482844183829e-20 -2.581735989166533046e-21 2.547620564605021113e-20
3.477981831100000272e+04 9.915235484999769572e-21 -2.317712021675406442e-21 2.214818299167494408e-20
3.482014601099999709e+04 8.482254297527541890e-21 -2.101940448846062393e-21 1.906644904390114467e-20
3.486047371100000601e+04 7.162957442051267515e-21 -1.902506302230898022e-21 1.622842118633343305e-20
3.490080141099999310e+04 5.967563251796122366e-21 -1.701897158813326758e-21 1.363702366240557224e-20
3.494112911100000201e+04 4.902047812352825041e-21 -1.494577822530548000e-21 1.129867344723619808e-20
3.498145681100000365e+04 3.968338840763750131e-21 -1.283076709822189476e-21 9.219754391349688985e-21
3.502178451099999802e+04 3.164579938034632633e-21 -1.074020238865718042e-21 7.403180114934984060e-21
3.506211221099999966e+04 2.485525358727939065e-21 -8.749566355210297453e-22 5.846007352976907499e-21
3.510243991100000130e+04 1.923086438699287950e-21 -6.922763165119636460e-22 4.538449193910539922e-21
3.514276761100000294e+04 1.467008737785612773e-21 -5.301873071217619194e-22 3.464204782692987653e-21
3.518309531099999731e+04 1.105625451675128377e-21 -3.905426919204585682e-22 2.601793595270715322e-21
3.522342301100000623e+04 8.266147232282807946e-22 -2.733042859993394156e-22 1.926533732455900911e-21
3.526375071099999332e+04 6.176878695401531636e-22 -1.775302823924387505e-22 1.412906021472745078e-21
3.530407841100000223e+04 4.671495645956226770e-22 -1.029629080718802151e-22 1.037262037263125475e-21
3.534440611100000388e+04 3.642943131523323985e-22 -5.229281043073820496e-23 7.808814367354029550e-22
3.538473381099999824e+04 2.996299499859473008e-22 -3.231331775042612347e-23 6.315732177223207720e-22
3.542506151099999988e+04 2.649429691408514219e-22 -4.706497859217161706e-23 5.769509168738744608e-22
3.546538921100000152e+04 2.532384624381817761e-22 -8.673471886207958623e-23 5.932116437384430914e-22
3.550571691100000317e+04 2.585975026025160213e-22 -1.356327834144357890e-22 6.528277886194678788e-22
3.554604461099999753e+04 2.759968600932877366e-22 -1.845223361389705962e-22 7.365160563255460225e-22
3.558637231100000645e+04 3.011311779500611433e-22 -2.300797904385155689e-22 8.323421463386378555e-22
3.562670001099999354e+04 3.302680677694436189e-22 -2.712774264399355203e-22 9.318135619788227110e-22
3.566702771100000245e+04 3.601542375968059356e-22 -3.075417990510629520e-22 1.027850274244674823e-21
3.570735541100000410e+04 3.879778762359821455e-22 -3.381909881265670024e-22 1.114146740598531246e-21
3.574768311099999846e+04 4.113809866432948049e-22 -3.623952656183237803e-22 1.185157238904913390e-21
3.578801081100000010e+04 4.285066534400327433e-22 -3.793072354584173351e-22 1.236320542338482822e-21
3.582833851100000174e+04 4.380612857272161338e-22 -3.882197864886979020e-22 1.264342357943130076e-21
3.586866621100000339e+04 4.393710252541091216e-22 -3.886949016394894895e-22 1.267436952147707827e-21
3.590899391099999775e+04 4.324144388443373616e-22 -3.806401959368378284e-22 1.245469073625512646e-21
3.594932161099999939e+04 4.178194163714528207e-22 -3.643268735777202420e-22 1.199965706320625883e-21
3.598964931100000103e+04 3.968195188741034498e-22 -3.403556717479892761e-22 1.133994709496196176e-21
3.602997701100000268e+04 3.711723090935814875e-22 -3.095921694250238027e-22 1.051936787612186778e-21
3.607030471099999704e+04 3.430479892640838399e-22 -2.731150085285400528e-22 9.592109870567077327e-22
3.611063241099999868e+04 3.148999042618222480e-22 -2.322595254116567579e-22 8.620593339353012539e-22
3.615096011100000760e+04 2.893287000657345833e-22 -1.889098613644430418e-22 7.675672614959121614e-22
3.619128781099999469e+04 2.689494343942815336e-22 -1.462900556742344648e-22 6.841889244627974850e-22
3.623161551100000361e+04 2.562666507430066959e-22 -1.104248064101614142e-22 6.229581078961747589e-22
3.627194321099999797e+04 2.535577221569555354e-22 -9.121184145827946570e-23 5.983272857721905836e-22
3.631227091099999961e+04 2.627611370837462972e-22 -9.909409540364379634e-23 6.246163695711364378e-22
3.635259861100000126e+04 2.853650791418127218e-22 -1.369923004704871991e-22 7.077224587541126897e-22
3.639292631100000290e+04 3.222933155908428624e-22 -1.992921484587765298e-22 8.438787796404622076e-22
3.643325401099999726e+04 3.737899419932059634e-22 -2.788202347114007120e-22 1.026400118697812639e-21
3.647358171099999890e+04 4.393109929752558766e-22 -3.705430044816471001e-22 1.249164990432158759e-21
3.651390941100000782e+04 5.174377040732527288e-22 -4.711644249973095767e-22 1.506039833143815128e-21
3.655423711099999491e+04 6.058313294622832919e-22 -5.779552009685245261e-22 1.789617859893091204e-21
3.659456481100000383e+04 7.012510140479328177e-22 -6.879755460682233816e-22 2.090477574164089111e-21
3.663489251099999819e+04 7.996529918206954586e-22 -7.977349054597136365e-22 2.397040889101104554e-21
3.667522021099999984e+04 8.963810191059902105e-22 -9.031623889573291413e-22 2.695924427169309750e-21
3.671554791100000148e+04 9.864453263807828961e-22 -9.997869654862810734e-22 2.972677618247847054e-21
3.675587561100000312e+04 1.064872500387252167e-21 -1.083053717578780904e-21 3.212798718353285427e-21
3.679620331099999748e+04 1.127094405127435050e-21 -1.148713197488640975e-21 3.402902007743511451e-21
3.683653101099999913e+04 1.169333558309550973e-21 -1.193223637095152609e-21 3.531890753714254180e-21
3.687685871100000804e+04 1.188937878612975299e-21 -1.214108501245058577e-21 3.591984258471009362e-21
3.691718641099999513e+04 1.184620887828909676e-21 -1.210219231420161645e-21 3.579461007077980809e-21
3.695751411100000405e+04 1.156574251522670316e-21 -1.181866501025622375e-21 3.495015004070963196e-21
3.699784181100000569e+04 1.106436340730884399e-21 -1.130801965303518407e-21 3.343674646765287016e-21
3.703816951100000006e+04 1.037120376703507139e-21 -1.060053717597287936e-21 3.134294471004302403e-21
3.707849721100000170e+04 9.525250958210223619e-22 -9.736389926213966026e-22 2.878689184263441326e-21
3.711882491099999606e+04 8.571662744685659329e-22 -8.761936669286698879e-22 2.590526215865801754e-21
3.715915261100000498e+04 7.557762806078343813e-22 -7.725672258301019281e-22 2.284119787045770597e-21
3.719948031099999935e+04 6.529198575254758798e-22 -6.674329222888964810e-22 1.973272637339848147e-21
3.723980801100000099e+04 5.526679552887483757e-22 -5.649562630295988926e-22 1.670292173607095644e-21
3.728013571099999535e+04 4.583593496884235394e-22 -4.685525348072001020e-22 1.385271234184047275e-21
3.732046341100000427e+04 3.724646676197746236e-22 -3.807485488660367444e-22 1.125677884105586086e-21
3.736079111099999864e+04 2.965521726736054073e-22 -3.031481095622460724e-22 8.962524549094568400e-22
3.740111881100000028e+04 2.313417952607784869e-22 -2.364875041948652998e-22 6.991710947164222266e-22
3.744144651100000192e+04 1.768251390061049011e-22 -1.807583245196412040e-22 5.344086025318509826e-22
3.748177421099999628e+04 1.324252502934819181e-22 -1.353708703693971102e-22 4.002213709563609464e-22
3.752210191100000520e+04 9.717050681503308567e-23 -9.933194915062123253e-23 2.936729627806874039e-22
3.756242961099999957e+04 6.986103166586251149e-23 -7.141501410685547731e-23 2.111370774385805003e-22
3.760275731100000121e+04 4.921215432559395162e-23 -5.030682788810484885e-23 1.487311365392927580e-22
3.764308501099999557e+04 3.396617258785698348e-23 -3.472171620078393376e-23 1.026540613764979007e-22
3.768341271100000449e+04 2.296982555631429677e-23 -2.348076687252090999e-23 6.942041798514950648e-23
3.772374041099999886e+04 1.521968384325003414e-23 -1.555823101685125709e-23 4.599759870335132831e-23
3.776406811100000050e+04 9.880761427555033084e-24 -1.010054949700095822e-23 2.986207235211102585e-23
3.780439581100000214e+04 6.285097852136059238e-24 -6.424903857572179228e-24 1.899509956184429844e-23
3.784472351099999651e+04 3.917152878279088512e-24 -4.004286216705410483e-24 1.183859197326358751e-23
3.788505121100000542e+04 2.392025730314786572e-24 -2.445234070103642669e-24 7.229285530733215812e-24
3.792537891099999979e+04 1.431192394852901553e-24 -1.463027911202483193e-24 4.325412700908286483e-24
3.796570661100000143e+04 8.390098124259797597e-25 -8.576727897580112595e-25 2.535692414609970779e-24
3.800603431100000307e+04 4.819177334739168625e-25 -4.926375364206928972e-25 1.456473003368526714e-24
3.804636201100000471e+04 2.712161973704444217e-25 -2.772491445179124474e-25 8.196815392588013368e-25
3.808668971099999908e+04 1.495530191235266072e-25 -1.528796842460879737e-25 4.519857224931411652e-25
3.812701741100000072e+04 8.080004346891514289e-26 -8.259736383630911415e-26 2.441974507741394114e-25
3.816734511100000236e+04 4.277252130587550307e-26 -4.372395549498082209e-26 1.292689981067318168e-25
3.820767281099999673e+04 2.218477127555441571e-26 -2.267825048243044006e-26 6.704779303353927435e-26
3.824800051100000564e+04 1.127410063284110804e-26 -1.152488231423482707e-26 3.407308357991704315e-26
3.828832821099999273e+04 5.613654835653670556e-27 -5.738525266102016009e-27 1.696583493740935569e-26
3.832865591100000165e+04 2.738711919649240776e-27 -2.799631970197985780e-27 8.277055809496466973e-27
3.836898361100000329e+04 1.309133225857074860e-27 -1.338253653504768215e-27 3.956520105218917755e-27
3.840931131099999766e+04 6.131379339993587609e-28 -6.267766061327368128e-28 1.853052474131454245e-27
3.844963901099999930e+04 2.813645472726133185e-28 -2.876232349146252263e-28 8.503523294598517737e-28
3.848996671100000094e+04 1.265078309530411871e-28 -1.293218777329174890e-28 3.823375396389998632e-28
3.853029441100000258e+04 5.573170020311936126e-29 -5.697139904479883503e-29 1.684347994510375463e-28
3.857062211099999695e+04 2.405603362995903402e-29 -2.459113729480401615e-29 7.270320455472208419e-29
3.861094981100000587e+04 1.017378602979718619e-29 -1.040009225607146689e-29 3.074766431566584068e-29
3.865127751099999296e+04 4.215780824391697016e-30 -4.309556872597985426e-30 1.274111852138137876e-29
3.869160521100000187e+04 1.711631600878935426e-30 -1.749705223346937673e-30 5.172968425104808525e-30
3.873193291100000351e+04 6.808938557815181456e-31 -6.960396941690106270e-31 2.057827405732046831e-30
3.877226061099999788e+04 2.653905055498940774e-31 -2.712938657763141104e-31 8.020748768761022213e-31
3.881258831099999952e+04 1.013510367496565658e-31 -1.036054944892617726e-31 3.063075679885749262e-31
3.885291601100000116e+04 3.792345151015384270e-32 -3.876702274051836388e-32 1.146139257608260493e-31
3.889324371100000280e+04 1.390350716936207503e-32 -1.421277750690248625e-32 4.201979184562663905e-32
3.893357141099999717e+04 4.994335588608787018e-33 -5.105429849536179044e-33 1.509410102675375240e-32
3.897389911100000609e+04 1.757793782412046253e-33 -1.796894238850161447e-33 5.312481803674253612e-33
3.901422681100000045e+04 6.061707473938307198e-34 -6.196544410669483480e-34 1.831995935854609788e-33
3.905455451100000209e+04 2.048136381071539005e-34 -2.093695233394710021e-34 6.189967995537788458e-34
3.909488221100000374e+04 6.780467161936453243e-35 -6.931292226598945592e-35 2.049222655047185208e-34
3.913520991099999810e+04 2.199364492302143541e-35 -2.248287270607177821e-35 6.647016255211464903e-35
3.917553761100000702e+04 6.989911045554764836e-36 -7.145394990871749325e-36 2.112521708198127900e-35
3.921586531100000138e+04 2.176621605857719627e-36 -2.225038490212254886e-36 6.578281701927694474e-36
3.925619301100000303e+04 6.640963144379108186e-37 -6.788685074409907876e-37 2.007061136316812592e-36
3.929652071099999739e+04 1.985253871159979958e-37 -2.029413961657883547e-37 5.999921703977843880e-37
3.933684841099999903e+04 5.814841487752211496e-38 -5.944187124630386981e-38 1.757387010013480893e-37
3.937717611100000067e+04 1.668770279808634750e-38 -1.705890492818731746e-38 5.043431052436001767e-38
3.941750381100000232e+04 4.692368168058510424e-39 -4.796745449957431236e-39 1.418148178607445274e-38
3.945783151099999668e+04 1.292779482102881291e-39 -1.321536136228008425e-39 3.907095100433770844e-39
3.949815921099999832e+04 3.489744800052243616e-40 -3.567370865123081085e-40 1.054686046522756832e-39
3.953848691100000724e+04 9.229958198828547346e-41 -9.435269869679986928e-41 2.789518626733708162e-40
3.957881461099999433e+04 2.391897951419644320e-41 -2.445103454015999110e-41 7.228899356855287749e-41
3.961914231100000325e+04 6.073267452323461873e-42 -6.208361529815832756e-42 1.835489643446275523e-41
3.965947001099999761e+04 1.510911456118396591e-42 -1.544520249233351597e-42 4.566343161470144778e-42
3.969979771099999925e+04 3.682921556048369523e-43 -3.764844654939863260e-43 1.113068776703660310e-42
3.974012541100000090e+04 8.795950378470643258e-44 -8.991607956763762435e-44 2.658350871370504696e-43
3.978045311100000254e+04 2.058305904559175143e-44 -2.104090968292389560e-44 6.220702777410739847e-44
3.982078081099999690e+04 4.719260126736585321e-45 -4.824235594764750553e-45 1.426275584823792057e-44
3.986110851099999854e+04 1.060168168113830532e-45 -1.083750604056659811e-45 3.204086940284321030e-45
3.990143621100000746e+04 2.333524964451830541e-46 -2.385432015286099717e-46 7.052481944189760410e-46
3.994176391099999455e+04 5.032537153942682554e-47 -5.144481172478775435e-47 1.520955548036414054e-46
3.998209161100000347e+04 1.063404210673320756e-47 -1.087058629315373084e-47 3.213867050662014353e-47
4.002241931100000511e+04 2.201641529377082994e-48 -2.250614958213367547e-48 6.653898016967533535e-48
4.006274701099999947e+04 4.466133380437098190e-49 -4.565478283938260184e-49 1.349774504481245732e-48
4.010307471100000112e+04 8.876742395342305079e-50 -9.074197115466308723e-50 2.682768190615092078e-49
4.014340241100000276e+04 1.728671180612582616e-50 -1.767123832379676481e-50 5.224466193604841239e-50
4.018373011100000440e+04 3.298435637226215598e-51 -3.371806211316219730e-51 9.968677485768650926e-51
4.022405781099999876e+04 6.166524817356962910e-52 -6.303693316533802063e-52 1.863674295124772937e-51
4.026438551100000768e+04 1.129561289672014844e-52 -1.154687309824631974e-52 3.413809889168661848e-52
4.030471321099999477e+04 2.027290404608523818e-53 -2.072385557945617004e-53 6.126966367162664871e-53
4.034504091100000369e+04 3.564995420901698220e-54 -3.644295364701647941e-54 1.077428620650504322e-53
4.038536861099999805e+04 6.142410472129537128e-55 -6.279042570555245283e-55 1.856386351481431882e-54
4.042569631099999970e+04 1.036944569058772161e-55 -1.060010418054790520e-55 3.133899556172334662e-55
4.046602401100000134e+04 1.715177594435830264e-56 -1.753330094169278779e-56 5.183685283040939307e-56
4.050635171099999570e+04 2.779710039200159808e-57 -2.841542054073534795e-57 8.400962132473854411e-57
4.054667941100000462e+04 4.413943234867769378e-58 -4.512127218052940591e-58 1.334001368778847935e-57
4.058700711099999899e+04 6.867376200281912589e-59 -7.020134474119404009e-59 2.075488687468322742e-58
4.062733481100000063e+04 1.046867655212534851e-59 -1.070154233853733921e-59 3.163889544278803622e-59
4.066766251099999499e+04 1.563614077226141417e-60 -1.598395190189676660e-60 4.725623344641959494e-60
4.070799021100000391e+04 2.288253888486781278e-61 -2.339153927149673666e-61 6.915661704123236567e-61
4.074831791099999828e+04 3.281071493741172130e-62 -3.354055818919157628e-62 9.916198806401501455e-62
4.078864561099999992e+04 4.609608328257382952e-63 -4.712144695969835953e-63 1.393136135248460132e-62
4.082897331100000156e+04 6.345256823711566430e-64 -6.486401046945715893e-64 1.917691469436885010e-63
4.086930101099999592e+04 8.557979293673710484e-65 -8.748343430763563626e-65 2.586430201811098628e-64
4.090962871100000484e+04 1.130915366630769984e-65 -1.156071506941791950e-65 3.417902240203332129e-65
4.094995641099999921e+04 1.464285717616996946e-66 -1.496857365376587368e-66 4.425428800610580997e-66
4.099028411100000085e+04 1.857626486986181657e-67 -1.898947627303963066e-67 5.614200601276326050e-67
4.103061181100000249e+04 2.309020616472533767e-68 -2.360382591314274996e-68 6.978423824259342530e-68
4.107093951100000413e+04 2.812121453938012323e-69 -2.874674430008739447e-69 8.498917337884763579e-69
4.111126721099999850e+04 3.355654073581611829e-70 -3.430297417549742517e-70 1.014160556471296618e-69
4.115159491100000014e+04 3.923350801600235805e-71 -4.010622021150855435e-71 1.185732362435132705e-70
4.119192261100000906e+04 4.494423025200440725e-72 -4.594397205032992660e-72 1.358324325543387311e-71
4.123225031099999615e+04 5.044610030588806672e-73 -5.156822598821781138e-73 1.524604265999939448e-72
4.127257801100000506e+04 5.547765541364709612e-74 -5.671170326982710311e-74 1.676670140971213032e-73
4.131290571099999943e+04 5.977855951766971816e-75 -6.110827690872099336e-75 1.806653959440604100e-74
4.135323341100000107e+04 6.311166530291986413e-76 -6.451552447263939717e-76 1.907388550784791377e-75
4.139356111100000271e+04 6.528459006444480615e-77 -6.673678388572139409e-77 1.973059640146110141e-76
4.143388881099999708e+04 6.616808569639964499e-78 -6.763993204052367195e-78 1.999761034333229715e-77
4.147421651099999872e+04 6.570876526804002346e-79 -6.717039446463543881e-79 1.985879250007154857e-78
4.151454421100000036e+04 6.393444358671785585e-80 -6.535660467943157333e-80 1.932254918528672850e-79
4.155487191100000200e+04 6.095134881139593075e-81 -6.230715378857354997e-81 1.842098514113654115e-80
4.159519961099999637e+04 5.693359383739945285e-82 -5.820002766369970393e-82 1.720672153384986096e-81
4.163552731100000528e+04 5.210635862193621103e-83 -5.326541517671043951e-83 1.574781324205828689e-82
4.167585501099999237e+04 4.672504161875882650e-84 -4.776439587786746503e-84 1.412144791153851180e-83
4.171618271100000129e+04 4.105305838628205239e-85 -4.196624475498251335e-85 1.240723615275466067e-84
4.175651041100000293e+04 3.534094712078068707e-86 -3.612707298901687713e-86 1.068089672305782513e-85
4.179683811099999730e+04 2.980902002888348369e-87 -3.047209342279676328e-87 9.009013348056373959e-87
4.183716581099999894e+04 2.463508475554842801e-88 -2.518306886379377393e-88 7.445323837489062436e-88
4.187749351100000058e+04 1.994790402424984264e-89 -2.039162624020981316e-89 6.028743428870949844e-89
4.191782121100000222e+04 1.582622466520419103e-90 -1.617826403085323279e-90 4.783071336126161703e-90
4.195814891099999659e+04 1.230252426900887400e-91 -1.257618225953815824e-91 3.718123079755590898e-91
4.199847661100000551e+04 9.370181033254029611e-93 -9.578611828137014333e-93 2.831897389464507185e-92
4.203880431099999987e+04 6.992598296776354804e-94 -7.148142017449534023e-94 2.113333861100224257e-93
4.207913201100000151e+04 5.112885014840908923e-95 -5.226616295379288450e-95 1.545238632506110763e-94
4.211945971100000315e+04 3.662944336024664167e-96 -3.744423060593521721e-96 1.107031173264285005e-95
4.215978741099999752e+04 2.571173949955913106e-97 -2.628367277200001023e-97 7.770715177111827234e-97
4.220011511100000644e+04 1.768354968827069496e-98 -1.807690348845850218e-98 5.344400286499989209e-98
4.224044281100000080e+04 1.191637830295991857e-99 -1.218144684251067144e-99 3.601420344843051061e-99
4.228077051100000244e+04 7.867848059203273252e-101 -8.042860881172968094e-101 2.377855699957951587e-100
4.232109821099999681e+04 5.089844261403090099e-102 -5.203063022222052855e-102 1.538275154502823464e-101
4.236142591100000573e+04 3.226189481984488421e-103 -3.297953008834840528e-103 9.750331972803817369e-103
4.240175361100000009e+04 2.003604946597317303e-104 -2.048173239372945670e-104 6.055383132567580275e-104
4.244208131100000173e+04 1.219189368160838953e-105 -1.246309079958998273e-105 3.684687816280676373e-105
4.248240901100000337e+04 7.268873077218621275e-107 -7.430562268495844784e-107 2.196830842293308855e-106
4.252273671099999774e+04 4.246194190690079346e-108 -4.340646755400556316e-108 1.283303513678071501e-107
4.256306441100000666e+04 2.430353601117055734e-109 -2.484414513187976353e-109 7.345121715422088293e-109
4.260339211099999375e+04 1.362937453464174467e-110 -1.393254705157912376e-110 4.119129612086261311e-110
4.264371981100000266e+04 7.488920739879403829e-112 -7.655504682824424912e-112 2.263334616258323165e-111
4.268404751099999703e+04 4.031803797698291786e-113 -4.121487451342082535e-113 1.218509504673866553e-112
4.272437521099999867e+04 2.126749759224204954e-114 -2.174057291624980907e-114 6.427556810073390454e-114
4.276470291100000031e+04 1.099183605852210163e-115 -1.123633903223925256e-115 3.322001114928345807e-115
4.280503061100000195e+04 5.566227333875882702e-117 -5.690042784567882238e-117 1.682249745231964764e-116
4.284535831099999632e+04 2.761776210173382124e-118 -2.823209304019931272e-118 8.346761724366695521e-118
4.288568601099999796e+04 1.342619270375550453e-119 -1.372484563346551835e-119 4.057723104097652742e-119
4.292601371100000688e+04 6.395199772977726632e-121 -6.537454929776282326e-121 1.932785447573173473e-120
4.296634141099999397e+04 2.984641697335203468e-122 -3.051032222684574984e-122 9.020315617354981383e-122
4.300666911100000289e+04 1.364794098610383589e-123 -1.395152649615449680e-123 4.124740846836216690e-123
4.304699681100000453e+04 6.114752976380114527e-125 -6.250769860030104486e-125 1.848027581279033354e-124
4.308732451099999889e+04 2.684278331400679426e-126 -2.743987558395863949e-126 8.112544221197223458e-126
4.312765221100000053e+04 1.154550733138101715e-127 -1.180232619772587892e-127 3.489334086048791526e-127
4.316797991100000218e+04 4.865588143332272532e-129 -4.973818539382109421e-129 1.470499482604665513e-128
4.320830761100000382e+04 2.009067438132351034e-130 -2.053757238854127895e-130 6.071892115118829562e-130
4.324863531099999818e+04 8.128127971087960219e-132 -8.308930472972628850e-132 2.456518641514855054e-131
4.328896301100000710e+04 3.221984135163825303e-133 -3.293654118060515177e-133 9.737622388388166174e-133
4.332929071099999419e+04 1.251391238520687035e-134 -1.279227250400149663e-134 3.782009727441523733e-134
4.336961841100000311e+04 4.762112704830416505e-136 -4.868041387837426756e-136 1.439226679749826053e-135
4.340994611100000475e+04 1.775591578702832038e-137 -1.815087930248547058e-137 5.366271087654211372e-137
4.345027381099999911e+04 6.486692799340301631e-139 -6.630983131782121051e-139 1.960436873046272431e-138
4.349060151100000076e+04 2.321883537906699999e-140 -2.373531636242657982e-140 7.017298712056057981e-140
4.353092921100000240e+04 8.143186498349017724e-142 -8.324323962898147885e-142 2.461069695959618479e-141
4.357125691100000404e+04 2.798241398554158276e-143 -2.860485625950086585e-143 8.456968423058402681e-143
4.361158461099999840e+04 9.421343122546505521e-145 -9.630911969608032248e-145 2.847359821470104329e-144
4.365191231100000005e+04 3.107973532972546221e-146 -3.177107458096656457e-146 9.393054524041748456e-146
4.369224001099999441e+04 1.004566404081164344e-147 -1.026912031489225752e-147 3.036044839651554440e-147
4.373256771100000333e+04 3.181389440726406696e-149 -3.252156433125966880e-149 9.614935314578779839e-149
4.377289541099999769e+04 9.871698165312647633e-151 -1.009128473339892802e-150 2.983468106402422057e-150
4.381322311099999934e+04 3.001260884094810181e-152 -3.068021087499935799e-152 9.070542855689557008e-152
4.385355081100000098e+04 8.940307888252244657e-154 -9.139176562510868160e-154 2.701979233901535615e-153
4.389387851099999534e+04 2.609384330110294739e-155 -2.667427611040482014e-155 7.886196271261071491e-155
4.393420621100000426e+04 7.462089815101904415e-157 -7.628076929525760234e-157 2.255225655972956777e-156
4.397453391099999862e+04 2.090834902723635772e-158 -2.137343530448169147e-158 6.319013335895440286e-158
4.401486161100000027e+04 5.740052410622823329e-160 -5.867694642040146170e-160 1.734779946328579283e-159
4.405518931100000191e+04 1.544005424180431427e-161 -1.570951149124981172e-161 4.658961997485844421e-161
4.409551701100000355e+04 4.069289922436968477e-163 4.069289922436968477e-163 4.069289922436968477e-163
4.413584471099999791e+04 1.050812647765831121e-164 1.050812647765831121e-164 1.050812647765831121e-164
4.417617241099999956e+04 2.658696704161354751e-166 2.658696704161354751e-166 2.658696704161354751e-166
4.421650011100000847e+04 6.590967198980568958e-168 6.590967198980568958e-168 6.590967198980568958e-168
4.425682781099999556e+04 1.600907911025581223e-169 1.600907911025581223e-169 1.600907911025581223e-169
4.429715551100000448e+04 3.809959844984335236e-171 3.809959844984335236e-171 3.809959844984335236e-171
4.433748321099999885e+04 8.884056124142534617e-173 8.884056124142534617e-173 8.884056124142534617e-173
4.437781091100000049e+04 2.029733575685987343e-174 2.029733575685987343e-174 2.029733575685987343e-174
4.441813861100000213e+04 4.543636979482430817e-176 4.543636979482430817e-176 4.543636979482430817e-176
4.445846631100000377e+04 9.965636967526189794e-178 9.965636967526189794e-178 9.965636967526189794e-178
4.449879401099999814e+04 2.141624599758295641e-179 2.141624599758295641e-179 2.141624599758295641e-179
4.453912171099999978e+04 4.509397069930691862e-181 4.509397069930691862e-181 4.509397069930691862e-181
4.457944941100000869e+04 9.303159292587565362e-183 9.303159292587565362e-183 9.303159292587565362e-183
4.461977711099999578e+04 1.880525744815869375e-184 1.880525744815869375e-184 1.880525744815869375e-184
4.466010481100000470e+04 3.724474085877288865e-186 3.724474085877288865e-186 3.724474085877288865e-186
4.470043251099999907e+04 7.227489638029890244e-188 7.227489638029890244e-188 7.227489638029890244e-188
4.474076021100000071e+04 1.374190196081815021e-189 1.374190196081815021e-189 1.374190196081815021e-189
4.478108791100000235e+04 2.560018249408258934e-191 2.560018249408258934e-191 2.560018249408258934e-191
4.482141561099999672e+04 4.672788495378490919e-193 4.672788495378490919e-193 4.672788495378490919e-193
4.486174331099999836e+04 8.356915945514629907e-195 8.356915945514629907e-195 8.356915945514629907e-195
4.490207101100000000e+04 1.464376636806146351e-196 1.464376636806146351e-196 1.464376636806146351e-196
4.494239871100000164e+04 2.514180166294597503e-198 2.514180166294597503e-198 2.514180166294597503e-198
