1.807150000000000034e+00 5.069358470556291241e-180 5.069358470556291241e-180 5.069358470556291241e-180
1.812149999999999928e+00 2.972706034228608135e-178 2.972706034228608135e-178 2.972706034228608135e-178
1.817150000000000043e+00 1.707999636946152234e-176 1.707999636946152234e-176 1.707999636946152234e-176
1.822149999999999936e+00 9.615246682418084980e-175 9.615246682418084980e-175 9.615246682418084980e-175
1.827150000000000052e+00 5.303589897158909463e-173 5.303589897158909463e-173 5.303589897158909463e-173
1.832149999999999945e+00 2.866264639533187242e-171 2.866264639533187242e-171 2.866264639533187242e-171
1.837150000000000061e+00 1.517747354289234707e-169 1.517747354289234707e-169 1.517747354289234707e-169
1.842149999999999954e+00 7.874437319681881609e-168 7.874437319681881609e-168 7.874437319681881609e-168
1.847150000000000070e+00 4.002915510623335399e-166 4.002915510623335399e-166 4.002915510623335399e-166
1.852149999999999963e+00 1.993747537800792475e-164 1.993747537800792475e-164 1.993747537800792475e-164
1.857150000000000079e+00 9.729729173503557847e-163 9.729729173503557847e-163 9.729729173503557847e-163
1.862149999999999972e+00 4.652305087089841575e-161 4.652305087089841575e-161 4.652305087089841575e-161
1.867150000000000087e+00 2.179578269977847418e-159 2.179578269977847418e-159 2.179578269977847418e-159
1.872149999999999981e+00 1.000491951172876486e-157 1.000491951172876486e-157 1.000491951172876486e-157
1.877150000000000096e+00 4.499783057592312888e-156 4.499783057592312888e-156 4.499783057592312888e-156
1.882149999999999990e+00 1.982925512737986244e-154 1.982925512737986244e-154 1.982925512737986244e-154
1.887150000000000105e+00 8.561661873165060619e-153 8.561661873165060619e-153 8.561661873165060619e-153
1.892149999999999999e+00 3.621984530854420529e-151 3.621984530854420529e-151 3.621984530854420529e-151
1.897150000000000114e+00 1.501315462060560633e-149 1.501315462060560633e-149 1.501315462060560633e-149
1.902150000000000007e+00 6.097252367557217233e-148 6.097252367557217233e-148 6.097252367557217233e-148
1.907150000000000123e+00 2.426237058551379037e-146 2.426237058551379037e-146 2.426237058551379037e-146
1.912150000000000016e+00 9.459520878468935090e-145 9.459520878468935090e-145 9.459520878468935090e-145
1.917150000000000132e+00 3.613615127269080063e-143 3.613615127269080063e-143 3.613615127269080063e-143
1.922150000000000025e+00 1.352544299725443412e-141 -1.198318318122016867e-141 3.903406917572903545e-141
1.927150000000000141e+00 4.960185843541531964e-140 -4.252631577904337446e-140 1.417300326498740137e-139
1.932150000000000034e+00 1.782301801044476723e-138 -1.528144571027210108e-138 5.092748173116163853e-138
1.937149999999999928e+00 6.274821713144448197e-137 -5.380028822499325440e-137 1.792967224878822183e-136
1.942150000000000043e+00 2.164503950236240286e-135 -1.855844543588477402e-135 6.184852444060958584e-135
1.947150000000000158e+00 7.315638252148713842e-134 -6.272424373086213690e-134 2.090370087738363942e-133
1.952150000000000052e+00 2.422606670863188783e-132 -2.077141679913172526e-132 6.922355021639550092e-132
1.957149999999999945e+00 7.860504899334636599e-131 -6.739592748553265861e-131 2.246060254722253706e-130
1.962150000000000061e+00 2.498934218599114653e-129 -2.142584879017075806e-129 7.140453316215305113e-129
1.967149999999999954e+00 7.783878576337669874e-128 -6.673893379667459744e-128 2.224165053234279949e-127
1.972150000000000070e+00 2.375604440997698276e-126 -2.036841992839196951e-126 6.788050874834594160e-126
1.977149999999999963e+00 7.103772615753189788e-125 -6.090770888284181776e-125 2.029831611979056240e-124
1.982150000000000079e+00 2.081329415635932896e-123 -1.784530741529018387e-123 5.947189572800884852e-123
1.987149999999999972e+00 5.974883476772296789e-122 -5.122861936804598863e-122 1.707262889034919244e-121
1.992150000000000087e+00 1.680563415772356571e-120 -1.440914184933740835e-120 4.802041016478454149e-120
1.997149999999999981e+00 4.631452534927070173e-119 -3.971004956882856413e-119 1.323391002673699731e-118
2.002149999999999874e+00 1.250594105379044836e-117 -1.072258725319200187e-117 3.573446936077290035e-117
2.007150000000000212e+00 3.308661853551405137e-116 -2.836844925396082598e-116 9.454168632498894563e-116
2.012150000000000105e+00 8.576799125706002764e-115 -7.353743039522271371e-115 2.450734129093427419e-114
2.017149999999999999e+00 2.178386517516268470e-113 -1.867747449324721603e-113 6.224520484357258832e-113
2.022149999999999892e+00 5.421025989469570387e-112 -4.647984819505257652e-112 1.549003679844439750e-111
2.027150000000000230e+00 1.321797376853474065e-110 -1.133308372607337835e-110 3.776903126314285373e-110
2.032150000000000123e+00 3.157803699962102793e-109 -2.707499224030439385e-109 9.023106623954645444e-109
2.037150000000000016e+00 7.391664052026332873e-108 -6.337608852947780941e-108 2.112093695700044442e-107
2.042149999999999910e+00 1.695259389107717976e-106 -1.453514504524955139e-106 4.844033282740391091e-106
2.047150000000000247e+00 3.809490929946071825e-105 -3.266255510486539886e-105 1.088523737037868315e-104
2.052150000000000141e+00 8.387539466976121501e-104 -7.191471906959599097e-104 2.396655084091184210e-103
2.057150000000000034e+00 1.809418627121025794e-102 -1.551394574725211527e-102 5.170231828967263115e-102
2.062149999999999928e+00 3.824550363665247097e-101 -3.279167460611236756e-101 1.092826818794172968e-100
2.067149999999999821e+00 7.920608710931603258e-100 -6.791125722504872479e-100 2.263234314436807798e-99
2.072150000000000158e+00 1.607213535040958321e-98 -1.378024035401097762e-98 4.592451105483014404e-98
2.077150000000000052e+00 3.195401616177903134e-97 -2.739735656472926159e-97 9.130538888828732947e-97
2.082149999999999945e+00 6.224638967882432627e-96 -5.337002159949146084e-96 1.778628009571401217e-95
2.087150000000000283e+00 1.188063712362556605e-94 -1.018645198714379510e-94 3.394772623439492588e-94
2.092150000000000176e+00 2.221785573686894087e-93 -1.904957775728366323e-93 6.348528923102154497e-93
2.097150000000000070e+00 4.071002800548966313e-92 -3.490475647432916234e-92 1.163248124853084818e-91
2.102149999999999963e+00 7.308655762046693297e-91 -6.266437582652832197e-91 2.088374910674622097e-90
2.107149999999999856e+00 1.285613606872817315e-89 -1.102284425961660845e-89 3.673511639707295650e-89
2.112150000000000194e+00 2.215747463935414898e-88 -1.899780702156236937e-88 6.331275630027067850e-88
2.117150000000000087e+00 3.741682293734474646e-87 -3.208116416196559328e-87 1.069148100366550862e-86
2.122149999999999981e+00 6.190851746199937141e-86 -5.308033005302045702e-86 1.768973649770192070e-85
2.127149999999999874e+00 1.003623325920707282e-84 -8.605061072603319468e-85 2.867752759101746396e-84
2.132150000000000212e+00 1.594145422127371222e-83 -1.366819438653300215e-83 4.555110282908043208e-83
2.137150000000000105e+00 2.480972631938428603e-82 -2.127184616373180544e-82 7.089129880250038043e-82
2.142149999999999999e+00 3.783143874584745156e-81 -3.243665545783502237e-81 1.080995329495299349e-80
2.147149999999999892e+00 5.652239943700054550e-80 -4.846227517492862412e-80 1.615070740489297151e-79
2.152150000000000230e+00 8.274183896367306624e-79 -7.094280859628841909e-79 2.364264865236345875e-78
2.157150000000000123e+00 1.186770098692071425e-77 -1.017536048542295452e-77 3.391076245926438303e-77
2.162150000000000016e+00 1.667803455640738988e-76 -1.429973789953635575e-76 4.765580701235113244e-76
2.167149999999999910e+00 2.296465844695346278e-75 -1.968988582785436635e-75 6.561920272176130172e-75
2.172150000000000247e+00 3.098217902496725870e-74 -2.656410362135570498e-74 8.852846167129022631e-74
2.177150000000000141e+00 4.095441955093730465e-73 -3.511429720746400296e-73 1.170231363093386248e-72
2.182150000000000034e+00 5.304279963317946449e-72 -4.547886764940167110e-72 1.515644669157606101e-71
2.187149999999999928e+00 6.731145046022053701e-71 -5.771280096403540068e-71 1.923357018844764506e-70
2.192149999999999821e+00 8.369284036131707302e-70 -7.175819549518390816e-70 2.391438762178180671e-69
2.197150000000000158e+00 1.019587524095185983e-68 -8.741937812601985341e-69 2.913368829450570499e-68
2.202150000000000052e+00 1.217019580752790198e-67 -1.043471912805054241e-67 3.477511074310634803e-67
2.207149999999999945e+00 1.423336105497298762e-66 -1.220367579624962721e-66 4.067039790619560509e-66
2.212150000000000283e+00 1.631000950491578431e-65 -1.398419292016376260e-65 4.660421192999533123e-65
2.217150000000000176e+00 1.831208559410087755e-64 -1.570077170163787472e-64 5.232494288983962645e-64
2.222150000000000070e+00 2.014458165353914116e-63 -1.727195261192506840e-63 5.756111591900335882e-63
2.227149999999999963e+00 2.171278557323829641e-62 -1.861652953631191755e-62 6.204210068278850820e-62
2.232149999999999856e+00 2.293029710608042602e-61 -1.966042294954288307e-61 6.552101716170374892e-61
2.237150000000000194e+00 2.372688187214637180e-60 -2.034341393559903736e-60 6.779717767989178373e-60
2.242150000000000087e+00 2.405517396809728818e-59 -2.062489100185411119e-59 6.873523893804868755e-59
2.247149999999999981e+00 2.389533833251491700e-58 -2.048784758875818255e-58 6.827852425378802716e-58
2.252149999999999874e+00 2.325705468579962962e-57 -1.994058309856773636e-57 6.645469247016699842e-57
2.257150000000000212e+00 2.217854709084478321e-56 -1.901587084046123650e-56 6.337296502215080519e-56
2.262150000000000105e+00 2.072279442934147556e-55 -1.776770889379197170e-55 5.921329775247492282e-55
2.267149999999999999e+00 1.897144424795052634e-54 -1.626610184155398239e-54 5.420899033745502638e-54
2.272149999999999892e+00 1.701724759434824415e-53 -1.459057440116320674e-53 4.862506958985970198e-53
2.277150000000000230e+00 1.495598739896962472e-52 -1.282325082159464674e-52 4.273522561953389989e-52
2.282150000000000123e+00 1.287886861570353009e-51 -1.104233019260967760e-51 3.680006742401673778e-51
2.287150000000000016e+00 1.086618724846019562e-50 -9.316658270452589264e-51 3.104903276737297932e-50
2.292149999999999910e+00 8.982836740193709587e-50 -7.701874657682524887e-50 2.566754813806994501e-49
2.297150000000000247e+00 7.275899292029737712e-49 -6.238347601581317017e-49 2.079014618564079396e-48
2.302150000000000141e+00 5.774264892021220472e-48 -4.950847350315100900e-48 1.649937713435754184e-47
2.307150000000000034e+00 4.489971443552322440e-47 -3.849695179516003156e-47 1.282963806662064852e-46
2.312149999999999928e+00 3.420797037769184107e-46 -2.932986006821904592e-46 9.774580082360273195e-46
2.317149999999999821e+00 2.553570719115173936e-45 -2.189427042156917586e-45 7.296568480387266081e-45
2.322150000000000158e+00 1.867692294750087738e-44 -1.601355672058805058e-44 5.336740261558980285e-44
2.327150000000000052e+00 1.338442198685897816e-43 -1.147577336788885527e-43 3.824461734160680959e-43
2.332149999999999945e+00 9.397898977288032316e-43 -8.057734570857037263e-43 2.685353252543310508e-42
2.337150000000000283e+00 6.465450390566260705e-42 -5.543458275181334036e-42 1.847435905631385417e-41
2.342150000000000176e+00 4.358164886879815765e-41 -3.736675954323869324e-41 1.245300572808349932e-40
2.347150000000000070e+00 2.878361889228328772e-40 -2.467896356551726761e-40 8.224620135008385121e-40
2.352149999999999963e+00 1.862618886530535064e-39 -1.597001107983404006e-39 5.322238881044474460e-39
2.357149999999999856e+00 1.180971672735477838e-38 -1.012558991354341593e-38 3.374502336825297139e-38
2.362150000000000194e+00 7.336549212825323445e-38 -6.290313090400446307e-38 2.096341151605109633e-37
2.367150000000000087e+00 4.465612872912579105e-37 -3.828785127561634337e-37 1.276001087338679088e-36
2.372149999999999981e+00 2.663220926875118559e-36 -2.283423796316008024e-36 7.609865650066245476e-36
2.377150000000000318e+00 1.556217208447402008e-35 -1.334285720191454344e-35 4.446720137086259161e-35
2.382150000000000212e+00 8.909844728449444043e-35 -7.639200870016127299e-35 2.545889032691501539e-34
2.387150000000000105e+00 4.998123371163528256e-34 -4.285325199595539102e-34 1.428157194192259647e-33
2.392149999999999999e+00 2.747139629371679233e-33 -2.355355077287809176e-33 7.849634336031167300e-33
2.397149999999999892e+00 1.479419832249592246e-32 -1.268427708790942647e-32 4.227267373290127413e-32
2.402149999999999785e+00 7.806189607048027329e-32 -6.692860333214340549e-32 2.230523954731039740e-31
2.407150000000000123e+00 4.035745139227291770e-31 -3.460146503475851136e-31 1.153163678193043424e-30
2.412150000000000016e+00 2.044303487885513255e-30 -1.752725342393645101e-30 5.841332318164671960e-30
2.417149999999999910e+00 1.014621440599149884e-29 -8.699010666788141119e-30 2.899143947877113879e-29
2.422150000000000247e+00 4.934007016958504630e-29 -4.230214967148876038e-29 1.409822900106588418e-28
2.427150000000000141e+00 2.350891526915664935e-28 -2.015540546650807375e-28 6.717323600482136348e-28
2.432150000000000034e+00 1.097495037642057890e-27 -9.409295558167821277e-28 3.135919631100897908e-27
2.437149999999999928e+00 5.020069629578127916e-27 -4.303869380687282417e-27 1.434400863984353610e-26
2.442149999999999821e+00 2.249853202231330522e-26 -1.928845194595767414e-26 6.428551599058427597e-26
2.447150000000000158e+00 9.879522748819781812e-26 -8.469775273194243526e-26 2.822882077083380600e-25
2.452150000000000052e+00 4.250648380035583007e-25 -3.644034756420818907e-25 1.214533151649198538e-24
2.457149999999999945e+00 1.791892431718718455e-24 -1.536134022684754603e-24 5.119918886122191880e-24
2.462150000000000283e+00 7.401271819871400866e-24 -6.344706264624142209e-24 2.114724990436694615e-23
2.467150000000000176e+00 2.995288010736766952e-23 -2.567612964558734030e-23 8.558188986032267641e-23
2.472150000000000070e+00 1.187705624208133922e-22 -1.018082570632692385e-22 3.393493819048960229e-22
2.477149999999999963e+00 4.614421244776370190e-22 -3.955228555126506120e-22 1.318407104467924509e-21
2.482149999999999856e+00 1.756564539510596608e-21 -1.505549342509995754e-21 5.018678421531188595e-21
2.487150000000000194e+00 6.551635463905019794e-21 -5.615040069044590746e-21 1.871831099685462808e-20
2.492150000000000087e+00 2.394277181690965391e-20 -2.051845921300649982e-20 6.840400284682581064e-20
2.497149999999999981e+00 8.573114543825260853e-20 -7.346324904955600619e-20 2.449255399260612353e-19
2.502150000000000318e+00 3.007757444576141898e-19 -2.577082998637088386e-19 8.592597887789371701e-19
2.507150000000000212e+00 1.033921471763460415e-18 -8.857656622086799128e-19 2.953608605735600742e-18
2.512150000000000105e+00 3.482358996111900310e-18 -2.982912915419351349e-18 9.947630907643150813e-18
2.517149999999999999e+00 1.149215766589004156e-17 -9.842209132953600210e-18 3.282652446473368487e-17
2.522149999999999892e+00 3.715973570774592000e-17 -3.181805847050818666e-17 1.061375298860000205e-16
2.527149999999999785e+00 1.177301767690781275e-16 -1.007818678948798857e-16 3.362422214330361529e-16
2.532150000000000123e+00 3.654672429139060025e-16 -3.127642286116024950e-16 1.043698714439414549e-15
2.537150000000000016e+00 1.111619584552726301e-15 -9.509894176759788970e-16 3.174228586781431500e-15
2.542149999999999910e+00 3.312934725069149883e-15 -2.833060473759626906e-15 9.458929923897925883e-15
2.547150000000000247e+00 9.674326917483082608e-15 -8.269033164394661676e-15 2.761768699936082689e-14
2.552150000000000141e+00 2.768104473920798975e-14 -2.364661614908122707e-14 7.900870562749720657e-14
2.557150000000000034e+00 7.760704930222787698e-14 -6.625134156867810102e-14 2.214654401731338928e-13
2.562149999999999928e+00 2.131967406844508317e-13 -1.818557551268189530e-13 6.082492364957206669e-13
2.567149999999999821e+00 5.738852391118208656e-13 -4.890581848955552004e-13 1.636828663119196831e-12
2.572150000000000158e+00 1.513700230353267790e-12 -1.288512079146490324e-12 4.315912539853025703e-12
2.577150000000000052e+00 3.912291642120649703e-12 -3.325853164033314387e-12 1.115043644827461420e-11
2.582149999999999945e+00 9.908466106821953449e-12 -8.409979325587411418e-12 2.822691153923131832e-11
2.587150000000000283e+00 2.459088689281318733e-11 -2.083305620857538213e-11 7.001482999420175679e-11
2.592150000000000176e+00 5.980600819684081722e-11 -5.055499735625722092e-11 1.701670137499388683e-10
2.597150000000000070e+00 1.425379471621337497e-10 -1.201745858554757091e-10 4.052504801797431827e-10
2.602149999999999963e+00 3.329244464128821040e-10 -2.798208519022590692e-10 9.456697447280233290e-10
2.607149999999999856e+00 7.620921078420357004e-10 -6.381817809026389556e-10 2.162365996586710150e-09
2.612150000000000194e+00 1.709763491690568093e-09 -1.425540230363877177e-09 4.845067213745013363e-09
2.617150000000000087e+00 3.759718114564086052e-09 -3.118561163288932392e-09 1.063799739241710450e-08
2.622149999999999981e+00 8.103887000321781217e-09 -6.680852905722130906e-09 2.288862690636569665e-08
2.627150000000000318e+00 1.712314478416798844e-08 -1.401421089367878669e-08 4.826050046201476687e-08
2.632150000000000212e+00 3.547029778191324421e-08 -2.878144093532651958e-08 9.972203649915300469e-08
2.637150000000000105e+00 7.204157860137454141e-08 -5.786312833119509146e-08 2.019462855339441875e-07
2.642149999999999999e+00 1.434803812365296002e-07 -1.138580246245651242e-07 4.008187870976243115e-07
2.647149999999999892e+00 2.802564848207852495e-07 -2.192355837777785422e-07 7.797485534193491471e-07
2.652149999999999785e+00 5.369650174153295294e-07 -4.129918238398791085e-07 1.486921858670538379e-06
2.657150000000000123e+00 1.009365815641580451e-06 -7.609103583223850581e-07 2.779641989605546173e-06
2.662150000000000016e+00 1.861923255392840422e-06 -1.370704980964803691e-06 5.094551491750484536e-06
2.667149999999999910e+00 3.371308299192272616e-06 -2.413262645222641509e-06 9.155879243607188011e-06
2.672150000000000247e+00 5.993596790064537231e-06 -4.150671137226506495e-06 1.613786471735558265e-05
2.677150000000000141e+00 1.046585693718220186e-05 -6.970379396566468117e-06 2.790209327093087354e-05
2.682150000000000034e+00 1.795658881619036751e-05 -1.142236643064048448e-05 4.733554406302122459e-05
2.687149999999999928e+00 3.028419363603757002e-05 -1.825243017057147355e-05 7.882081744264660681e-05
2.692149999999999821e+00 5.022844929676885113e-05 -2.842003708159262062e-05 1.288769356751303297e-04
2.697150000000000158e+00 8.196696596587039650e-05 -4.308512528244582671e-05 2.070190572141866129e-04
2.702150000000000052e+00 1.316767983717539114e-04 -6.354829528111993091e-05 3.269018920246277672e-04
2.707149999999999945e+00 2.083505218555569457e-04 -9.113909296834959452e-05 5.078401366794634995e-04
2.712150000000000283e+00 3.248852576232203544e-04 -1.270763429922252804e-04 7.768468582386659892e-04
2.717150000000000176e+00 4.995104097318468599e-04 -1.723817757007172163e-04 1.171402595164411017e-03
2.722150000000000070e+00 7.576216531466966556e-04 -2.280161728913255171e-04 1.743259479184718855e-03
2.727149999999999963e+00 1.134079196768346919e-03 -2.955099846622326158e-04 2.563668378198926453e-03
2.732149999999999856e+00 1.675999325683723111e-03 -3.784295744813495404e-04 3.730428225848795871e-03
2.737150000000000194e+00 2.446009565689793042e-03 -4.849755410826402926e-04 5.376994672462226919e-03
2.742150000000000087e+00 3.525839118863775389e-03 -6.317760332216282651e-04 7.683454270949179044e-03
2.747149999999999981e+00 5.019970035779621788e-03 -8.485230660411751400e-04 1.088846313760041817e-02
2.752150000000000318e+00 7.058881098638351316e-03 -1.182647107058021731e-03 1.530040930433472328e-02
2.757150000000000212e+00 9.801189004552724598e-03 -1.702948736557420659e-03 2.130532674566286769e-02
2.762150000000000105e+00 1.343376190861396598e-02 -2.501122025249268108e-03 2.936864584247720136e-02
2.767149999999999999e+00 1.816870127680979621e-02 -3.690341594047787284e-03 4.002774414766737537e-02
2.772149999999999892e+00 2.423603008045981805e-02 -5.400394459430038485e-03 5.387245462034967458e-02
2.777149999999999785e+00 3.187106785142133220e-02 -7.769151454538258776e-03 7.151128715738093444e-02
2.782150000000000123e+00 4.129588610425512923e-02 -1.093052933507099832e-02 9.352230154358125158e-02
2.787150000000000016e+00 5.269495846416616391e-02 -1.499954202020829970e-02 1.203894589485406258e-01
2.792149999999999910e+00 6.618612808237826772e-02 -2.005555943410792380e-02 1.524278155988644801e-01
2.797150000000000247e+00 8.178921311933887162e-02 -2.612539635205839844e-02 1.897038225907361209e-01
2.802150000000000141e+00 9.939577959570643217e-02 -3.316821982936901669e-02 2.319597790207818533e-01
2.807150000000000034e+00 1.187445837297194245e-01 -4.106437840016430307e-02 2.785535458596031244e-01
2.812149999999999928e+00 1.394076499302929761e-01 -4.961004476342079778e-02 3.284253446240067986e-01
2.817149999999999821e+00 1.607916646655526693e-01 -5.851901233995698837e-02 3.801023416710623271e-01
2.822150000000000158e+00 1.821581881783823909e-01 -6.743215282991744941e-02 4.317485291866822728e-01
2.827150000000000052e+00 2.026641305166398399e-01 -7.593405509950325316e-02 4.812623161327829746e-01
2.832149999999999945e+00 2.214212092719755887e-01 -8.357541011400736186e-02 5.264178286579584976e-01
2.837150000000000283e+00 2.375700860343238352e-01 -8.989899948129789764e-02 5.650391715499456513e-01
2.842150000000000176e+00 2.503620715418789500e-01 -9.446690945490829328e-02 5.951910525386662210e-01
2.847150000000000070e+00 2.592392287473507806e-01 -9.688703603133554110e-02 6.153654935260371994e-01
2.852149999999999963e+00 2.639028377204334919e-01 -9.683825766871106966e-02 6.246439331095779979e-01
2.857149999999999856e+00 2.643607798772329431e-01 -9.409600994781879002e-02 6.228175697022846347e-01
2.862149999999999750e+00 2.609464641793352579e-01 -8.856358638030430164e-02 6.104565147389747759e-01
2.867150000000000087e+00 2.543052071456239904e-01 -8.031942604876930736e-02 5.889298403400172743e-01
2.872149999999999981e+00 2.453480329621545164e-01 -6.969646624656326839e-02 5.603925321708722596e-01
2.877150000000000318e+00 2.351771033618269557e-01 -5.741317673089443852e-02 5.277673834545483222e-01
2.882150000000000212e+00 2.249908377816267901e-01 -4.476437028934562162e-02 4.947460458525991256e-01
2.887150000000000105e+00 2.159797560092871493e-01 -3.381549141033250022e-02 4.657750034289067642e-01
2.892149999999999999e+00 2.092258394027315394e-01 -2.736588578783880413e-02 4.458175645933019071e-01
2.897149999999999892e+00 2.056186064886797726e-01 -2.824078084539717592e-02 4.394779938227567073e-01
2.902149999999999785e+00 2.058001219793561543e-01 -3.784245251832016321e-02 4.494426964770324440e-01
2.907150000000000123e+00 2.101488848159714096e-01 -5.511155592399869657e-02 4.754093255559414533e-01
2.912150000000000016e+00 2.188090935341376608e-01 -7.705654801914653407e-02 5.146747350874217863e-01
2.917150000000000354e+00 2.317673078159375455e-01 -1.000855957406496799e-01 5.636202113725247154e-01
2.922150000000000247e+00 2.489731870122618707e-01 -1.208624942225433457e-01 6.188088682470670454e-01
2.927150000000000141e+00 2.704950405030837612e-01 -1.365311880927319033e-01 6.775212690988995368e-01
2.932150000000000034e+00 2.966947603436708158e-01 -1.447142624828280655e-01 7.381037831701697804e-01
2.937149999999999928e+00 3.284009026984568425e-01 -1.435899216324766914e-01 8.003917270293903208e-01
2.942149999999999821e+00 3.670540245290324632e-01 -1.321907019186372712e-01 8.662987509767021699e-01
2.947150000000000158e+00 4.147958119051388115e-01 -1.109639349756679910e-01 9.405555587859457667e-01
2.952150000000000052e+00 4.744740562317826815e-01 -8.246466610783667606e-02 1.031412778571402011e+00
2.957150000000000389e+00 5.495400261849797685e-01 -5.169497338780662532e-02 1.150775025757766024e+00
2.962150000000000283e+00 6.438237889829435678e-01 -2.527261506568051833e-02 1.312920193031567706e+00
2.967150000000000176e+00 7.611865217225207703e-01 -9.163014072169005722e-03 1.531536057517210558e+00
2.972150000000000070e+00 9.050660051526947525e-01 -6.336778474137173475e-03 1.816468788779526999e+00
2.977149999999999963e+00 1.077950587884477951e+00 -1.616286637319796354e-02 2.172064042142153983e+00
2.982149999999999856e+00 1.280835355136326292e+00 -3.550106363325422620e-02 2.597171773905906811e+00
2.987149999999999750e+00 1.512728800656402806e+00 -6.014684161194923384e-02 3.085604442924755109e+00
2.992150000000000087e+00 1.770285571394741631e+00 -8.580910317441027557e-02 3.626380245963893412e+00
2.997149999999999981e+00 2.047637888862956945e+00 -1.085968365640490596e-01 4.203872614289962506e+00
3.002150000000000318e+00 2.336483314753889040e+00 -1.252289398710462187e-01 4.798195569378823855e+00
3.007150000000000212e+00 2.626459765663045065e+00 -1.331214862417017808e-01 5.386041017567792188e+00
3.012150000000000105e+00 2.905802523653316261e+00 -1.304181622271448349e-01 5.942023209533777717e+00
3.017149999999999999e+00 3.162237127831947436e+00 -1.159806171487304388e-01 6.440454872812624743e+00
3.022149999999999892e+00 3.384022865655377910e+00 -8.933911708930879214e-02 6.857384848400064570e+00
3.027149999999999785e+00 3.561031164456003317e+00 -5.060580487007836775e-02 7.172668133782084787e+00
3.032150000000000123e+00 3.685727843577333740e+00 -3.633144040208991453e-04 7.371819001558688633e+00
3.037150000000000016e+00 3.753932118641579052e+00 6.044600643582143801e-02 7.447418230847336673e+00
3.042150000000000354e+00 3.765249399731207536e+00 1.305954986767303150e-01 7.399903300785684479e+00
3.047150000000000247e+00 3.723116496719419910e+00 2.085771734971925417e-01 7.237655819941646307e+00
3.052150000000000141e+00 3.634450577449931163e+00 2.925037595336360541e-01 6.976397395366226384e+00
3.057150000000000034e+00 3.508948455177890224e+00 3.799041989971363442e-01 6.637992711358644549e+00
3.062149999999999928e+00 3.358131079834200339e+00 4.674493720127951280e-01 6.248812787655605661e+00
3.067149999999999821e+00 3.194261134337626373e+00 5.507153417956385244e-01 5.837806926879614444e+00
3.072150000000000158e+00 3.029273818561485587e+00 6.241978198128869115e-01 5.434349817310083708e+00
3.077150000000000052e+00 2.873850545266821932e+00 6.819096691633264040e-01 5.065791421370318126e+00
3.082150000000000389e+00 2.736734871165648286e+00 7.188829186679864813e-01 4.754586823663310646e+00
3.087150000000000283e+00 2.624345680251094493e+00 7.334492216473333936e-01 4.515242138854855369e+00
3.092150000000000176e+00 2.540692923456493446e+00 7.291775278431876783e-01 4.352208319069799991e+00
3.097150000000000070e+00 2.487555228961870313e+00 7.147324764268461195e-01 4.260377981496895394e+00
3.102149999999999963e+00 2.464844390037145949e+00 7.010857985806092652e-01 4.228602981493682300e+00
3.107149999999999856e+00 2.471064391891817813e+00 6.976568014266008033e-01 4.244471982357033824e+00
3.112149999999999750e+00 2.503773942345719927e+00 7.095202856233381317e-01 4.298027599068101168e+00
3.117150000000000087e+00 2.559979364241464328e+00 7.365855779081449395e-01 4.383373150574783494e+00
3.122149999999999981e+00 2.636413999925555807e+00 7.744766902437978384e-01 4.498351309607314441e+00
3.127150000000000318e+00 2.729693878240373017e+00 8.164848194955840466e-01 4.642902936985161766e+00
3.132150000000000212e+00 2.836369881779138513e+00 8.559275749181061155e-01 4.816812188640170689e+00
3.137150000000000105e+00 2.952917851397049542e+00 8.881814015554591046e-01 5.017654301238639647e+00
3.142149999999999999e+00 3.075716288614559701e+00 9.117275325019036369e-01 5.239705044727215544e+00
3.147149999999999892e+00 3.201056018700445538e+00 9.279767871032231774e-01 5.474135250297667454e+00
3.152149999999999785e+00 3.325209894571148794e+00 9.402008380482037575e-01 5.710218951094094386e+00
3.157150000000000123e+00 3.444568235994855954e+00 9.521783750865649987e-01 5.936958096903146576e+00
3.162150000000000016e+00 3.555823205792915331e+00 9.670546807348676666e-01 6.144591730850962996e+00
3.167150000000000354e+00 3.656168401161843384e+00 9.866385146168966669e-01 6.325698287706789991e+00
3.172150000000000247e+00 3.743472634831855661e+00 1.011144324991228638e+00 6.475800944672482906e+00
3.177150000000000141e+00 3.816390736968090280e+00 1.039290436264093787e+00 6.593491037672086108e+00
3.182150000000000034e+00 3.874387975763693870e+00 1.068647794517519234e+00 6.680128157009868950e+00
3.187149999999999928e+00 3.917674714288086779e+00 1.096151546762524687e+00 6.739197881813648650e+00
3.192149999999999821e+00 3.947069055939955273e+00 1.118708439667745580e+00 6.775429672212164967e+00
3.197150000000000158e+00 3.963822120456879983e+00 1.133839378539149845e+00 6.793804862374609677e+00
3.202150000000000052e+00 3.969448940418706329e+00 1.140281928007706558e+00 6.798615952829706544e+00
3.207150000000000389e+00 3.965605562538486062e+00 1.138450898192672422e+00 6.792760226884300145e+00
3.212150000000000283e+00 3.954040171749765964e+00 1.130641689988812315e+00 6.777438653510720279e+00
3.217150000000000176e+00 3.936625830279557370e+00 1.120887766709546041e+00 6.752363893849569365e+00
3.222150000000000070e+00 3.915459458632665424e+00 1.114454692828993565e+00 6.716464224436337282e+00
3.227149999999999963e+00 3.892991402867597373e+00 1.117041097696887642e+00 6.668941708038307326e+00
3.232149999999999856e+00 3.872137179940749796e+00 1.133823469071069345e+00 6.610450890810430025e+00
3.237149999999999750e+00 3.856320913971269526e+00 1.168508574589744109e+00 6.544133253352794277e+00
3.242150000000000087e+00 3.849409304532116494e+00 1.222555333631703212e+00 6.476263275432530442e+00
3.247149999999999981e+00 3.855513908701341030e+00 1.294720160822462329e+00 6.416307656580219287e+00
3.252150000000000318e+00 3.878664233479820922e+00 1.381075418585794967e+00 6.376253048373846433e+00
3.257150000000000212e+00 3.922379687133682236e+00 1.475621846649890712e+00 6.369137527617473538e+00
3.262150000000000105e+00 3.989189934045223040e+00 1.571492064144671241e+00 6.406887803945774174e+00
3.267149999999999999e+00 4.080166828951409030e+00 1.662469382480377567e+00 6.497864275422440272e+00
3.272149999999999892e+00 4.194534832714997385e+00 1.744236721374729848e+00 6.644832944055265145e+00
3.277149999999999785e+00 4.329420556981781409e+00 1.814753780679075224e+00 6.844087333284487151e+00
3.282150000000000123e+00 4.479787464689366061e+00 1.873634833346569550e+00 7.085940096032161684e+00
3.287150000000000016e+00 4.638581482966542602e+00 1.921019010052076315e+00 7.356143955881010221e+00
3.292150000000000354e+00 4.797090487505666800e+00 1.956624576811806238e+00 7.637556398199527585e+00
3.297150000000000247e+00 4.945498232251730464e+00 1.979376996020576485e+00 7.911619468482884443e+00
3.302150000000000141e+00 5.073593712810660961e+00 1.987584613420007917e+00 8.159602812201313782e+00
3.307150000000000034e+00 5.171581870680984849e+00 1.979419817178625918e+00 8.363743924183344447e+00
3.312149999999999928e+00 5.230932017886288143e+00 1.953469639367961586e+00 8.508394396404614923e+00
3.317149999999999821e+00 5.245196859665689715e+00 1.909227394850468551e+00 8.581166324480911101e+00
3.322150000000000158e+00 5.210737449966940993e+00 1.847499554777174868e+00 8.573975345156707562e+00
3.327150000000000052e+00 5.127297209411457501e+00 1.770751519884263381e+00 8.483842898938652510e+00
3.332150000000000389e+00 4.998380073483599695e+00 1.683408647666440050e+00 8.313351499300759784e+00
3.337150000000000283e+00 4.831402219843307755e+00 1.592082915096405094e+00 8.070721524590210194e+00
3.342150000000000176e+00 4.637601669735040844e+00 1.505634494628395048e+00 7.769568844841687749e+00
3.347150000000000070e+00 4.431703506452954855e+00 1.434920672480212600e+00 7.428486340425697776e+00
3.352149999999999963e+00 4.231349234555690231e+00 1.392042433947651370e+00 7.070656035163728426e+00
3.357149999999999856e+00 4.056306657820275774e+00 1.388875599464893362e+00 6.723737716175659074e+00
3.362149999999999750e+00 3.927482518394411759e+00 1.434690406095317394e+00 6.420274630693506346e+00
3.367150000000000087e+00 3.865765978453408636e+00 1.532846322995719435e+00 6.198685633911098058e+00
3.372149999999999981e+00 3.890739280134253519e+00 1.677300963647981868e+00 6.104177596620525392e+00
3.377150000000000318e+00 4.019304667296977662e+00 1.851561530835618141e+00 6.187047803758336961e+00
3.382150000000000212e+00 4.264294677270600964e+00 2.034423517002241777e+00 6.494165837538959707e+00
3.387150000000000105e+00 4.633154944435768918e+00 2.212268975532430293e+00 7.054040913339107099e+00
3.392149999999999999e+00 5.126811058253230691e+00 2.386880397384889552e+00 7.866741719121572274e+00
3.397149999999999892e+00 5.738848067186143709e+00 2.570369400486174349e+00 8.907326733886112180e+00
3.402149999999999785e+00 6.455136090273515315e+00 2.774845422302632425e+00 1.013542675824439598e+01
3.407150000000000123e+00 7.254021779106009760e+00 3.006385164545948729e+00 1.150165839366606946e+01
3.412150000000000016e+00 8.107168861606528054e+00 3.264138582128983224e+00 1.295019914108407200e+01
3.417150000000000354e+00 8.981071351282334803e+00 3.541857182356832556e+00 1.442028552020783749e+01
3.422150000000000247e+00 9.839184797084989498e+00 3.830015361674086183e+00 1.584835423249589326e+01
3.427150000000000141e+00 1.064453376491289305e+01 4.117826433261421393e+00 1.717124109656436559e+01
3.432150000000000034e+00 1.136257109652337505e+01 4.394938897334855099e+00 1.833020329571189677e+01
3.437149999999999928e+00 1.196400164228817609e+01 4.652727503355700733e+00 1.927527578122065322e+01
3.442149999999999821e+00 1.242725416956798412e+01 4.885111454089159366e+00 1.996939688504680532e+01
3.447150000000000158e+00 1.274029976312456647e+01 5.088835496867115893e+00 2.039176402938201704e+01
3.452150000000000052e+00 1.290157614109105388e+01 5.263169375609288103e+00 2.053998290657282055e+01
3.457150000000000389e+00 1.291987954308550357e+01 5.409028107945619723e+00 2.043073097822539097e+01
3.462150000000000283e+00 1.281321582750611832e+01 5.527599407466102122e+00 2.009883224754613096e+01
3.467150000000000176e+00 1.260674068568559569e+01 5.618701423478911217e+00 1.959477994789227751e+01
3.472150000000000070e+00 1.233004322735346037e+01 5.679304653228039790e+00 1.898078180147888006e+01
3.477149999999999963e+00 1.201411671672751069e+01 5.702929854124414888e+00 1.832530357933060827e+01
3.482149999999999856e+00 1.168839935488288617e+01 5.680841530325470679e+00 1.769595717944030255e+01
3.487149999999999750e+00 1.137824952285082425e+01 5.605672961728666692e+00 1.715082608397298358e+01
3.492150000000000087e+00 1.110314655595726130e+01 5.476786095469383220e+00 1.672950701644514027e+01
3.497149999999999981e+00 1.087579220754665421e+01 5.304623275542193817e+00 1.644696113955111372e+01
3.502150000000000318e+00 1.070214913668872647e+01 5.110722309450727252e+00 1.629357596392672747e+01
3.507150000000000212e+00 1.058231443676840833e+01 4.922696469414104214e+00 1.624193240412271422e+01
3.512150000000000105e+00 1.051201128323737244e+01 4.767024932830036477e+00 1.625699763364470840e+01
3.517149999999999999e+00 1.048440838347785409e+01 4.663188926954036972e+00 1.630562784000166943e+01
3.522149999999999892e+00 1.049195529675513860e+01 4.620710257649228048e+00 1.636320033586104827e+01
3.527149999999999785e+00 1.052795251225295914e+01 4.638772762108427372e+00 1.641713226239749446e+01
3.532150000000000123e+00 1.058764970970002217e+01 4.707587948047311954e+00 1.646771147135273239e+01
3.537150000000000016e+00 1.066876778687416838e+01 4.810982717112291418e+00 1.652655285663604445e+01
3.542150000000000354e+00 1.077144990155396620e+01 4.930047273717886647e+00 1.661285252939004664e+01
3.547150000000000247e+00 1.089774378579613057e+01 5.047621331776436016e+00 1.674786623981582778e+01
3.552150000000000141e+00 1.105078556055648953e+01 5.152822606961736440e+00 1.694874851415124439e+01
3.557150000000000034e+00 1.123388445580868655e+01 5.244154635818640386e+00 1.722361427579873450e+01
3.562149999999999928e+00 1.144969650603828626e+01 5.329804044240423089e+00 1.756958896783614676e+01
3.567149999999999821e+00 1.169962950383794720e+01 5.424914284110951002e+00 1.797434472356494339e+01
3.572150000000000158e+00 1.198355336241789537e+01 5.547072327663885360e+00 1.842003439717190361e+01
3.577150000000000052e+00 1.229981496131809315e+01 5.711786949270797997e+00 1.888784297336538742e+01
3.582150000000000389e+00 1.264549006760550576e+01 5.929203590344302555e+00 1.936177654486670718e+01
3.587150000000000283e+00 1.301675978489872954e+01 6.202428089197803196e+00 1.983109148059965676e+01
3.592150000000000176e+00 1.340928293815937167e+01 6.527249572437333391e+00 2.029131630388140906e+01
3.597150000000000070e+00 1.381845044965879232e+01 6.892878447712944556e+00 2.074402245160463920e+01
3.602149999999999963e+00 1.423944852161368679e+01 7.283389838755858214e+00 2.119550720447151448e+01
3.607149999999999856e+00 1.466711461424718443e+01 7.679701652353235986e+00 2.165452757614113466e+01
3.612149999999999750e+00 1.509563090112305872e+01 8.061979244919136534e+00 2.212928255732698091e+01
3.617150000000000087e+00 1.551815050503288163e+01 8.412262651510982181e+00 2.262403835855478107e+01
3.622149999999999981e+00 1.592648076307270522e+01 8.716887062594127045e+00 2.313607446355128516e+01
3.627150000000000318e+00 1.631094785088045640e+01 8.968094760703548829e+00 2.365380094105736219e+01
3.632150000000000212e+00 1.666053724385010426e+01 9.164342104056890648e+00 2.415673238364331610e+01
3.637150000000000105e+00 1.696335030716094749e+01 9.309218693035191450e+00 2.461748192128670354e+01
3.642149999999999999e+00 1.720735019181706349e+01 9.409370349459107885e+00 2.500533003417501732e+01
3.647149999999999892e+00 1.738130511846499004e+01 9.472061643949023946e+00 2.529054859298096147e+01
3.652149999999999785e+00 1.747578924906928322e+01 9.502960806125772208e+00 2.544861769201279600e+01
3.657150000000000123e+00 1.748408248809919030e+01 9.504527958701066481e+00 2.546363701749731234e+01
3.662150000000000016e+00 1.740282606926435705e+01 9.475205439674390107e+00 2.533044669885432754e+01
3.667150000000000354e+00 1.723233790122139553e+01 9.409512894549161288e+00 2.505516290789363154e+01
3.672150000000000247e+00 1.697655979472944310e+01 9.299109019718590829e+00 2.465401056974029714e+01
3.677150000000000141e+00 1.664268185819397061e+01 9.134816167472218140e+00 2.415054754891572131e+01
3.682150000000000034e+00 1.624054995265764134e+01 8.909426863300687671e+00 2.357167304201459501e+01
3.687149999999999928e+00 1.578199544717522329e+01 8.620790194471409151e+00 2.294320069987903921e+01
3.692149999999999821e+00 1.528022461644574115e+01 8.274322213681619687e+00 2.228612701920986083e+01
3.697150000000000158e+00 1.474936872849349712e+01 7.883974245542530568e+00 2.161476321144446189e+01
3.702150000000000052e+00 1.420423476047962019e+01 7.471069207948004554e+00 2.093740031301123494e+01
3.707150000000000389e+00 1.366022668240427151e+01 7.061165777206838357e+00 2.025928758760170822e+01
3.712150000000000283e+00 1.313334663353525933e+01 6.679753343886749128e+00 1.958693992318376687e+01
3.717150000000000176e+00 1.264015012752551925e+01 6.347726460017152128e+00 1.893257379503388904e+01
3.722150000000000070e+00 1.219752949928256669e+01 6.077326865549969703e+00 1.831773213301516279e+01
3.727149999999999963e+00 1.182223638166227531e+01 5.869026157874886351e+00 1.777544660544966604e+01
3.732149999999999856e+00 1.153011938536893766e+01 5.710073385808855484e+00 1.735016538492902072e+01
3.737149999999999750e+00 1.133513251054240989e+01 5.576158069396161210e+00 1.709410695168865857e+01
3.742150000000000087e+00 1.124824449985560904e+01 5.437922180101631753e+00 1.705856681960958454e+01
3.747149999999999981e+00 1.127643103385217316e+01 5.271995732181275152e+00 1.728086633552307205e+01
3.752150000000000318e+00 1.142194639619566310e+01 5.071672098531594841e+00 1.777222069385972958e+01
3.757150000000000212e+00 1.168204248182087390e+01 4.850415764803731378e+00 1.851366919883801643e+01
3.762150000000000105e+00 1.204923337074089318e+01 4.636536587802651432e+00 1.946193015367913404e+01
3.767149999999999999e+00 1.251210473744908391e+01 4.463772598195449248e+00 2.056043687670271680e+01
3.772149999999999892e+00 1.305655786838668320e+01 4.362827764117845675e+00 2.175028797265552072e+01
3.777149999999999785e+00 1.366728061101425595e+01 4.355354503203015426e+00 2.297920671882549470e+01
3.782150000000000123e+00 1.432917428047490027e+01 4.449559599645084518e+00 2.420878896130471603e+01
3.787150000000000016e+00 1.502845339473842401e+01 4.636548699339043011e+00 2.542035809013780678e+01
3.792150000000000354e+00 1.575318190975211508e+01 4.887566044690731637e+00 2.661879777481349763e+01
3.797150000000000247e+00 1.649311140054064495e+01 5.153592027685490073e+00 2.783263077339579894e+01
3.802150000000000141e+00 1.723882719384816298e+01 5.369709366048392774e+00 2.910794502164793229e+01
3.807150000000000034e+00 1.798036161218549012e+01 5.466111454920818957e+00 3.049461176945016305e+01
3.812149999999999928e+00 1.870556773870132972e+01 5.384447579445934551e+00 3.202668789795672666e+01
3.817150000000000265e+00 1.939863207751495722e+01 5.093599804958178545e+00 3.370366435007173322e+01
3.822150000000000158e+00 2.003911776596491734e+01 4.597544876240741374e+00 3.548069065568909508e+01
3.827150000000000052e+00 2.060186287030346364e+01 3.932411646913369641e+00 3.727131409369356163e+01
3.832149999999999945e+00 2.105791874507304939e+01 3.156068683321867407e+00 3.895976880682422916e+01
3.837150000000000283e+00 2.137652552166854392e+01 2.335844704097726154e+00 4.041720633923936390e+01
3.842150000000000176e+00 2.152792125269279211e+01 1.538146620038189472e+00 4.151769588534740052e+01
3.847150000000000070e+00 2.148660812819407795e+01 8.211375456238826365e-01 4.215207871076427182e+01
3.852149999999999963e+00 2.123458918496782388e+01 2.302106073510632456e-01 4.223896776258458630e+01
3.857149999999999856e+00 2.076406543628831614e+01 -2.043495080230673111e-01 4.173248038059970355e+01
3.862150000000000194e+00 2.007915218942500957e+01 -4.680270981418833132e-01 4.062633147699190062e+01
3.867150000000000087e+00 1.919632150372705581e+01 -5.614218336469306569e-01 3.895406484110103662e+01
3.872149999999999981e+00 1.814347647850915379e+01 -4.985713029474027613e-01 3.678552425996571174e+01
3.877149999999999874e+00 1.695777426352639594e+01 -3.045327782676313100e-01 3.422008130532042003e+01
3.882150000000000212e+00 1.568249935531741457e+01 -1.252485745256744221e-02 3.137752356808739762e+01
3.887150000000000105e+00 1.436341514195590641e+01 3.390702202658616993e-01 2.838776006364594906e+01
3.892149999999999999e+00 1.304507138513531928e+01 7.095961958863512553e-01 2.538054657438429018e+01
3.897149999999999892e+00 1.176751601488813570e+01 1.058795726653848579e+00 2.247623630312242327e+01
3.902150000000000230e+00 1.056376389624734280e+01 1.349406188329180800e+00 1.977812160416550213e+01
3.907150000000000123e+00 9.458236585276281971e+00 1.550147602804762270e+00 1.736632556774780056e+01
3.912150000000000016e+00 8.466233833771033446e+00 1.639749520252226755e+00 1.529271814728984147e+01
3.917149999999999910e+00 7.594356621792965001e+00 1.612034872046758327e+00 1.357667837153917212e+01
3.922150000000000247e+00 6.841693240418797117e+00 1.479994298650094908e+00 1.220339218218749977e+01
3.927150000000000141e+00 6.201515558020585850e+00 1.274659792926917667e+00 1.112837132311425314e+01
3.932150000000000034e+00 5.663213550737406621e+00 1.036566541310603107e+00 1.028986056016421102e+01
3.937149999999999928e+00 5.214216007986868462e+00 8.038656934446709590e-01 9.624566322529066298e+00
3.942150000000000265e+00 4.841692732440295188e+00 6.040314926177789978e-01 9.079353972262811823e+00
3.947150000000000158e+00 4.533895784984407484e+00 4.520026356671194567e-01 8.615788934301694013e+00
3.952150000000000052e+00 4.281063010635704380e+00 3.526449469132030279e-01 8.209481074358205177e+00
3.957149999999999945e+00 4.075867945263948577e+00 3.042351597947375863e-01 7.847500730733159457e+00
3.962150000000000283e+00 3.913451469392628557e+00 3.009465346283607401e-01 7.525956404156897150e+00
3.967150000000000176e+00 3.791110304895892735e+00 3.338276696262002519e-01 7.248392940165586218e+00
3.972150000000000070e+00 3.707745295601287516e+00 3.907874226948682139e-01 7.024703168507707041e+00
3.977149999999999963e+00 3.663188369835615354e+00 4.567157838240835099e-01 6.869660955847146866e+00
3.982150000000000301e+00 3.657530723906679437e+00 5.150931107047419522e-01 6.799968337108616367e+00
3.987150000000000194e+00 3.690565207013123850e+00 5.518476480778375937e-01 6.829282765948409661e+00
3.992150000000000087e+00 3.761432462193690096e+00 5.604147637031136053e-01 6.962450160684266365e+00
3.997149999999999981e+00 3.868523709967255364e+00 5.450579925316555441e-01 7.191989427402855739e+00
4.002150000000000318e+00 4.009646096986948294e+00 5.200846557897762512e-01 7.499207538184121447e+00
4.007150000000000212e+00 4.182405043267274358e+00 5.056150956312959188e-01 7.859194990903253242e+00
4.012150000000000105e+00 4.384710256841225728e+00 5.224908496306389649e-01 8.246929664051810605e+00
4.017149999999999999e+00 4.615277481413966321e+00 5.881339075409454109e-01 8.642421055286988008e+00
4.022149999999999892e+00 4.873985215147177641e+00 7.136352805345961281e-01 9.034335149759758821e+00
4.027150000000000674e+00 5.161960114784204023e+00 9.017058713103401901e-01 9.422214358258068856e+00
4.032149999999999679e+00 5.481307118748230067e+00 1.145352086431244087e+00 9.817262151065216713e+00
4.037150000000000460e+00 5.834465092169623723e+00 1.427736922228367344e+00 1.024119326211087966e+01
4.042149999999999466e+00 6.223245098001010334e+00 1.724214166798770487e+00 1.072227602920325040e+01
4.047150000000000247e+00 6.647681622002392210e+00 2.007341931573718430e+00 1.128802131243106643e+01
4.052150000000000141e+00 7.104881872081066696e+00 2.254094871496317154e+00 1.195566887266581624e+01
4.057150000000000034e+00 7.588081955723953165e+00 2.452138601881566959e+00 1.272402530956633981e+01
4.062149999999999928e+00 8.086104370891597171e+00 2.601604541311495211e+00 1.357060420047169735e+01
4.067149999999999821e+00 8.583359522803085895e+00 2.711721524653852633e+00 1.445499752095232182e+01
4.072150000000000603e+00 9.060453430754078497e+00 2.794968020330464320e+00 1.532593884117769534e+01
4.077149999999999608e+00 9.495369128549331350e+00 2.861875049909845536e+00 1.612886320718881805e+01
4.082150000000000389e+00 9.865098245235653707e+00 2.917974597745058407e+00 1.681222189272624945e+01
4.087150000000000283e+00 1.014752879951957709e+01 2.962901681094410655e+00 1.733215591794474264e+01
4.092150000000000176e+00 1.032335778220506128e+01 2.991090590110461189e+00 1.765562497429966271e+01
4.097150000000000070e+00 1.037779805653896226e+01 2.993487227594734623e+00 1.776210888548319033e+01
4.102149999999999963e+00 1.030188609310242143e+01 2.959809742420345113e+00 1.764396244378449552e+01
4.107150000000000745e+00 1.009326093811221625e+01 2.880963084229198223e+00 1.730555879199523162e+01
4.112149999999999750e+00 9.756362219660035251e+00 2.751239121614847960e+00 1.676148531770521899e+01
4.117150000000000531e+00 9.302071549074232948e+00 2.569953829667932954e+00 1.603418926848053516e+01
4.122149999999999537e+00 8.746885061993449284e+00 2.342234442470064515e+00 1.515153568151683494e+01
4.127150000000000318e+00 8.111746980069012736e+00 2.078802231563131819e+00 1.414469172857489276e+01
4.132150000000000212e+00 7.420691953637240879e+00 1.794790978818882721e+00 1.304659292845559904e+01
4.137150000000000105e+00 6.699439207393131035e+00 1.507838357593003886e+00 1.189104005719325841e+01
4.142149999999999999e+00 5.974059094315884444e+00 1.235797887408687012e+00 1.071232030122308032e+01
4.147149999999999892e+00 5.269799117046463088e+00 9.943644241725866362e-01 9.545233809920340207e+00
4.152150000000000674e+00 4.610118461566432124e+00 7.946539605176307086e-01 8.425582962615234095e+00
4.157149999999999679e+00 4.015943406641519609e+00 6.403622747253515657e-01 7.391524538557688651e+00
4.162150000000000460e+00 3.505125177503590539e+00 5.237498782893762472e-01 6.486500476717804275e+00
4.167149999999999466e+00 3.092060220253133540e+00 4.202705352569651720e-01 5.763849905249300853e+00
4.172150000000000247e+00 2.787422676052567105e+00 2.858492314238432197e-01 5.288996120681291657e+00
4.177150000000000141e+00 2.597961055827517463e+00 6.912909506660586123e-02 5.126793016588429452e+00
4.182150000000000034e+00 2.526325329574231837e+00 -2.572378718012848231e-01 5.309888530949748109e+00
4.187149999999999928e+00 2.570914565016714892e+00 -6.800771404526536612e-01 5.821906270486083557e+00
4.192149999999999821e+00 2.725764489125818368e+00 -1.165449428126213549e+00 6.616978406377850952e+00
4.197150000000000603e+00 2.980522631973880010e+00 -1.681511229538143803e+00 7.642556493485904490e+00
4.202149999999999608e+00 3.320578781030015136e+00 -2.204270910259548355e+00 8.845428472319579072e+00
4.207150000000000389e+00 3.727423582779228362e+00 -2.714593566160585780e+00 1.016944073171904073e+01
4.212150000000000283e+00 4.179293891064260968e+00 -3.194712372562864555e+00 1.155330015469138516e+01
4.217150000000000176e+00 4.652129484111468649e+00 -3.626511027373536145e+00 1.293076999559647433e+01
4.222150000000000070e+00 5.120816521481851069e+00 -3.991485394559135980e+00 1.423311843752283679e+01
4.227149999999999963e+00 5.560637581368562010e+00 -4.271855816685412144e+00 1.539313097942253528e+01
4.232150000000000745e+00 5.948798173903260711e+00 -4.452319474076608330e+00 1.634991582188312975e+01
4.237149999999999750e+00 6.265867317613114551e+00 -4.521997694122182665e+00 1.705373232934840999e+01
4.242150000000000531e+00 6.496964255129132226e+00 -4.476190096326286394e+00 1.747011860658454907e+01
4.247149999999999537e+00 6.632548335760784397e+00 -4.317609114421216532e+00 1.758270578594278533e+01
4.252150000000000318e+00 6.668721330955516002e+00 -4.056848858460965879e+00 1.739429152037200055e+01
4.257150000000000212e+00 6.607021358718919046e+00 -3.711944720866565461e+00 1.692598743830440355e+01
4.262150000000000105e+00 6.453761256605568875e+00 -3.306998342465026219e+00 1.621452085567616308e+01
4.267149999999999999e+00 6.219026781397520409e+00 -2.869965474189351440e+00 1.530801903698439048e+01
4.272149999999999892e+00 5.915489228074408246e+00 -2.429821678461704160e+00 1.426080013461052154e+01
4.277150000000000674e+00 5.557196353983974824e+00 -2.013427892881011427e+00 1.312782060084896152e+01
4.282149999999999679e+00 5.158485269632083536e+00 -1.642514445617364593e+00 1.195948498488153255e+01
4.287150000000000460e+00 4.733118144927423998e+00 -1.331280352819989021e+00 1.079751664267483591e+01
4.292149999999999466e+00 4.293687496415103944e+00 -1.085125017188106611e+00 9.672500010018316274e+00
4.297150000000000247e+00 3.851285052255637442e+00 -9.009080055804712384e-01 8.603478110091748121e+00
4.302150000000000141e+00 3.415387416404580545e+00 -7.687924032989007506e-01 7.599567236108062396e+00
4.307150000000000034e+00 2.993889388040566146e+00 -6.752226276937661753e-01 6.663001403774899245e+00
4.312149999999999928e+00 2.593213011120233169e+00 -6.061702699578983555e-01 5.792596292198364694e+00
4.317149999999999821e+00 2.218433666175246177e+00 -5.497377574938795419e-01 4.986605089844371896e+00
4.322150000000000603e+00 1.873387118735514667e+00 -4.975781063543265326e-01 4.244352343825355867e+00
4.327149999999999608e+00 1.560745853454738485e+00 -4.451111486459445876e-01 3.566602855555421669e+00
4.332150000000000389e+00 1.282072845103700232e+00 -3.908892190590321780e-01 2.955034909266432752e+00
4.337150000000000283e+00 1.037872265360783697e+00 -3.355735951213587587e-01 2.411318125842925930e+00
4.342150000000000176e+00 8.276585949427566202e-01 -2.808973384289829012e-01 1.936214528314496253e+00
4.347150000000000070e+00 6.500598709403951903e-01 -2.288345985157578533e-01 1.528954340396548206e+00
4.352149999999999963e+00 5.029605985544560731e-01 -1.810567135783214820e-01 1.186977910687233573e+00
4.357150000000000745e+00 3.836788497870769477e-01 -1.386642430468694176e-01 9.060219426210233129e-01
4.362149999999999750e+00 2.891633094390086423e-01 -1.021418393560299259e-01 6.804684582340472243e-01
4.367150000000000531e+00 2.161913409623047455e-01 -7.147951569285687645e-02 5.038621976174663120e-01
4.372149999999999537e+00 1.615489841392001580e-01 -4.643095354259577784e-02 3.695289218209961146e-01
4.377150000000000318e+00 1.221774642550054052e-01 -2.692873540711297406e-02 2.712836639171237740e-01
4.382150000000000212e+00 9.527688517059552942e-02 -1.367656840850485500e-02 2.042303387496959000e-01
4.387150000000000105e+00 7.836468291654309637e-02 -8.451167513836345749e-03 1.651805333469225368e-01
4.392149999999999999e+00 6.929271178887168314e-02 -1.230929059001743993e-02 1.508947141677607906e-01
4.397149999999999892e+00 6.623153597352919586e-02 -2.268444373401642261e-02 1.551475156810747935e-01
4.402150000000000674e+00 6.763312978360982997e-02 -3.547315635789719673e-02 1.707394159251168497e-01
4.407149999999999679e+00 7.218372672086477426e-02 -4.825964281350508811e-02 1.926270962552346089e-01
4.412150000000000460e+00 7.875731140177544276e-02 -6.017465818775650371e-02 2.176892809913073823e-01
4.417149999999999466e+00 8.637772161770095047e-02 -7.094941445732784457e-02 2.437048576927297316e-01
4.422150000000000247e+00 9.419409719104081258e-02 -8.043393381519461927e-02 2.688221281972762444e-01
4.427150000000000141e+00 1.014710420346580239e-01 -8.844986808232545294e-02 2.913919521516414868e-01
4.432150000000000034e+00 1.075918498057634176e-01 -9.478021166431550848e-02 3.099639112758423298e-01
4.437149999999999928e+00 1.120708661668570888e-01 -9.920333810436339494e-02 3.233450704380775864e-01
4.442149999999999821e+00 1.145697676605308968e-01 -1.015343108108575365e-01 3.306738461319193023e-01
4.447150000000000603e+00 1.149123146012924757e-01 -1.016585715803245832e-01 3.314832007829095484e-01
4.452149999999999608e+00 1.130929013944055733e-01 -9.955195821138743129e-02 3.257377610001985779e-01
4.457150000000000389e+00 1.092757452379497229e-01 -9.528540096620029265e-02 3.138368914420997524e-01
4.462150000000000283e+00 1.037834694866876378e-01 -8.901601557731167458e-02 2.965829545506869502e-01
4.467150000000000176e+00 9.707574396646201365e-02 -8.097018402724602548e-02 2.751216719601700667e-01
4.472150000000000070e+00 8.972015950040514165e-02 -7.143001240060210810e-02 2.508703314014124053e-01
4.477149999999999963e+00 8.235835953343394189e-02 -6.074474218643660661e-02 2.254614612533044904e-01
4.482150000000000745e+00 7.567051237825279941e-02 -4.940714833856561100e-02 2.007481730950711751e-01
4.487149999999999750e+00 7.034055556822658983e-02 -3.826044034413943196e-02 1.789415514805925977e-01
4.492150000000000531e+00 6.702352294389153642e-02 -2.888030699487417752e-02 1.629273528826572226e-01
4.497149999999999537e+00 6.631503459117707444e-02 -2.385538239567607313e-02 1.564854515780302324e-01
4.502150000000000318e+00 6.872207932259048746e-02 -2.591689303947225173e-02 1.633610516846532301e-01
4.507150000000000212e+00 7.463387402845138296e-02 -3.582872202488775193e-02 1.850964700817905317e-01
4.512150000000000105e+00 8.429201915089691577e-02 -5.212251319489629581e-02 2.207065514966901065e-01
4.517149999999999999e+00 9.776035500811723622e-02 -7.292214708476169038e-02 2.684428571009961351e-01
4.522149999999999892e+00 1.148966138661112607e-01 -9.691115676022822589e-02 3.267043844924507057e-01
4.527150000000000674e+00 1.353297345965123188e-01 -1.232275036864678985e-01 3.938869728794925362e-01
4.532149999999999679e+00 1.584480457859643310e-01 -1.511573728393624527e-01 4.680534644112911424e-01
4.537150000000000460e+00 1.834039399711139551e-01 -1.799318977442022627e-01 5.467397776864302283e-01
4.542149999999999466e+00 2.091398177993648577e-01 -2.086381649122221182e-01 6.269178005109518059e-01
4.547150000000000247e+00 2.344378936015680814e-01 -2.362114809821516948e-01 7.050872681852878854e-01
4.552150000000000141e+00 2.579931519528051442e-01 -2.614825004579807710e-01 7.774688043635911150e-01
4.557150000000000034e+00 2.785048552166002334e-01 -2.832599383460329689e-01 8.402696487792334912e-01
4.562149999999999928e+00 2.947782612484621256e-01 -3.004324016590049773e-01 8.899889241559292286e-01
4.567149999999999821e+00 3.058254140645775832e-01 -3.120735826771369181e-01 9.237244108062919734e-01
4.572150000000000603e+00 3.109526930446803727e-01 -3.175357728117987333e-01 9.394411589011595343e-01
4.577149999999999608e+00 3.098236349716713134e-01 -3.165185801158775791e-01 9.361658500592201504e-01
4.582150000000000389e+00 3.024883677157874096e-01 -3.091032575578672170e-01 9.140799929894420917e-01
4.587150000000000283e+00 2.893753879169371768e-01 -2.957479299267981587e-01 8.744987057606724568e-01
4.592150000000000176e+00 2.712466142669242575e-01 -2.772445593570009303e-01 8.197377878908495008e-01
4.597150000000000070e+00 2.491217153277403562e-01 -2.546438062534690516e-01 7.528872369089497640e-01
4.602149999999999963e+00 2.241817392040884871e-01 -2.291581295046395406e-01 6.775216079128165703e-01
4.607150000000000745e+00 1.976643809754497216e-01 -2.020558548527231768e-01 5.973846168036226478e-01
4.612149999999999750e+00 1.707634954626468249e-01 -1.745592165458898504e-01 5.160862074711835001e-01
4.617150000000000531e+00 1.445437916882748586e-01 -1.477576537862988204e-01 4.368452371628485098e-01
4.622149999999999537e+00 1.198784871200319624e-01 -1.225443945828206954e-01 3.623013688228846618e-01
4.627150000000000318e+00 9.741374511128871039e-02 -9.958029664331036201e-02 2.944077868658878105e-01
4.632150000000000212e+00 7.755972652556576696e-02 -7.928481609968911215e-02 2.344042691508206322e-01
4.637150000000000105e+00 6.050472067897415263e-02 -6.185052021943881345e-02 1.828599615773870979e-01
4.642149999999999999e+00 4.624653159851661866e-02 -4.727520992534833127e-02 1.397682731223815478e-01
4.647149999999999892e+00 3.463426386407390117e-02 -3.540465608705602868e-02 1.046731838152038380e-01
4.652150000000000674e+00 2.541380110952523239e-02 -2.597910088439320253e-02 7.680670310344366036e-02
4.657149999999999679e+00 1.827132966839481107e-02 -1.867775546545548740e-02 5.522041480224510607e-02
4.662150000000000460e+00 1.287085910319053436e-02 -1.315715807506338125e-02 3.889887628144444998e-02
4.667149999999999466e+00 8.883452221184253220e-03 -9.081055750669262197e-03 2.684796019303777037e-02
4.672150000000000247e+00 6.007487223668058623e-03 -6.141117904564178526e-03 1.815609235190029577e-02
4.677150000000000141e+00 3.980528977568030535e-03 -4.069072001764362928e-03 1.203012995690042400e-02
4.682150000000000034e+00 2.584196727599076017e-03 -2.641679707427283495e-03 7.810073162625436397e-03
4.687149999999999928e+00 1.643793286703108467e-03 -1.680357900108223144e-03 4.967944473514440511e-03
4.692149999999999821e+00 1.024485179990724040e-03 -1.047273877974883591e-03 3.096244237956331889e-03
4.697150000000000603e+00 6.256061448233800814e-04 -6.395221591479325783e-04 1.890734448794692633e-03
4.702149999999999608e+00 3.743115073125221791e-04 -3.826377114998418612e-04 1.131260726124886382e-03
4.707150000000000389e+00 2.194331304921748435e-04 -2.243142123098365213e-04 6.631804732941862625e-04
4.712150000000000283e+00 1.260399048136336760e-04 -1.288435429642635697e-04 3.809233525915309759e-04
4.717150000000000176e+00 7.093340071565693863e-05 -7.251124695661437594e-05 2.143780483879282532e-04
4.722150000000000070e+00 3.911382998721096822e-05 -3.998388005233720403e-05 1.182115400267591337e-04
4.727149999999999963e+00 2.113229931247326794e-05 -2.160236727696372903e-05 6.386696590191026830e-05
4.732150000000000745e+00 1.118664896427483331e-05 -1.143548536580509824e-05 3.380878329435476487e-05
4.737149999999999750e+00 5.802165526731860816e-06 -5.931229198686418026e-06 1.753556025215014051e-05
4.742150000000000531e+00 2.948608179199799981e-06 -3.014197173039094058e-06 8.911413531438694443e-06
4.747149999999999537e+00 1.468185277271349797e-06 -1.500843667022426890e-06 4.437214221565126273e-06
4.752150000000000318e+00 7.162778326837334416e-07 -7.322107540914101004e-07 2.164766419458876984e-06
4.757150000000000212e+00 3.423883698696086487e-07 -3.500044745985005773e-07 1.034781214337717822e-06
4.762150000000000105e+00 1.603590021098276361e-07 -1.639260361035421874e-07 4.846440403231974595e-07
4.767149999999999999e+00 7.358758205582969121e-08 -7.522446806326302745e-08 2.223996321749223834e-07
4.772149999999999892e+00 3.308663255979472330e-08 -3.382261333750959212e-08 9.999587845709903872e-08
4.777150000000000674e+00 1.457596950846242443e-08 -1.490019813328705780e-08 4.405213715021190006e-08
4.782149999999999679e+00 6.291572146675759105e-09 -6.431522205156307291e-09 1.901466649850782550e-08
4.787150000000000460e+00 2.660833859643217183e-09 -2.720021586587253520e-09 8.041689305873689127e-09
4.792149999999999466e+00 1.102587800600681951e-09 -1.127113821057571823e-09 3.332289422258935726e-09
4.797150000000000247e+00 4.476570772684893539e-10 -4.576147846082566193e-10 1.352928939145235430e-09
4.802150000000000141e+00 1.780797650923867498e-10 -1.820409806611131922e-10 5.382005108458866401e-10
4.807150000000000034e+00 6.940975966339116664e-11 -7.095371397205501776e-11 2.097732332988373381e-10
4.812149999999999928e+00 2.650716945526386734e-11 -2.709679631306361262e-11 8.011113522359135054e-11
4.817149999999999821e+00 9.918431895187659553e-12 -1.013905801079504210e-11 2.997592180117036444e-11
4.822150000000000603e+00 3.636298476858012136e-12 -3.717184489547943177e-12 1.098978144326396826e-11
4.827149999999999608e+00 1.306209625568104788e-12 -1.335265020503861578e-12 3.947684271640070749e-12
4.832150000000000389e+00 4.597302519252544382e-13 -4.699565155908483629e-13 1.389417019441357037e-12
4.837150000000000283e+00 1.585368165466414714e-13 -1.620633177501667305e-13 4.791369508434496481e-13
4.842150000000000176e+00 5.356659375340641685e-14 -5.475813185449222707e-14 1.618913193613050608e-13
4.847150000000000070e+00 1.773351292806688133e-14 -1.812797811316261942e-14 5.359500396929638208e-14
4.852149999999999963e+00 5.752178681244802552e-15 -5.880130443391749547e-15 1.738448780588135623e-14
4.857150000000000745e+00 1.828128872715933508e-15 -1.868793866565680476e-15 5.525051611997547098e-15
4.862149999999999750e+00 5.692697341515319042e-16 -5.819325997643588628e-16 1.720472068067422671e-15
4.867150000000000531e+00 1.736865660772981532e-16 -1.775500590983483886e-16 5.249231912529447935e-16
4.872149999999999537e+00 5.192197580034571221e-17 -5.307693093403523865e-17 1.569208825347266754e-16
4.877150000000000318e+00 1.520803275570526709e-17 -1.554632102832527338e-17 4.596238653973580449e-17
4.882150000000000212e+00 4.364472037721456443e-18 -4.461555581021023511e-18 1.319049965646393871e-17
4.887150000000000105e+00 1.227233604767585221e-18 -1.254532252983770461e-18 3.708999462518940710e-18
4.892149999999999999e+00 3.381112408848196131e-19 -3.456322049351823380e-19 1.021854686704821468e-18
4.897149999999999892e+00 9.127016332265017040e-20 -9.330038158875489042e-20 2.758407082340552433e-19
4.902150000000000674e+00 2.413986811458832264e-20 -2.467683659808248867e-20 7.295657282725912792e-20
4.907149999999999679e+00 6.255727257589583327e-21 -6.394879980492424250e-21 1.890633449567159166e-20
4.912150000000000460e+00 1.588391541603270075e-21 -1.623723805774755866e-21 4.800506888981296203e-21
4.917149999999999466e+00 3.951610884667692312e-22 -4.039510722977736441e-22 1.194273249231312060e-21
4.922150000000000247e+00 9.632247375796974745e-23 -9.846507588051243394e-23 2.911100233964519641e-22
4.927150000000000141e+00 2.300477179904168706e-23 -2.351649114097923541e-23 6.952603473906260660e-23
4.932150000000000034e+00 5.383256565760301461e-24 -5.503002005157643223e-24 1.626951513667824541e-23
4.937149999999999928e+00 1.234266879695244864e-24 -1.261721976445181527e-24 3.730255735835671439e-24
4.942149999999999821e+00 2.772744925410464717e-25 -2.834422007929958568e-25 8.379911858750888002e-25
4.947150000000000603e+00 6.103059588191422057e-26 -6.238816363505477171e-26 1.844493553988831899e-25
4.952149999999999608e+00 1.316200794856911660e-26 -1.345478433882636445e-26 3.977880023596459765e-26
4.957150000000000389e+00 2.781208413425958307e-27 -2.843073758213638295e-27 8.405490585065553834e-27
4.962150000000000283e+00 5.758134003413871966e-28 -5.886218236057214485e-28 1.740248624288496021e-27
4.967150000000000176e+00 1.168064561761453919e-28 -1.194047050703591739e-28 3.530176174226499802e-28
4.972150000000000070e+00 2.321607379954706790e-29 -2.373249335418831829e-29 7.016464095328245128e-29
4.977149999999999963e+00 4.521135785725847591e-30 -4.621704165594745468e-30 1.366397573704643925e-29
4.982150000000000745e+00 8.626669758613280871e-31 -8.818561849982570597e-31 2.607190136720913234e-30
4.987149999999999750e+00 1.612781906587896624e-31 -1.648656711308303436e-31 4.874220524484097122e-31
4.992150000000000531e+00 2.954234458341044470e-32 -3.019948603482638312e-32 8.928417520164727251e-32
4.997149999999999537e+00 5.302139180156998806e-33 -5.420080240204565458e-33 1.602435860051856307e-32
5.002150000000000318e+00 9.323825464410088064e-34 -9.531225123605511427e-34 2.817887605242568584e-33
5.007150000000000212e+00 1.606475083729981622e-34 -1.642209599154273126e-34 4.855159766614236584e-34
5.012150000000000105e+00 2.712006338489633801e-35 -2.772332348718538062e-35 8.196345025697805128e-35
5.017149999999999999e+00 4.485844901012959784e-36 -4.585628268604397341e-36 1.355731807063031758e-35
5.022149999999999892e+00 7.270004077765537268e-37 -7.431718427077756152e-37 2.197172658260883152e-36
5.027150000000000674e+00 1.154414844137763486e-37 -1.180093708050232842e-37 3.488923396325760024e-37
5.032149999999999679e+00 1.796081327747597875e-38 -1.836033454338130529e-38 5.428196109833325497e-38
5.037150000000000460e+00 2.737959001099950872e-39 -2.798862303707527146e-39 8.274780305907428564e-39
5.042149999999999466e+00 4.089448380290971164e-40 -4.180414283031993913e-40 1.235931104361393624e-39
5.047150000000000247e+00 5.984658423239180161e-41 -6.117781476873986078e-41 1.808709832335234640e-40
5.052150000000000141e+00 8.581255887323490929e-42 -8.772137790174622852e-42 2.593464956482160216e-41
5.057150000000000034e+00 1.205588743816457202e-42 -1.232405922618433766e-42 3.643583410251347851e-42
5.062149999999999928e+00 1.659527156873033223e-43 -1.696441765375169374e-43 5.015496079121236219e-43
5.067149999999999821e+00 2.238238646659104149e-44 -2.288026143678101555e-44 6.764503436996310351e-44
5.072150000000000603e+00 2.957775887077471425e-45 -3.023568807944352882e-45 8.939120582099296354e-45
5.077149999999999608e+00 3.829666759469820792e-46 -3.914854066308450886e-46 1.157418758524809091e-45
5.082150000000000389e+00 4.858403194903291379e-47 -4.966473768586089560e-47 1.468328015839267135e-46
5.087150000000000283e+00 6.038971353368290862e-48 -6.173302546649513728e-48 1.825124525338609667e-47
5.092150000000000176e+00 7.354772314015869173e-49 -7.518372252389805084e-49 2.222791688042154039e-48
5.097150000000000070e+00 8.776317836923920280e-50 -8.971538707940566226e-50 2.652417438178840679e-49
5.102149999999999963e+00 1.026106173806013708e-50 -1.048930932973597179e-50 3.101143280585624833e-50
5.107150000000000745e+00 1.175463385015954952e-51 -1.201610453767883251e-51 3.552537223799792709e-51
5.112149999999999750e+00 1.319358313490507623e-52 -1.348706188525164273e-52 3.987422815506179334e-52
5.117150000000000531e+00 1.450952708715398004e-53 -1.483227776330608519e-53 4.385133193761404759e-53
5.122149999999999537e+00 1.563437787854515669e-54 -1.598214979428066207e-54 4.725090555137096966e-54
5.127150000000000318e+00 1.650611242310811885e-55 -1.687327524745098762e-55 4.988550009366723257e-55
5.132150000000000212e+00 1.707441529118387051e-56 -1.745421947412032323e-56 5.160305005648805973e-56
5.137150000000000105e+00 1.730548316360296088e-57 -1.769042723232693934e-57 5.230139355953286676e-57
5.142149999999999999e+00 1.718535331768074878e-58 -1.756762521185599108e-58 5.193833184721748865e-58
5.147149999999999892e+00 1.672130038854171906e-59 -1.709324986519444366e-59 5.053585064227787956e-59
5.152150000000000674e+00 1.594110709948946506e-60 -1.629570191598954381e-60 4.817791611496847392e-60
5.157149999999999679e+00 1.489031062674578687e-61 -1.522153147178300119e-61 4.500215272527457320e-61
5.162150000000000460e+00 1.362780413485107235e-62 -1.393094171973363536e-62 4.118654998943577790e-62
5.167149999999999466e+00 1.222038408005622911e-63 -1.249221493994465926e-63 3.693298310005712018e-63
5.172150000000000247e+00 1.073694369787201191e-64 -1.097577683264467879e-64 3.244966422838870429e-64
5.177150000000000141e+00 9.243008301473814948e-66 -9.448610259488060351e-66 2.793462686243569130e-65
5.182150000000000034e+00 7.796197952594171565e-67 -7.969616985861196485e-67 2.356201289104954357e-66
5.187149999999999928e+00 6.443016145686566927e-68 -6.586334932369824314e-68 1.947236722374295652e-67
5.192149999999999821e+00 5.217139253880620642e-69 -5.333189571141494385e-69 1.576746807890273670e-68
5.197150000000000603e+00 4.139162582755382344e-70 -4.231234330805008539e-70 1.250955949631577451e-69
5.202149999999999608e+00 3.217580263452208752e-71 -3.289152286397216576e-71 9.724312813301634885e-71
5.207150000000000389e+00 2.450660441574671039e-72 -2.505173060062289235e-72 7.406493943211630307e-72
5.212150000000000283e+00 1.828831691609394789e-73 -1.869512318999229016e-73 5.527175702218018280e-73
5.217150000000000176e+00 1.337214831146032074e-74 -1.366959907489370001e-74 4.041389569781434346e-74
5.222150000000000070e+00 9.579999310715859701e-76 -9.793097314289345279e-76 2.895309593572106468e-75
5.227149999999999963e+00 6.724602507894175423e-77 -6.874184916282764072e-77 2.032338993207111569e-76
5.232150000000000745e+00 4.624924057909632144e-78 -4.727801109510049528e-78 1.397764922532931190e-77
5.237149999999999750e+00 3.116588335941798850e-79 -3.185913889191799489e-79 9.419090561075397190e-79
5.242150000000000531e+00 2.057742954013509809e-80 -2.103515495445458905e-80 6.219001403472478898e-80
5.247149999999999537e+00 1.331188793570690760e-81 -1.360799826420371142e-81 4.023177413561753364e-81
5.252150000000000318e+00 8.437718452252791591e-83 -8.625407500923140384e-83 2.550084440542872210e-82
5.257150000000000212e+00 5.240192655556625919e-84 -5.356755773885003571e-84 1.583714108499825449e-83
5.262150000000000105e+00 3.188646136864007412e-85 -3.259574547590320291e-85 9.636866821318335687e-85
5.267149999999999999e+00 1.901088105122833917e-86 -1.943376007937843643e-86 5.745552218183511835e-86
5.272149999999999892e+00 1.110542058199126892e-87 -1.135245013576377962e-87 3.356329129974631524e-87
5.277150000000000674e+00 6.356303478191984959e-89 -6.497693423783722516e-89 1.921030038016769243e-88
5.282149999999999679e+00 3.564602316317509874e-90 -3.643893515878575684e-90 1.077309814851359500e-89
5.287150000000000460e+00 1.958638978497633285e-91 -2.002207045937107517e-91 5.919485002932374361e-91
5.292149999999999466e+00 1.054470777047351435e-92 -1.077926479926594013e-92 3.186868034021296541e-92
5.297150000000000247e+00 5.562263402982767700e-94 -5.685990679789534673e-94 1.681051748575506901e-93
5.302150000000000141e+00 2.874785205674892410e-95 -2.938732077502608941e-95 8.688302488852394093e-95
5.307150000000000034e+00 1.455781173013699860e-96 -1.488163645240199460e-96 4.399725991267599388e-96
5.312149999999999928e+00 7.223100261066677842e-98 -7.383771279437599440e-98 2.182997180157095512e-97
5.317149999999999821e+00 3.511462502515352506e-99 -3.589571657290833156e-99 1.061249666232153939e-98
5.322150000000000603e+00 1.672589146782063217e-100 -1.709794306867978436e-100 5.054972600432105124e-100
5.327149999999999608e+00 7.805978682776393906e-102 -7.979615279114986251e-102 2.359157264466777406e-101
5.332150000000000389e+00 3.569458152931240710e-103 -3.648857365974839741e-103 1.078777367183732017e-102
5.337150000000000283e+00 1.599241591601538482e-104 -1.634815204850240026e-104 4.833298388053316990e-104
5.342150000000000176e+00 7.020413690614946656e-106 -7.176576138357203125e-106 2.121740351958709837e-105
5.347150000000000070e+00 3.019591403251678872e-107 -3.086759351679548481e-107 9.125942158182906830e-107
5.352149999999999963e+00 1.272537248271101529e-108 -1.300843633092696043e-108 3.845918129634898911e-108
5.357150000000000745e+00 5.254479158527950920e-110 -5.371360066572350037e-110 1.588031838362825188e-109
5.362149999999999750e+00 2.125816098121253144e-111 -2.173102862115888013e-111 6.424735058358395041e-111
5.367150000000000531e+00 8.426719863154110496e-113 -8.614164258635822978e-113 2.546760398494404512e-112
5.372149999999999537e+00 3.272866334484020625e-114 -3.345668143672238505e-114 9.891400812640279755e-114
5.377150000000000318e+00 1.245474466569110486e-115 -1.273178865465150976e-115 3.764127798603371949e-115
5.382150000000000212e+00 4.643850558358984363e-117 -4.747148612021024482e-117 1.403484972873899532e-116
5.387150000000000105e+00 1.696518069776291293e-118 -1.734255506071481632e-118 5.127291645624064218e-118
5.392149999999999999e+00 6.072612808757384410e-120 -6.207692324324156915e-120 1.835291794183892573e-119
5.397149999999999892e+00 2.129754478493636524e-121 -2.177128848026338128e-121 6.436637805013611607e-121
5.402150000000000674e+00 7.318470664628990593e-123 -7.481263107223460161e-123 2.211820443648144135e-122
5.407149999999999679e+00 2.464041283192608991e-124 -2.518851545817998613e-124 7.446934112203217015e-124
5.412150000000000460e+00 8.128538566849694038e-126 -8.309350202047744823e-126 2.456642733574713421e-125
5.417149999999999466e+00 2.627325063069444440e-127 -2.685767418597857678e-127 7.940417544736746149e-127
5.422150000000000247e+00 8.320549223075190692e-129 -8.505631953309903317e-129 2.514673039946028598e-128
5.427150000000000141e+00 2.581826338150867143e-130 -2.639256617672725166e-130 7.802909293974459051e-130
5.432150000000000034e+00 7.849444207528125258e-132 -8.024047653262837714e-132 2.372293606831908823e-131
5.437149999999999928e+00 2.338232185641036856e-133 -2.390243944148626709e-133 7.066708315430699247e-133
5.442149999999999821e+00 6.824537254906585740e-135 -6.976342617012185763e-135 2.062541712682535969e-134
5.447150000000000603e+00 1.951621666267514316e-136 -1.995033640239633743e-136 5.898276972774661611e-136
5.452149999999999608e+00 5.468332327608218216e-138 -5.589970163368213502e-138 1.652663481858464993e-137
5.457150000000000389e+00 1.501243073677690892e-139 -1.534626395312419612e-139 4.537112542667801583e-139
5.462150000000000283e+00 4.038164258713016826e-141 -4.108637627324367782e-141 1.218496614475040318e-140
5.467150000000000176e+00 1.064274831278425891e-142 1.064274831278425891e-142 1.064274831278425891e-142
5.472150000000000070e+00 2.748276664289551270e-144 2.748276664289551270e-144 2.748276664289551270e-144
5.477149999999999963e+00 6.953507958821682554e-146 6.953507958821682554e-146 6.953507958821682554e-146
5.482150000000000745e+00 1.723789810349974637e-147 1.723789810349974637e-147 1.723789810349974637e-147
5.487149999999999750e+00 4.186986008307544025e-149 4.186986008307544025e-149 4.186986008307544025e-149
5.492150000000000531e+00 9.964501051746058978e-151 9.964501051746058978e-151 9.964501051746058978e-151
5.497149999999999537e+00 2.323520199545653789e-152 2.323520199545653789e-152 2.323520199545653789e-152
5.502150000000000318e+00 5.308529006234307674e-154 5.308529006234307674e-154 5.308529006234307674e-154
5.507150000000000212e+00 1.188334714876532177e-155 1.188334714876532177e-155 1.188334714876532177e-155
5.512150000000000105e+00 2.606394925000644233e-157 2.606394925000644233e-157 2.606394925000644233e-157
5.517149999999999999e+00 5.601166795715798774e-159 5.601166795715798774e-159 5.601166795715798774e-159
5.522149999999999892e+00 1.179379669977853036e-160 1.179379669977853036e-160 1.179379669977853036e-160
5.527150000000000674e+00 2.433131695012157440e-162 2.433131695012157440e-162 2.433131695012157440e-162
5.532149999999999679e+00 4.918293505565887409e-164 4.918293505565887409e-164 4.918293505565887409e-164
5.537150000000000460e+00 9.740923121481815904e-166 9.740923121481815904e-166 9.740923121481815904e-166
5.542149999999999466e+00 1.890264754218917070e-167 1.890264754218917070e-167 1.890264754218917070e-167
5.547150000000000247e+00 3.594032538737339036e-169 3.594032538737339036e-169 3.594032538737339036e-169
5.552150000000000141e+00 6.695426087574049581e-171 6.695426087574049581e-171 6.695426087574049581e-171
5.557150000000000034e+00 1.222112772082964032e-172 1.222112772082964032e-172 1.222112772082964032e-172
5.562149999999999928e+00 2.185652897052417950e-174 2.185652897052417950e-174 2.185652897052417950e-174
5.567149999999999821e+00 3.829904547896146108e-176 3.829904547896146108e-176 3.829904547896146108e-176
5.572150000000000603e+00 6.575541982234357313e-178 6.575541982234357313e-178 6.575541982234357313e-178
