101
451
748
162
958
666
863
226
369
631
461
829
1047
1113
1073
987
996
91
1015
1039
798
777
598
116
602
481
415
4
980
1176
370
468
34
72
321
756
109
1126
323
632
515
96
709
621
431
494
401
138
406
782
721
300
1123
363
19
438
751
1156
739
1093
1013
823
324
835
722
612
520
937
778
383
320
974
901
49
815
497
527
925
305
624
671
476
1034
862
588
306
623
541
1120
208
1140
89
652
737
122
245
23
165
883
16
622
356
387
163
1062
723
367
841
118
752
845
1055
1086
1101
1056
802
1167
643
134
332
61
2
998
677
680
483
619
713
978
789
239
825
661
860
489
915
1002
247
495
738
272
959
425
985
620
833
780
444
473
147
