6.860526242979276503e+02 1.938285932466865570e-200 1.938285932466865570e-200 1.938285932466865570e-200
6.841596998041001143e+02 1.136623957641011332e-198 1.136623957641011332e-198 1.136623957641011332e-198
6.822771923066339923e+02 6.530592950133095019e-197 6.530592950133095019e-197 6.530592950133095019e-197
6.804050160524654984e+02 3.676421284858262061e-195 3.676421284858262061e-195 3.676421284858262061e-195
6.785430862271844035e+02 2.027845091039386017e-193 2.027845091039386017e-193 2.027845091039386017e-193
6.766913189422263031e+02 1.095925739282890938e-191 1.095925739282890938e-191 1.095925739282890938e-191
6.748496312222736151e+02 5.803157071933805058e-190 5.803157071933805058e-190 5.803157071933805058e-190
6.730179409928615542e+02 3.010817082966435449e-188 3.010817082966435449e-188 3.010817082966435449e-188
6.711961670681861278e+02 1.530527949080549548e-186 1.530527949080549548e-186 1.530527949080549548e-186
6.693842291391085837e+02 7.623159474428835941e-185 7.623159474428835941e-185 7.623159474428835941e-185
6.675820477613547155e+02 3.720194042944629163e-183 3.720194042944629163e-183 3.720194042944629163e-183
6.657895443439035716e+02 1.778824195650289451e-181 1.778824195650289451e-181 1.778824195650289451e-181
6.640066411375624966e+02 8.333689408523785063e-180 8.333689408523785063e-180 8.333689408523785063e-180
6.622332612237266858e+02 3.825413976478779935e-178 3.825413976478779935e-178 3.825413976478779935e-178
6.604693285033160919e+02 1.720506894578875093e-176 1.720506894578875093e-176 1.720506894578875093e-176
6.587147676858911609e+02 7.581781104637323767e-175 7.581781104637323767e-175 7.581781104637323767e-175
6.569695042789390982e+02 3.273579657796953665e-173 3.273579657796953665e-173 3.273579657796953665e-173
6.552334645773325974e+02 1.384877732467265774e-171 1.384877732467265774e-171 1.384877732467265774e-171
6.535065756529530745e+02 5.740329189992451971e-170 5.740329189992451971e-170 5.740329189992451971e-170
6.517887653444786338e+02 2.331304554487258639e-168 2.331304554487258639e-168 2.331304554487258639e-168
6.500799622473323325e+02 9.276797422660593038e-167 9.276797422660593038e-167 9.276797422660593038e-167
6.483800957037889248e+02 3.616879010057638868e-165 3.616879010057638868e-165 3.616879010057638868e-165
6.466890957932346282e+02 1.381677663399981428e-163 1.381677663399981428e-163 1.381677663399981428e-163
6.450068933225815044e+02 5.171497743595924539e-162 -4.581809615800118194e-162 1.492480510299196826e-161
6.433334198168279272e+02 1.896543418422492155e-160 -1.626007711092447894e-160 5.419094547937432205e-160
6.416686075097688899e+02 6.814689725415634986e-159 -5.842911173083048258e-159 1.947229062391432025e-158
6.400123893348476258e+02 2.399198779483998246e-157 -2.057071766276648298e-157 6.855469325244644790e-157
6.383646989161495640e+02 8.276052249766183739e-156 -7.095882827335741930e-156 2.364798732686810941e-155
6.367254705595356654e+02 2.797158416299628264e-154 -2.398282148605120039e-154 7.992598981204376566e-154
6.350946392439104784e+02 9.262916515586670038e-153 -7.942019727546487721e-153 2.646785275871982886e-152
6.334721406126254806e+02 3.005489976090657998e-151 -2.576905517917138551e-151 8.587885470098454546e-151
6.318579109650128203e+02 9.554757412014740665e-150 -8.192243957960408536e-150 2.730175878198989095e-149
6.302518872480492291e+02 2.976191648741283308e-148 -2.551785147514661577e-148 8.504168444997228194e-148
6.286540070481453313e+02 9.083201939330126574e-147 -7.787932544736289120e-147 2.595433642339654449e-146
6.270642085830614860e+02 2.716150891386220294e-145 -2.328826339508091396e-145 7.761128122280532695e-145
6.254824306939433427e+02 7.958031673214683104e-144 -6.823212152879753499e-144 2.273927549930912198e-143
6.239086128374807458e+02 2.284516405462563912e-142 -1.958743159267780824e-142 6.527775970192908649e-142
6.223426950781818050e+02 6.425689653492915115e-141 -5.509382914565415620e-141 1.836076222155124585e-140
6.207846180807650853e+02 1.770851153548830856e-139 -1.518326843601099853e-139 5.060029150698761565e-139
6.192343231026646890e+02 4.781687812691191702e-138 -4.099816604650153082e-138 1.366319223003253649e-137
6.176917519866476596e+02 1.265077773307414658e-136 -1.084677014541811642e-136 3.614832561156641148e-136
6.161568471535422304e+02 3.279367436236122716e-135 -2.811727907440329163e-135 9.370462779912573984e-135
6.146295515950722574e+02 8.329132703677052448e-134 -7.141393980034930871e-134 2.379965938738903577e-133
6.131098088668002219e+02 2.072747168296640117e-132 -1.777172327088946213e-132 5.922666663682226134e-132
6.115975630811730070e+02 5.053935869809473012e-131 -4.333241944775441181e-131 1.444111368439438620e-130
6.100927589006716971e+02 1.207396660677795633e-129 -1.035221258978608198e-129 3.450014580334199625e-129
6.085953415310605124e+02 2.826227131653497903e-128 -2.423205649490820982e-128 8.075659912797816276e-128
6.071052567147369246e+02 6.481880192286502068e-127 -5.557560652143238202e-127 1.852132103671624316e-126
6.056224507241773836e+02 1.456571422648734262e-125 -1.248863568159485336e-125 4.162006413456954122e-125
6.041468703554808144e+02 3.207003381448860207e-124 -2.749683004654597127e-124 9.163689767552317120e-124
6.026784629220037459e+02 6.918371804366264211e-123 -5.931808329122386823e-123 1.976855193785491524e-122
6.012171762480905954e+02 1.462329446804716211e-121 -1.253800494879656107e-121 4.178459388489088314e-121
5.997629586628934248e+02 3.028470866706834120e-120 -2.596609320488752802e-120 8.653551053902420698e-120
5.983157589942812820e+02 6.145233965074829579e-119 -5.268920353399400384e-119 1.755938828354906064e-118
5.968755265628384450e+02 1.221772347959416553e-117 -1.047546965254679429e-117 3.491091661173512887e-117
5.954422111759479321e+02 2.380011241305571116e-116 -2.040620379927389121e-116 6.800642862538531352e-116
5.940157631219605037e+02 4.542600792431242740e-115 -3.894823517237539526e-115 1.298002510210002501e-114
5.925961331644480197e+02 8.495070426460803398e-114 -7.283668890419735863e-114 2.427380974334134266e-113
5.911832725365376291e+02 1.556561348969147430e-112 -1.334594877109760362e-112 4.447717575048055221e-112
5.897771329353281544e+02 2.794488638177417312e-111 -2.395993079535522789e-111 7.984970355890357782e-111
5.883776665163846928e+02 4.915586031768866894e-110 -4.214620861452604750e-110 1.404579292499033854e-109
5.869848258883127983e+02 8.471983514659320642e-109 -7.263874178851226039e-109 2.420784120816986921e-108
5.855985641074084924e+02 1.430644566926834757e-107 -1.226633893686244255e-107 4.087923027539914071e-107
5.842188346723841050e+02 2.367092585648312914e-106 -2.029543928093480754e-106 6.763729099390107065e-106
5.828455915191688064e+02 3.837386891115326105e-105 -3.290173484854180972e-105 1.096494726708483318e-104
5.814787890157821266e+02 6.095267604298779364e-104 -5.226079208151219526e-104 1.741661441674877949e-103
5.801183819572795528e+02 9.486080692955707653e-103 -8.133360545764700029e-103 2.710552193167611533e-102
5.787643255607683841e+02 1.446497539125721013e-101 -1.240226220642410752e-101 4.133221298893852778e-101
5.774165754604941867e+02 2.161152586354559798e-100 -1.852971076566902467e-100 6.175276249276022064e-100
5.760750877029945514e+02 3.163661505123884563e-99 -2.712521687123573249e-99 9.039844697371343187e-99
5.747398187423219724e+02 4.537654617892370609e-98 -3.890582644969321684e-98 1.296589188075406225e-97
5.734107254353305052e+02 6.376901525043126255e-97 -5.467551953490685925e-97 1.822135500357693844e-96
5.720877650370301808e+02 8.780612905986051373e-96 -7.528492793254920716e-96 2.508971860522702346e-95
5.707708951960038348e+02 1.184613834473499586e-94 -1.015687264116788886e-94 3.384914933063787792e-94
5.694600739498885105e+02 1.565905740321748233e-93 -1.342606736158060981e-93 4.474418216801557873e-93
5.681552597209174564e+02 2.028108940111473232e-92 -1.738899505753128126e-92 5.795117385976074590e-92
5.668564113115240843e+02 2.573675510989631531e-91 -2.206667981393994496e-91 7.354019003373257014e-91
5.655634879000068622e+02 3.200023357250065328e-90 -2.743698274157740227e-90 9.143744988657871318e-90
5.642764490362513925e+02 3.898426529413601130e-89 -3.342508757879807702e-89 1.113936181670700996e-88
5.629952546375133124e+02 4.653314510328949167e-88 -3.989749277470966278e-88 1.329637829812886461e-87
5.617198649842557643e+02 5.442172548028243482e-87 -4.666115694450250431e-87 1.555046079050673829e-86
5.604502407160454140e+02 6.236185932676802455e-86 -5.346902289804280857e-86 1.781927415515788434e-85
5.591863428275037222e+02 7.001686329213151795e-85 -6.003241849026114460e-85 2.000661450745241691e-84
5.579281326643115335e+02 7.702347242017052026e-84 -6.603988052605590819e-84 2.200868253663969579e-83
5.566755719192690322e+02 8.301955183425605164e-83 -7.118091474724129842e-83 2.372200184157534017e-82
5.554286226284076520e+02 8.767474733962560836e-82 -7.517227564549390790e-82 2.505217703247451480e-81
5.541872471671546236e+02 9.072051546798129448e-81 -7.778371420909788122e-81 2.592247451450604702e-80
5.529514082465490219e+02 9.197575112554547292e-80 -7.885995105642895626e-80 2.628114533075199021e-79
5.517210689095076077e+02 9.136461430072706069e-79 -7.833596104608759278e-79 2.610651896475417262e-78
5.504961925271406926e+02 8.892411572376189648e-78 -7.624347721635679040e-78 2.540917086638805834e-77
5.492767427951176842e+02 8.480040635994123771e-77 -7.270780939590610446e-77 2.423086221157885799e-76
5.480626837300796979e+02 7.923428804076579701e-76 -6.793542102226637204e-76 2.264039971037979415e-75
5.468539796661005994e+02 7.253794285403280840e-75 -6.219397692761242626e-75 2.072698626356780234e-74
5.456505952511938631e+02 6.506600748992060698e-74 -5.578754249210235217e-74 1.859195574719435818e-73
5.444524954438661553e+02 5.718471114234184000e-73 -4.903012249055565341e-73 1.633995447752393460e-72
5.432596455097166199e+02 4.924277896088069965e-72 -4.222071372206742316e-72 1.407062716438288225e-71
5.420720110180792517e+02 4.154722536504702955e-71 -3.562255020651100800e-71 1.187170009366050671e-70
5.408895578387104024e+02 3.434617257448226302e-70 -2.944837179954036212e-70 9.814071694850488816e-70
5.397122521385193750e+02 2.781964093819407198e-69 -2.385252782618188496e-69 7.949180970257002893e-69
5.385400603783418774e+02 2.207809227843745837e-68 -1.892972814734400249e-68 6.308591270421891923e-68
5.373729493097544037e+02 1.716755391587132575e-67 -1.471943650085282864e-67 4.905454433259548014e-67
5.362108859719309066e+02 1.307953030870340510e-66 -1.121436874145776953e-66 3.737342935886457973e-66
5.350538376885398293e+02 9.763661873919711191e-66 -8.371346513811641590e-66 2.789867026165106397e-65
5.339017720646813814e+02 7.141183094699547776e-65 -6.122836232741294871e-65 2.040520242214038874e-64
5.327546569838643791e+02 5.117577895114233120e-64 -4.387799799984549097e-64 1.462295559021301534e-63
5.316124606050210559e+02 3.593317672881634823e-63 -3.080901391558181736e-63 1.026753673732145246e-62
5.304751513595617780e+02 2.472086283083820938e-62 -2.119559556580721072e-62 7.063732122748362949e-62
5.293426979484661388e+02 1.666358719880232650e-61 -1.428730376539808197e-61 4.761447816300273497e-61
5.282150693394115706e+02 1.100551162606536628e-60 -9.436083122694464676e-61 3.144710637482519586e-60
5.270922347639393593e+02 7.121784751026010717e-60 -6.106186413363953800e-60 2.034975591541597634e-59
5.259741637146554467e+02 4.515484144986589174e-59 -3.871552702643235634e-59 1.290252099261641398e-58
5.248608259424676135e+02 2.805153791089013150e-58 -2.405121958676047870e-58 8.015429540854074878e-58
5.237521914538580177e+02 1.707441811756421805e-57 -1.463948622748844114e-57 4.878832246261687442e-57
5.226482305081887034e+02 1.018291306009563601e-56 -8.730746203816437374e-57 2.909657232400770826e-56
5.215489136150431477e+02 5.950247828233477220e-56 -5.101685462489525795e-56 1.700218111895648205e-55
5.204542115315995261e+02 3.406708520994076911e-55 -2.920873650510662083e-55 9.734290692498815905e-55
5.193640952600380842e+02 1.911048957245478563e-54 -1.638508225185801219e-54 5.460606139676758635e-54
5.182785360449804557e+02 1.050377898714479541e-53 -9.005777829261272328e-54 3.001333580355086083e-53
5.171975053709613803e+02 5.656610527184128734e-53 -4.849875183576962408e-53 1.616309623794522080e-52
5.161209749599318002e+02 2.984722344926194881e-52 -2.559037224765698278e-52 8.528481914618088411e-52
5.150489167687928784e+02 1.543080465865612637e-51 -1.322998428877270293e-51 4.409159360608495566e-51
5.139813029869618504e+02 7.816461817162863522e-51 -6.701603160186397852e-51 2.233452679451212490e-50
5.129181060339656142e+02 3.879438545360529477e-50 -3.326095422082941885e-50 1.108497251280400084e-49
5.118592985570670066e+02 1.886533857727763148e-49 -1.617436646029035930e-49 5.390504361484562226e-49
5.108048534289186478e+02 8.988711297183426226e-49 -7.706485762608008207e-49 2.568390835697485914e-48
5.097547437452459462e+02 4.196308477234905259e-48 -3.597675193172578975e-48 1.199029214764239010e-47
5.087089428225591519e+02 1.919440181539907468e-47 -1.645598653994103627e-47 5.484479017073918077e-47
5.076674241958929770e+02 8.602387930009564003e-47 -7.375003224384377079e-47 2.457977908440350314e-46
5.066301616165743553e+02 3.777468110560031332e-46 -3.238446513210691554e-46 1.079338273433075422e-45
5.055971290500173154e+02 1.625249428845762770e-45 -1.393308708945120098e-45 4.643807566636645637e-45
5.045683006735445701e+02 6.851359818144997775e-45 -5.873459105027270863e-45 1.957617874131726766e-44
5.035436508742358797e+02 2.829900693380226948e-44 -2.425919368256049126e-44 8.085720755016503022e-44
5.025231542468029602e+02 1.145258250845425108e-43 -9.817352862555818286e-44 3.272251787946432045e-43
5.015067855914891766e+02 4.541231630561290096e-43 -3.892672290208953974e-43 1.297513555133153417e-42
5.004945199119956101e+02 1.764339183582098495e-42 -1.512294684351189146e-42 5.040973051515385817e-42
4.994863324134319100e+02 6.716282456998758006e-42 -5.756517571545169387e-42 1.918908248554268412e-41
4.984821985002914175e+02 2.505039430155862631e-41 -2.146929091576471481e-41 7.157007951888196233e-41
4.974820937744517551e+02 9.154597779290108182e-41 -7.845300560112368927e-41 2.615449611869258733e-40
4.964859940331978123e+02 3.277958624200449320e-40 -2.808891559220088885e-40 9.364808807620987525e-40
4.954938752672700844e+02 1.150025980004265668e-39 -9.853561850222934795e-40 3.285408145030824489e-39
4.945057136589354059e+02 3.953232851127685318e-39 -3.386754226384151989e-39 1.129321992863952262e-38
4.935214855800807641e+02 1.331491448704442422e-38 -1.140526592331630754e-38 3.803509489740515336e-38
4.925411675903303035e+02 4.394064390368814908e-38 -3.763201126454850285e-38 1.255132990719247958e-37
4.915647364351842725e+02 1.420814751903049334e-37 -1.216573960788109727e-37 4.058203464594208186e-37
4.905921690441802525e+02 4.501452141996586107e-37 -3.853427961801712246e-37 1.285633224579488362e-36
4.896234425290760441e+02 1.397376058197241631e-36 -1.195864344606498164e-36 3.990616461000981594e-36
4.886585341820546660e+02 4.250314148245211148e-36 -3.636139406815180698e-36 1.213676770330560299e-35
4.876974214739491913e+02 1.266711519826266297e-35 -1.083230016975620800e-35 3.616653056628153395e-35
4.867400820524899814e+02 3.699010807611178542e-35 -3.161692105764483964e-35 1.055971372098684051e-34
4.857864937405716432e+02 1.058393876180254239e-34 -9.041361682828147277e-35 3.020923920643323206e-34
4.848366345345403943e+02 2.967331128711120438e-34 -2.533141897845200432e-34 8.467804155267442163e-34
4.838904826025017769e+02 8.151647702891889396e-34 -6.953314782289830133e-34 2.325661018807361064e-33
4.829480162826480978e+02 2.194269141315549165e-33 -1.869930101504168327e-33 6.258468384135266315e-33
4.820092140816048527e+02 5.787682760070485563e-33 -4.926668436113196798e-33 1.650203395625416792e-32
4.810740546727974447e+02 1.495877614036240270e-32 -1.271650927575610917e-32 4.263406155648091458e-32
4.801425168948356941e+02 3.788534698961661178e-32 -3.215583335406631290e-32 1.079265273332995310e-31
4.792145797499177888e+02 9.402406716365662599e-32 -7.965587759064505629e-32 2.677040119179582864e-31
4.782902224022528799e+02 2.286702450383507826e-31 -1.932986999453205266e-31 6.506391900220220919e-31
4.773694241765011270e+02 5.449985425803818842e-31 -4.594914929701923913e-31 1.549488578130956072e-30
4.764521645562323329e+02 1.272947602353311819e-30 -1.069904257122943393e-30 3.615799461829567031e-30
4.755384231824022550e+02 2.913884311898232222e-30 -2.440109089670463715e-30 8.267877713466927808e-30
4.746281798518461414e+02 6.537337106929016686e-30 -5.450600092158536843e-30 1.852527430601657022e-29
4.737214145157900589e+02 1.437540622512087687e-29 -1.192392147339528072e-29 4.067473392363703446e-29
4.728181072783784202e+02 3.098547925197548875e-29 -2.554446145257621550e-29 8.751541995652719860e-29
4.719182383952190776e+02 6.547090888820910067e-29 -5.358379760991862694e-29 1.845256153863368283e-28
4.710217882719449563e+02 1.356218535548711894e-28 -1.100467887703896641e-28 3.812904958801320429e-28
4.701287374627912072e+02 2.754533520696693033e-28 -2.212415797862740595e-28 7.721482839256127109e-28
4.692390666691898673e+02 5.486019703499679930e-28 -4.353399127523979958e-28 1.532543853452333982e-27
4.683527567383790142e+02 1.071569913956255060e-27 -8.382544860474185295e-28 2.981394313959928828e-27
4.674697886620289182e+02 2.053103455847632155e-27 -1.579087860963259791e-27 5.685294772658524459e-27
4.665901435748828021e+02 3.859343489978776764e-27 -2.909365853629908424e-27 1.062805283358746267e-26
4.657138027534135745e+02 7.119124982425681699e-27 -5.240935707343642205e-27 1.947918567219500560e-26
4.648407476144948873e+02 1.289030848437139764e-26 -9.227189325337890613e-27 3.500780629408068877e-26
4.639709597140878259e+02 2.291671502525608134e-26 -1.587022800283353768e-26 6.170365805334570610e-26
4.631044207459424911e+02 4.001654921500340318e-26 -2.665147554033413401e-26 1.066845739703409346e-25
4.622411125403127699e+02 6.865760963574998304e-26 -4.367379481365160118e-26 1.809890140851515673e-25
4.613810170626872491e+02 1.157926132897694979e-25 -6.978876881253613722e-26 3.013739953920751329e-25
4.605241164125327487e+02 1.920501326686978423e-25 -1.086649492147528459e-25 4.927652145521485764e-25
4.596703928220528610e+02 3.134033980461487899e-25 -1.647373976778032824e-25 7.915441937701008621e-25
4.588198286549599061e+02 5.034705819259983182e-25 -2.429790031442155386e-25 1.249920166996212175e-24
4.579724064052601307e+02 7.966350927446647221e-25 -3.484733281822080294e-25 1.941743513671537382e-24
4.571281086960528910e+02 1.242209498843861609e-24 -4.858805890366153352e-25 2.970299586724338553e-24
4.562869182783430801e+02 1.909894527931762685e-24 -6.591074053946183295e-25 4.478896461258143700e-24
4.554488180298660609e+02 2.896791380912912989e-24 -8.718273581502906248e-25 6.665410119976116969e-24
4.546137909539262409e+02 4.336189216380650080e-24 -1.129892173735841156e-24 9.802270606497140581e-24
4.537818201782479264e+02 6.408238704492777019e-24 -1.446937960507120954e-24 1.426341536949267646e-23
4.529528889538387944e+02 9.352398255899326327e-24 -1.854319978219717411e-24 2.055911649001837154e-23
4.521269806538664398e+02 1.348116217057556025e-23 -2.415616502118901601e-24 2.937794084327002211e-23
4.513040787725460632e+02 1.919402101522539014e-23 -3.244355931492811571e-24 4.163239796194359184e-23
4.504841669240411193e+02 2.698986471742951693e-23 -4.521890223382940054e-24 5.850161965824196803e-23
4.496672288413760157e+02 3.747516945056118197e-23 -6.511280665893122385e-24 8.146161956701548632e-23
4.488532483753597262e+02 5.136443176944699841e-23 -9.563122562906279431e-24 1.122919861018002880e-22
4.480422094935221935e+02 6.946862862544563327e-23 -1.411014281054628250e-23 1.530474000614375490e-22
4.472340962790613617e+02 9.266726043669203699e-23 -2.064858634733042445e-23 2.059831072207144867e-22
4.464288929298021458e+02 1.218600791952437697e-22 -2.970560685143952499e-23 2.734257652419270644e-22
4.456265837571662018e+02 1.578961826620400898e-22 -4.179323945552344688e-23 3.575856047796036265e-22
4.448271531851532927e+02 2.014809118279040491e-22 -5.735124367329457729e-23 4.603130673291027225e-22
4.440305857493329427e+02 2.530648438685895452e-22 -7.668309302778248031e-23 5.828127807649616178e-22
4.432368660958475175e+02 3.127237541742681146e-22 -9.989131469678667431e-23 7.253388230453228564e-22
4.424459789804257071e+02 3.800430418482388975e-22 -1.268197825694098774e-22 8.869058662658876725e-22
4.416579092674064100e+02 4.540238326738256344e-22 -1.570110053191805479e-22 1.065058670666831723e-21
4.408726419287733620e+02 5.330297478617651407e-22 -1.896856425374037155e-22 1.255745138260934091e-21
4.400901620431997117e+02 6.147922335525228630e-22 -2.237493739280713576e-22 1.453333841033117084e-21
4.393104547951029986e+02 6.964878409773726503e-22 -2.578290605908600186e-22 1.650804742545605319e-21
4.385335054737102496e+02 7.748929878950249758e-22 -2.903363643533771677e-22 1.840122340143427213e-21
4.377592994721324544e+02 8.466112972172117693e-22 -3.195533373009879229e-22 2.012775931735411368e-21
4.369878222864493864e+02 9.083570601878185504e-22 -3.437317898300537314e-22 2.160445910205691020e-21
4.362190595148039165e+02 9.572676387188594653e-22 -3.611973442864000327e-22 2.275732621724119151e-21
4.354529968565055924e+02 9.912097421064993745e-22 -3.704507780791050855e-22 2.352870262292103834e-21
4.346896201111442224e+02 1.009041204843953833e-21 -3.702642724006589219e-22 2.388346682088566589e-21
4.339289151777120424e+02 1.010792161785672207e-21 -3.597791977869444413e-22 2.381363521358288856e-21
4.331708680537358305e+02 9.977374130937541437e-22 -3.386257937898806363e-22 2.334100619977388736e-21
4.324154648344174348e+02 9.723443477638790910e-22 -3.071039748291036900e-22 2.251792670356861684e-21
4.316626917117838502e+02 9.380962968215097864e-22 -2.664867376276526810e-22 2.142679331270672254e-21
4.309125349738455952e+02 8.992074120071313118e-22 -2.195211750008969269e-22 2.017935999015159550e-21
4.301649810037645238e+02 8.602598895678535253e-22 -1.711580463514843311e-22 1.891677825487191194e-21
4.294200162790294826e+02 8.258057211813005086e-22 -1.292946468094395307e-22 1.780906089172040454e-21
4.286776273706411757e+02 7.999818982585855296e-22 -1.046343669719655201e-22 1.704598163489136673e-21
4.279378009423053868e+02 7.861895242273390904e-22 -1.079795570829029460e-22 1.680358605537581127e-21
4.272005237496339305e+02 7.868835546932181735e-22 -1.446918654349101586e-22 1.718458974821346411e-21
4.264657826393546429e+02 8.035111928427078725e-22 -2.107208519269015498e-22 1.817743237612317201e-21
4.257335645485294435e+02 8.366237865331014641e-22 -2.946282530569974623e-22 1.967875826123200203e-21
4.250038565037793319e+02 8.861699462655137978e-22 -3.826805766319751572e-22 2.155020469163002565e-21
4.242766456205191048e+02 9.519571929075925300e-22 -4.621217333022933107e-22 2.366036119117478183e-21
4.235519191021983261e+02 1.034246709626845725e-21 -5.220315011459226290e-22 2.590524920399614267e-21
4.228296642395511640e+02 1.134422202633577738e-21 -5.533197559946918969e-22 2.822164161261847373e-21
4.221098684098531066e+02 1.255651683752378246e-21 -5.490208016670553258e-22 3.060324169171811630e-21
4.213925190761858062e+02 1.403443170042577744e-21 -5.054355090885857743e-22 3.312321849173741262e-21
4.206776037867091418e+02 1.585985468835222532e-21 -4.242742655184597542e-22 3.596245203188905194e-21
4.199651101739410137e+02 1.814167204501591441e-21 -3.153063709555673514e-22 3.943640779958750233e-21
4.192550259540435036e+02 2.101184416664328530e-21 -1.976574359039933109e-22 4.400026269232649994e-21
4.185473389261177886e+02 2.461681493666819455e-21 -9.663067731937931954e-23 5.019993664653017852e-21
4.178420369715046263e+02 2.910421773499560738e-21 -3.503508654642870688e-23 5.855878633545550559e-21
4.171391080530928548e+02 3.460549724251291136e-21 -2.422888151413585471e-23 6.945328330016718878e-21
4.164385402146347701e+02 4.121579628914250883e-21 -6.179925270913722037e-23 8.304958510537638986e-21
4.157403215800680982e+02 4.897316228644035411e-21 -1.357394878022832505e-22 9.930371945090354072e-21
4.150444403528447310e+02 5.783968466581969892e-21 -2.299734328433883175e-22 1.179791036600732810e-20
4.143508848152665678e+02 6.768745274995231645e-21 -3.280939363956751915e-22 1.386558448638613773e-20
4.136596433278280642e+02 7.829211009285142243e-21 -4.152235866630302321e-22 1.607364560523331472e-20
4.129707043285644659e+02 8.933621022728829193e-21 -4.788169822663018397e-22 1.834605902772395872e-20
4.122840563324077152e+02 1.004235554763649086e-20 -5.089943936496900377e-22 2.059370548892267175e-20
4.115996879305479297e+02 1.111043179691704863e-20 -4.986581451110449316e-22 2.271952173894514369e-20
4.109175877898016438e+02 1.209091796447466830e-20 -4.434557152821360568e-22 2.462529164423147266e-20
4.102377446519861905e+02 1.293892304863232129e-20 -3.415910610365949704e-22 2.621943715830123755e-20
4.095601473333003355e+02 1.361572011770503612e-20 -1.934929641502986108e-22 2.742493319956037084e-20
4.088847847237108795e+02 1.409250198343821032e-20 -1.389144607678563336e-24 2.818639311148409919e-20
4.082116457863457413e+02 1.435328327886043066e-20 2.311172994153981561e-22 2.847544925830546316e-20
4.075407195568922702e+02 1.439655527640648830e-20 4.993361968754676230e-22 2.829377435593750898e-20
4.068719951430024366e+02 1.423545873198954291e-20 7.975017027725497572e-22 2.767341576120653456e-20
4.062054617237029106e+02 1.389644166502242105e-20 1.118397772796489917e-21 2.667448555724835218e-20
4.055411085488117919e+02 1.341658016083501106e-20 1.452576235983636393e-21 2.538058408568638722e-20
4.048789249383602851e+02 1.283992495150598833e-20 1.787308092681488783e-21 2.389254181033048788e-20
4.042189002820207975e+02 1.221336280965913878e-20 2.105678274669399886e-21 2.232104734464887917e-20
4.035610240385397560e+02 1.158252836569197268e-20 2.386640953183646747e-21 2.077841577820029862e-20
4.029052857351770172e+02 1.098826235362212369e-20 2.607304112797073324e-21 1.936922059444717556e-20
4.022516749671494836e+02 1.046399605094368736e-20 2.748672551838643215e-21 1.817931955004873301e-20
4.016001813970813714e+02 1.003427227233091222e-20 2.804367291748839219e-21 1.726417725291298672e-20
4.009507947544588546e+02 9.714423197445399152e-21 2.788034329587114662e-21 1.664081206530368515e-20
4.003035048350902798e+02 9.511249469801420576e-21 2.732803199027544851e-21 1.628969574057529781e-20
3.996583015005721791e+02 9.424413828057024930e-21 2.680624676147577032e-21 1.616820297996647358e-20
3.990151746777593758e+02 9.448196210314764567e-21 2.667513792423952133e-21 1.622887862820557550e-20
3.983741143582411155e+02 9.573262255397893948e-21 2.712874215566519096e-21 1.643365029522926880e-20
3.977351105978216879e+02 9.788165539948871977e-21 2.816359253364582438e-21 1.675997182653316001e-20
3.970981535160065619e+02 1.008041589067904454e-20 2.961237171216105737e-21 1.719959461014198485e-20
3.964632332954926710e+02 1.043707458224715203e-20 3.121856639046030001e-21 1.775229252544827407e-20
3.958303401816643259e+02 1.084495380047944418e-20 3.272667315421054969e-21 1.841724028553783188e-20
3.951994644820936173e+02 1.129057880664158106e-20 3.395990885459585020e-21 1.918516672782357560e-20
3.945705965660455377e+02 1.176010268184209643e-20 3.486020293801086651e-21 2.003418506988310770e-20
3.939437268639880472e+02 1.223934327414924720e-20 3.548149854749957218e-21 2.093053669354853568e-20
3.933188458671065746e+02 1.271404971374931399e-20 3.594888916747705594e-21 2.183321051075092239e-20
3.926959441268232354e+02 1.317042026921086332e-20 3.640685424692247940e-21 2.270015511372947869e-20
3.920750122543205975e+02 1.359580731597250405e-20 3.697565470032617069e-21 2.349404916191238953e-20
3.914560409200700519e+02 1.397948048034607929e-20 3.772444904852185358e-21 2.418651605583997322e-20
3.908390208533643886e+02 1.431329109750848320e-20 3.866143679141184849e-21 2.476043851587578005e-20
3.902239428418550915e+02 1.459209586622576689e-20 3.973761263990841322e-21 2.521043046846069245e-20
3.896107977310937258e+02 1.481385022179633361e-20 4.086010091623581718e-21 2.554169035196908701e-20
3.889995764240779295e+02 1.497935849435492197e-20 4.191171595542041596e-21 2.576754539316780235e-20
3.883902698808013270e+02 1.509174872923150469e-20 4.277418619602964524e-21 2.590607883886004636e-20
3.877828691178079907e+02 1.515580462401083298e-20 4.335272263470923953e-21 2.597633698455074201e-20
3.871773652077509951e+02 1.517731895573520887e-20 4.359905563871073087e-21 2.599473234759934617e-20
3.865737492789547787e+02 1.516262367363658783e-20 4.352904560976877497e-21 2.597234278629629967e-20
3.859720125149821115e+02 1.511840302047216926e-20 4.323045795823136222e-21 2.591376024512120380e-20
3.853721461542047564e+02 1.505181871144977847e-20 4.285751348432264804e-21 2.581788607446729213e-20
3.847741414893781666e+02 1.497088839128633916e-20 4.261154278255402204e-21 2.568062250431727611e-20
3.841779898672202762e+02 1.488498103896107764e-20 4.271043482580210159e-21 2.549891859534194512e-20
3.835836826879940418e+02 1.480524422972493654e-20 4.335211433094946013e-21 2.527527702635492707e-20
3.829912114050940204e+02 1.474477021509200746e-20 4.467831078131802716e-21 2.502170935205221220e-20
3.824005675246364149e+02 1.471834344842236836e-20 4.674480644057962340e-21 2.476220625278677437e-20
3.818117426050536665e+02 1.474168460382341388e-20 4.950405241174491174e-21 2.453296396647233658e-20
3.812247282566916624e+02 1.483020063422605851e-20 5.280587417655788327e-21 2.437981385079632868e-20
3.806395161414119457e+02 1.499734811322331457e-20 5.642088803967333641e-21 2.435260742247929550e-20
3.800560979721961985e+02 1.525279929602173006e-20 6.008651742832220346e-21 2.449694684921123827e-20
3.794744655127557280e+02 1.560065245456316188e-20 6.356506520370389232e-21 2.484479838875593602e-20
3.788946105771434532e+02 1.603794228937524937e-20 6.669146637723901493e-21 2.540673794102659726e-20
3.783165250293700410e+02 1.655368230530712830e-20 6.938770939975198574e-21 2.616859367063905952e-20
3.777402007830232833e+02 1.712861513677085480e-20 7.163904587037488311e-21 2.709332568650421978e-20
3.771656298008913382e+02 1.773576930346517202e-20 7.345079549635328342e-21 2.812645905729501871e-20
3.765928040945885868e+02 1.834183371073088149e-20 7.481218608588720527e-21 2.920244881287304395e-20
3.760217157241859809e+02 1.890927561798835378e-20 7.568213233920688906e-21 3.025033800205602015e-20
3.754523567978437768e+02 1.939905291312746046e-20 7.599595329775201581e-21 3.119851049647972085e-20
3.748847194714481930e+02 1.977371386687838012e-20 7.568376962030943977e-21 3.197905077172581777e-20
3.743187959482511360e+02 2.000064111237903571e-20 7.469155601206750999e-21 3.253212662355132043e-20
3.737545784785131673e+02 2.005518320544756234e-20 7.299993919966233408e-21 3.281037249092889428e-20
3.731920593591499369e+02 1.992342651582275642e-20 7.063975487356752153e-21 3.278287754428875917e-20
3.726312309333814028e+02 1.960439000378734508e-20 6.770526844414201502e-21 3.243825316316048565e-20
3.720720855903845177e+02 1.911147108224288866e-20 6.436568491489753211e-21 3.178637367299602410e-20
3.715146157649490988e+02 1.847302575109436276e-20 6.087381540634205198e-21 3.085866996155452183e-20
3.709588139371362558e+02 1.773202295525544188e-20 5.756843153478607281e-21 2.970720275703227949e-20
3.704046726319405707e+02 1.694476453640734925e-20 5.486466522003687818e-21 2.840306255081101069e-20
3.698521844189550052e+02 1.617870336913405659e-20 5.322520162638215757e-21 2.703488657562989742e-20
3.693013419120384810e+02 1.550942230321690769e-20 5.310411666535537864e-21 2.570843293989827751e-20
3.687521377689870974e+02 1.501685895686530815e-20 5.485586090885717770e-21 2.454813182284490004e-20
3.682045646912076791e+02 1.478088373068437348e-20 5.860888476821660384e-21 2.370087898454708658e-20
3.676586154233945649e+02 1.487636997340399912e-20 6.413215560183573557e-21 2.333952438662442469e-20
3.671142827532090109e+02 1.536794397194255365e-20 7.079506586800255368e-21 2.365638135708485043e-20
3.665715595109619471e+02 1.630467135605804680e-20 7.778685422600405239e-21 2.483065728951568685e-20
3.660304385692986671e+02 1.771502075439869668e-20 8.458683399512769919e-21 2.697135810928462495e-20
3.654909128428872691e+02 1.960253118879819720e-20 9.126315930513323085e-21 3.007874644708306981e-20
3.649529752881091440e+02 2.194267488045861552e-20 9.827892186245267446e-21 3.405745757467196360e-20
3.644166189027527025e+02 2.468142576345229710e-20 1.060971300029027741e-20 3.875313852661431378e-20
3.638818367257091495e+02 2.773599154590169460e-20 1.149501284208263607e-20 4.397697024972075013e-20
3.633486218366718958e+02 3.099802755684971873e-20 1.248054153619297557e-20 4.951551357750646189e-20
3.628169673558373916e+02 3.433942255174837344e-20 1.354240776469616350e-20 5.513643733880058038e-20
3.622868664436099948e+02 3.762044761659732085e-20 1.464419006819660217e-20 6.059670516499804254e-20
3.617583123003078072e+02 4.069972595947655095e-20 1.574464519384237169e-20 6.565480672511073623e-20
3.612312981658726585e+02 4.344516538130918924e-20 1.680419384076578490e-20 7.008613692185259058e-20
3.607058173195816266e+02 4.574475491119275724e-20 1.778985707902878377e-20 7.369965274335673673e-20
3.601818630797612286e+02 4.751601622960498409e-20 1.867838477982937104e-20 7.635364767938059112e-20
3.596594288035043405e+02 4.871295638235942158e-20 1.945733037721668550e-20 7.796858238750216369e-20
3.591385078863896183e+02 4.932960193320631081e-20 2.012390171298031240e-20 7.853530215343230922e-20
3.586190937622029082e+02 4.939958559446874812e-20 2.068159738721014669e-20 7.811757380172735556e-20
3.581011799026616131e+02 4.899175335965445954e-20 2.113495866199418368e-20 7.684854805731472938e-20
3.575847598171408208e+02 4.820228884433305242e-20 2.148329022521390132e-20 7.492128746345220050e-20
3.570698270524026725e+02 4.714432698555043406e-20 2.171500867315373162e-20 7.257364529794713047e-20
3.565563751923270388e+02 4.593637155135439111e-20 2.180534040805691141e-20 7.006740269465187080e-20
3.560443978576454356e+02 4.469098047457308033e-20 2.172088497342956173e-20 6.766107597571660495e-20
3.555338887056765884e+02 4.350511236152417837e-20 2.143347547196878357e-20 6.557674925107957015e-20
3.550248414300645550e+02 4.245324709335114816e-20 2.094067228750056677e-20 6.396582189920173256e-20
3.545172497605192916e+02 4.158395024293312555e-20 2.028240206672827462e-20 6.288549841913797950e-20
3.540111074625586411e+02 4.092002023390116351e-20 1.954101532706537293e-20 6.229902514073695709e-20
3.535064083372538448e+02 4.046182830601516839e-20 1.882209232566385797e-20 6.210156428636647881e-20
3.530031462209757365e+02 4.019302187954378974e-20 1.822687707071802296e-20 6.215916668836955350e-20
3.525013149851442336e+02 4.008748128183320999e-20 1.782985667722647572e-20 6.234510588643994426e-20
3.520009085359794199e+02 4.011633715368340719e-20 1.766743808398308329e-20 6.256523622338373109e-20
3.515019208142551292e+02 4.025397369450540432e-20 1.773650066557349862e-20 6.277144672343731604e-20
3.510043457950539505e+02 4.048222789805285793e-20 1.799961779887576193e-20 6.296483799722995393e-20
3.505081774875252449e+02 4.079238554180330297e-20 1.839495110886620387e-20 6.318981997474039907e-20
3.500134099346441872e+02 4.118499399424513963e-20 1.885019836838522807e-20 6.351978962010505420e-20
3.495200372129737616e+02 4.166788282644154314e-20 1.929974665754561279e-20 6.403601899533747350e-20
3.490280534324282371e+02 4.225304310031188276e-20 1.970198720327459964e-20 6.480409899734916888e-20
3.485374527360386878e+02 4.295312776581515816e-20 2.005119822819067563e-20 6.585505730343963769e-20
3.480482292997206741e+02 4.377829225841605564e-20 2.037868156643215852e-20 6.717790295039994976e-20
3.475603773320437995e+02 4.473391931952856942e-20 2.074233870578289551e-20 6.872549993327424633e-20
3.470738910740030292e+02 4.581951155802109486e-20 2.120941401468355794e-20 7.042960910135862877e-20
3.465887647987923401e+02 4.702874821328659501e-20 2.183920580349987943e-20 7.221829062307331059e-20
3.461049928115795637e+02 4.835044838424995525e-20 2.267050550211978674e-20 7.403039126638011774e-20
3.456225694492841853e+02 4.977001039463080587e-20 2.371518838578047870e-20 7.582483240348113003e-20
3.451414890803557682e+02 5.127083561847643098e-20 2.495715404116470602e-20 7.758451719578814992e-20
3.446617461045549931e+02 5.283530109506122877e-20 2.635514810602836116e-20 7.931545408409409337e-20
3.441833349527365726e+02 5.444500110977787707e-20 2.784828129067664572e-20 8.104172092887910841e-20
3.437062500866334744e+02 5.608019652150344877e-20 2.936359258228852613e-20 8.279680046071837743e-20
3.432304859986434735e+02 5.771864267895835372e-20 3.082524356686857851e-20 8.461204179104812892e-20
3.427560372116168423e+02 5.933416032129232108e-20 3.216456372605045787e-20 8.650375691653418429e-20
3.422828982786466554e+02 6.089542453165758873e-20 3.332930520984548727e-20 8.846154385346969019e-20
3.418110637828597760e+02 6.236544712351523610e-20 3.428980612963829346e-20 9.044108811739217874e-20
3.413405283372106851e+02 6.370211369872063507e-20 3.504016432015709001e-20 9.236406307728418013e-20
3.408712865842761062e+02 6.485992943456107383e-20 3.559410473686155415e-20 9.412575413226059351e-20
3.404033331960517899e+02 6.579287104186584574e-20 3.597703789869500897e-20 9.560870418503668853e-20
3.399366628737507199e+02 6.645799344179742322e-20 3.621674013104593528e-20 9.669924675254891718e-20
3.394712703476034790e+02 6.681925663171653021e-20 3.633488409683581238e-20 9.730362916659725405e-20
3.390071503766594105e+02 6.685096610469938800e-20 3.634087615639988493e-20 9.736105605299888504e-20
3.385442977485902816e+02 6.654027950704611998e-20 3.622876053769979077e-20 9.685179847639245520e-20
3.380827072794949117e+02 6.588841237299146960e-20 3.597758292454866939e-20 9.579924182143426981e-20
3.376223738137058490e+02 6.491043634599340213e-20 3.555545006746853754e-20 9.426542262451826672e-20
3.371632922235970682e+02 6.363384304270554770e-20 3.492727092771428325e-20 9.234041515769681215e-20
3.367054574093939436e+02 6.209627843758969687e-20 3.406548748876124156e-20 9.012706938641814617e-20
3.362488642989843015e+02 6.034298016048375889e-20 3.296187566482862452e-20 8.772408465613889325e-20
3.357935078477310071e+02 5.842444283830767757e-20 3.163714391205251103e-20 8.521174176456284411e-20
3.353393830382862006e+02 5.639469784047144035e-20 3.014463558026749282e-20 8.264476010067538187e-20
3.348864848804072949e+02 5.431036013255789446e-20 2.856587954937598175e-20 8.005484071573980716e-20
3.344348084107737122e+02 5.223032730196173385e-20 2.699860026129611731e-20 7.746205434262735641e-20
3.339843486928060088e+02 5.021578405600304711e-20 2.554025724162965037e-20 7.489131087037644686e-20
3.335351008164857376e+02 4.833003094721651538e-20 2.427074149926663691e-20 7.238932039516639987e-20
3.330870598981771309e+02 4.663765637531369871e-20 2.323685973070634279e-20 7.003845301992105163e-20
3.326402210804502033e+02 4.520271076107068210e-20 2.244041510412383542e-20 6.796500641801752878e-20
3.321945795319052195e+02 4.408579179028083760e-20 2.183265393708135027e-20 6.633892964348033095e-20
3.317501304469984120e+02 4.334025304275079118e-20 2.132062430758842659e-20 6.535988177791315277e-20
3.313068690458693482e+02 4.300803386789378564e-20 2.079207482516796258e-20 6.522399291061960869e-20
3.308647905741697173e+02 4.311580601036085122e-20 2.015764957847016823e-20 6.607396244225153119e-20
3.304238903028929712e+02 4.367218879809701105e-20 1.939170555754711629e-20 6.795267203864690580e-20
3.299841635282061816e+02 4.466667476073938842e-20 1.854572466741122642e-20 7.078762485406754742e-20
3.295456055712823513e+02 4.607064123629536287e-20 1.772795057935528524e-20 7.441333189323544050e-20
3.291082117781346597e+02 4.784044517468945665e-20 1.706738176648191730e-20 7.861350858289698998e-20
3.286719775194517865e+02 4.992217967958448299e-20 1.668141586372667084e-20 8.316294349544228913e-20
3.282368981904346015e+02 5.225729823067543288e-20 1.665284160411373844e-20 8.786175485723713334e-20
3.278029692106341599e+02 5.478807050838271113e-20 1.701303789770966155e-20 9.256310311905575470e-20
3.273701860237909500e+02 5.746178726745052875e-20 1.772799688821417416e-20 9.719557764668688935e-20
3.269385440976754467e+02 6.023281064973363494e-20 1.868776998795900978e-20 1.017778513115082601e-19
3.265080389239297460e+02 6.306195546429514237e-20 1.970492910879117045e-20 1.064189818197991143e-19
3.260786660179109049e+02 6.591322439739885853e-20 2.053126088063966742e-20 1.112951879141580436e-19
3.256504209185348486e+02 6.874850570538163743e-20 2.089985744726072682e-20 1.165971539635025420e-19
3.252232991881221551e+02 7.152135525099719331e-20 2.058761292570428584e-20 1.224550975762901008e-19
3.247972964122446911e+02 7.417130961113831926e-20 1.947554686635329113e-20 1.288670723559233474e-19
3.243724081995734991e+02 7.662022776731022960e-20 1.757886448405896404e-20 1.356615910505615072e-19
3.239486301817278786e+02 7.877190223586345366e-20 1.503570564234456406e-20 1.425080988293823553e-19
3.235259580131257735e+02 8.051564691602167973e-20 1.206733271342459125e-20 1.489639611186187802e-19
3.231043873708350702e+02 8.173385043556070713e-20 8.931179273820455176e-21 1.545365215973009470e-19
3.226839139544265436e+02 8.231271700691137029e-20 5.881154337393536923e-21 1.587442796764292157e-19
3.222645334858271440e+02 8.215475491267950675e-20 3.139646490867482545e-21 1.611698633344915310e-19
3.218462417091753878e+02 8.119115217042362693e-20 8.802178506903919349e-22 1.615020864901568619e-19
3.214290343906770318e+02 7.939208909714882817e-20 -7.813370843829301988e-22 1.595655152786805865e-19
3.210129073184625099e+02 7.677330070594303550e-20 -1.789517047592320431e-21 1.553361184594783914e-19
3.205978563024449386e+02 7.339776845905767317e-20 -2.146614899415831136e-21 1.489421518175311775e-19
3.201838771741797132e+02 6.937218077710461264e-20 -1.906303822165057449e-21 1.406506653763742948e-19
3.197709657867247870e+02 6.483860924779888527e-20 -1.164391122702409624e-21 1.308416096183001681e-19
3.193591180145022577e+02 5.996255357139257959e-20 -4.788920560159207479e-23 1.199729963483867512e-19
3.189483297531610333e+02 5.491899157168817513e-20 1.296446171398175241e-21 1.085415369719781750e-19
3.185385969194404083e+02 4.987826073199190590e-20 2.713164460961045399e-21 9.704335700302276641e-20
3.181299154510347194e+02 4.499348563376161736e-20 4.048340385176947295e-21 8.593863088234628742e-20
3.177222813064592515e+02 4.039089970244436035e-20 5.159499071161891443e-21 7.562230033372682925e-20
3.173156904649168837e+02 3.616387956319194203e-20 5.927040490853251883e-21 6.640071863553063218e-20
3.169101389261659278e+02 3.237092432165810026e-20 6.269636377727710204e-21 5.847221226558849332e-20
3.165056227103889341e+02 2.903727304284041917e-20 6.163668506148029747e-21 5.191087757953280860e-20
3.161021378580625196e+02 2.615943977759807902e-20 5.658807018415191105e-21 4.666007253678096694e-20
3.156996804298282200e+02 2.371169929272459752e-20 4.873703762835798953e-21 4.254969482261339609e-20
3.152982465063641939e+02 2.165348381201671039e-20 3.963346361788652014e-21 3.934362126224476876e-20
3.148978321882580076e+02 1.993672689715198378e-20 3.073606994349219287e-21 3.679984679995474826e-20
3.144984335958803854e+02 1.851237186544090916e-20 2.309534335968012651e-21 3.471520939491380567e-20
3.141000468692600975e+02 1.733550008417876786e-20 1.728246986754090676e-21 3.294275318160344203e-20
3.137026681679591888e+02 1.636878563178202723e-20 1.348349586495859958e-21 3.138922167706819451e-20
3.133062936709500264e+02 1.558421553098572669e-20 1.163253168654372288e-21 3.000517789331708109e-20
3.129109195764925175e+02 1.496321077819364943e-20 1.150679001855619048e-21 2.877574255453168282e-20
3.125165421020127496e+02 1.449543530032412743e-20 1.276401106102199203e-21 2.771446949454605866e-20
3.121231574839821974e+02 1.417668643749618123e-20 1.494188600774419929e-21 2.685918427421794403e-20
3.117307619777981813e+02 1.400632156212350906e-20 1.746267864195162874e-21 2.626637526005185373e-20
3.113393518576647807e+02 1.398468936629709739e-20 1.969475499096119639e-21 2.599990323349807514e-20
3.109489234164753952e+02 1.411099780209510697e-20 2.110007685088445249e-21 2.611198791910176870e-20
3.105594729656951358e+02 1.438196108983032550e-20 2.142764334267502591e-21 2.662115784539314841e-20
3.101709968352450915e+02 1.479142800809118181e-20 2.084047213151221858e-21 2.749880880303114326e-20
3.097834913733867666e+02 1.533101410977477320e-20 1.988560836374574728e-21 2.867346738317497166e-20
3.093969529466078825e+02 1.599156363932147537e-20 1.933235995831017974e-21 3.004989128281193277e-20
3.090113779395087477e+02 1.676508429644727369e-20 1.997760997893278408e-21 3.153240759500126595e-20
3.086267627546892527e+02 1.764666568484774954e-20 2.248749395045812969e-21 3.304458197464968611e-20
3.082431038126375142e+02 1.863584323823635300e-20 2.728608034342584127e-21 3.454307844213012489e-20
3.078603975516183482e+02 1.973692476583397453e-20 3.447702141671227639e-21 3.602614738999672142e-20
3.074786404275634482e+02 2.095795856913293017e-20 4.379291481842352112e-21 3.753662565642350822e-20
3.070978289139615072e+02 2.230826972940500624e-20 5.458999215960170072e-21 3.915754024284983941e-20
3.067179595017503289e+02 2.379478290558737533e-20 6.592589739859912949e-21 4.099697607131483771e-20
3.063390286992080291e+02 2.541762995512091573e-20 7.675138087429913247e-21 4.316012182281191821e-20
3.059610330318472506e+02 2.716575019202059725e-20 8.618606092355455751e-21 4.571289429168573573e-20
3.055839690423080128e+02 2.901328165015605371e-20 9.375832827944479150e-21 4.865073047236763128e-20
3.052078332902526654e+02 3.091748678179016977e-20 9.947320777480198970e-21 5.188765278610014057e-20
3.048326223522614100e+02 3.281875825705624844e-20 1.036835669549204480e-20 5.526915981862045508e-20
3.044583328217280496e+02 3.464294255102189637e-20 1.068665241759242732e-20 5.859923268445137143e-20
3.040849613087573857e+02 3.630585706721124280e-20 1.094247365211370134e-20 6.166924048230879028e-20
3.037125044400621618e+02 3.771952854035498051e-20 1.115697212370198650e-20 6.428208495700796850e-20
3.033409588588625070e+02 3.879941108061509823e-20 1.132875230880548712e-20 6.627006985242470331e-20
3.029703212247840156e+02 3.947169899562189474e-20 1.143653353223789370e-20 6.750686445900590181e-20
3.026005882137583285e+02 3.967985318024687360e-20 1.144569715471196243e-20 6.791400920578178477e-20
3.022317565179235430e+02 3.938960128409552849e-20 1.131693017929777944e-20 6.746227238889327153e-20
3.018638228455254193e+02 3.859191612250177478e-20 1.101545738095145721e-20 6.616837486405208633e-20
3.014967839208200076e+02 3.730377275991506983e-20 1.051945353095806709e-20 6.408809198887206956e-20
3.011306364839755361e+02 3.556677739617870136e-20 9.826303237514141144e-21 6.130725155484326760e-20
3.007653772909768009e+02 3.344400355003107406e-20 8.955610649252242878e-21 5.793239645080991126e-20
3.004010031135286454e+02 3.101553214380000213e-20 7.948368901553307328e-21 5.408269538604669693e-20
3.000375107389615437e+02 2.837326045582794809e-20 6.862442508590884702e-21 4.988407840306501147e-20
2.996748969701364445e+02 2.561552679008337199e-20 5.765269696218082063e-21 4.546578388394866191e-20
2.993131586253515479e+02 2.284201200111133847e-20 4.725113985229132216e-21 4.095891001699354172e-20
2.989522925382491394e+02 2.014925074804698893e-20 3.801985174877046949e-21 3.649651632121693392e-20
2.985922955577230482e+02 1.762694000229073042e-20 3.038385629654201566e-21 3.221549437492725927e-20
2.982331645478272435e+02 1.535509208095542142e-20 2.448446279725068272e-21 2.826173788218577607e-20
2.978748963876842026e+02 1.340196173253673273e-20 2.002574935498948129e-21 2.480134852957451582e-20
2.975174879713953260e+02 1.182259424356582568e-20 1.606918254154364508e-21 2.203827023297728535e-20
2.971609362079503285e+02 1.065780254486314187e-20 1.092953965069471084e-21 2.022265112465681415e-20
2.968052380211387913e+02 9.933389790552050991e-21 2.643173752063799233e-22 1.960246220589772356e-20
2.964503903494613724e+02 9.659488228322316041e-21 -9.835574878085727617e-22 2.030253394445320484e-20
2.960963901460420402e+02 9.829976640810008899e-21 -2.600297378825962293e-21 2.226025066044598009e-20
2.957432343785408193e+02 1.042205043335697966e-20 -4.456134330722724082e-21 2.530023519743668339e-20
2.953909200290672743e+02 1.139612659571918612e-20 -6.429313650689985403e-21 2.922156684212835914e-20
2.950394440940947334e+02 1.269634249836777568e-20 -8.428102533126183927e-21 3.382078752986173680e-20
2.946888035843741704e+02 1.425192701760820518e-20 -1.037933804092716300e-20 3.888319207614357035e-20
2.943389955248507022e+02 1.597966804625207499e-20 -1.221508813389740519e-20 4.417442422640155216e-20
2.939900169545783228e+02 1.778757053272283326e-20 -1.386608453341972395e-20 4.944122559886539047e-20
2.936418649266369130e+02 1.957961087972337555e-20 -1.526157606501231017e-20 5.442079782445905826e-20
2.932945365080491342e+02 2.126128120967249934e-20 -1.633358162201432458e-20 5.885614404135932025e-20
2.929480287796981770e+02 2.274542603868367222e-20 -1.702359036863289184e-20 6.251444244600023628e-20
2.926023388362460764e+02 2.395775036816570919e-20 -1.729000734130921069e-20 6.520550807764062606e-20
2.922574637860518578e+02 2.484135713147735237e-20 -1.711486048017563334e-20 6.679757474313033808e-20
2.919134007510919560e+02 2.535976733600555267e-20 -1.650852086507705846e-20 6.722805553708816681e-20
2.915701468668790994e+02 2.549807597629677024e-20 -1.551149542525104057e-20 6.650764737784458407e-20
2.912276992823837531e+02 2.526216409728011666e-20 -1.419274307851577161e-20 6.471707127307600192e-20
2.908860551599544806e+02 2.467616904157409598e-20 -1.264441724356455809e-20 6.199675532671274703e-20
2.905452116752398979e+02 2.377865403291300152e-20 -1.097340765620856951e-20 5.853071572203456652e-20
2.902051660171107983e+02 2.261806818561339679e-20 -9.290503335126203436e-21 5.452663970635299703e-20
2.898659153875827883e+02 2.124812356325884526e-20 -7.698407961233429631e-21 5.019465508775112014e-20
2.895274570017397764e+02 1.972363858077727516e-20 -6.280208161062217870e-21 4.572748532261677121e-20
2.891897880876572344e+02 1.809723334875894055e-20 -5.090194341212858420e-21 4.128466103873073952e-20
2.888529058863273917e+02 1.641705576957749851e-20 -4.149011296004811557e-21 3.698312283515981158e-20
2.885168076515830080e+02 1.472551543171468127e-20 -3.444651475735518480e-21 3.289568233916488404e-20
2.881814906500238180e+02 1.305884644297979456e-20 -2.939503112586414755e-21 2.905719599854600537e-20
2.878469521609416688e+02 1.144723482844183829e-20 -2.581735989166533046e-21 2.547620564605021113e-20
2.875131894762473621e+02 9.915235484999769572e-21 -2.317712021675406442e-21 2.214818299167494408e-20
2.871801999003972696e+02 8.482254297527541890e-21 -2.101940448846062393e-21 1.906644904390114467e-20
2.868479807503209713e+02 7.162957442051267515e-21 -1.902506302230898022e-21 1.622842118633343305e-20
2.865165293553494053e+02 5.967563251796122366e-21 -1.701897158813326758e-21 1.363702366240557224e-20
2.861858430571425060e+02 4.902047812352825041e-21 -1.494577822530548000e-21 1.129867344723619808e-20
2.858559192096191737e+02 3.968338840763750131e-21 -1.283076709822189476e-21 9.219754391349688985e-21
2.855267551788859919e+02 3.164579938034632633e-21 -1.074020238865718042e-21 7.403180114934984060e-21
2.851983483431673676e+02 2.485525358727939065e-21 -8.749566355210297453e-22 5.846007352976907499e-21
2.848706960927357841e+02 1.923086438699287950e-21 -6.922763165119636460e-22 4.538449193910539922e-21
2.845437958298428498e+02 1.467008737785612773e-21 -5.301873071217619194e-22 3.464204782692987653e-21
2.842176449686508022e+02 1.105625451675128377e-21 -3.905426919204585682e-22 2.601793595270715322e-21
2.838922409351636134e+02 8.266147232282807946e-22 -2.733042859993394156e-22 1.926533732455900911e-21
2.835675811671603128e+02 6.176878695401531636e-22 -1.775302823924387505e-22 1.412906021472745078e-21
2.832436631141267185e+02 4.671495645956226770e-22 -1.029629080718802151e-22 1.037262037263125475e-21
2.829204842371894983e+02 3.642943131523323985e-22 -5.229281043073820496e-23 7.808814367354029550e-22
2.825980420090491521e+02 2.996299499859473008e-22 -3.231331775042612347e-23 6.315732177223207720e-22
2.822763339139145842e+02 2.649429691408514219e-22 -4.706497859217161706e-23 5.769509168738744608e-22
2.819553574474375637e+02 2.532384624381817761e-22 -8.673471886207958623e-23 5.932116437384430914e-22
2.816351101166474677e+02 2.585975026025160213e-22 -1.356327834144357890e-22 6.528277886194678788e-22
2.813155894398874466e+02 2.759968600932877366e-22 -1.845223361389705962e-22 7.365160563255460225e-22
2.809967929467492809e+02 3.011311779500611433e-22 -2.300797904385155689e-22 8.323421463386378555e-22
2.806787181780107403e+02 3.302680677694436189e-22 -2.712774264399355203e-22 9.318135619788227110e-22
2.803613626855714642e+02 3.601542375968059356e-22 -3.075417990510629520e-22 1.027850274244674823e-21
2.800447240323910023e+02 3.879778762359821455e-22 -3.381909881265670024e-22 1.114146740598531246e-21
2.797287997924257752e+02 4.113809866432948049e-22 -3.623952656183237803e-22 1.185157238904913390e-21
2.794135875505673425e+02 4.285066534400327433e-22 -3.793072354584173351e-22 1.236320542338482822e-21
2.790990849025809553e+02 4.380612857272161338e-22 -3.882197864886979020e-22 1.264342357943130076e-21
2.787852894550442215e+02 4.393710252541091216e-22 -3.886949016394894895e-22 1.267436952147707827e-21
2.784721988252866822e+02 4.324144388443373616e-22 -3.806401959368378284e-22 1.245469073625512646e-21
2.781598106413290452e+02 4.178194163714528207e-22 -3.643268735777202420e-22 1.199965706320625883e-21
2.778481225418239546e+02 3.968195188741034498e-22 -3.403556717479892761e-22 1.133994709496196176e-21
2.775371321759958505e+02 3.711723090935814875e-22 -3.095921694250238027e-22 1.051936787612186778e-21
2.772268372035821358e+02 3.430479892640838399e-22 -2.731150085285400528e-22 9.592109870567077327e-22
2.769172352947745708e+02 3.148999042618222480e-22 -2.322595254116567579e-22 8.620593339353012539e-22
2.766083241301606677e+02 2.893287000657345833e-22 -1.889098613644430418e-22 7.675672614959121614e-22
2.763001014006663354e+02 2.689494343942815336e-22 -1.462900556742344648e-22 6.841889244627974850e-22
2.759925648074975015e+02 2.562666507430066959e-22 -1.104248064101614142e-22 6.229581078961747589e-22
2.756857120620837804e+02 2.535577221569555354e-22 -9.121184145827946570e-23 5.983272857721905836e-22
2.753795408860211182e+02 2.627611370837462972e-22 -9.909409540364379634e-23 6.246163695711364378e-22
2.750740490110158021e+02 2.853650791418127218e-22 -1.369923004704871991e-22 7.077224587541126897e-22
2.747692341788282420e+02 3.222933155908428624e-22 -1.992921484587765298e-22 8.438787796404622076e-22
2.744650941412173779e+02 3.737899419932059634e-22 -2.788202347114007120e-22 1.026400118697812639e-21
2.741616266598852008e+02 4.393109929752558766e-22 -3.705430044816471001e-22 1.249164990432158759e-21
2.738588295064222962e+02 5.174377040732527288e-22 -4.711644249973095767e-22 1.506039833143815128e-21
2.735567004622530476e+02 6.058313294622832919e-22 -5.779552009685245261e-22 1.789617859893091204e-21
2.732552373185810097e+02 7.012510140479328177e-22 -6.879755460682233816e-22 2.090477574164089111e-21
2.729544378763361010e+02 7.996529918206954586e-22 -7.977349054597136365e-22 2.397040889101104554e-21
2.726542999461200907e+02 8.963810191059902105e-22 -9.031623889573291413e-22 2.695924427169309750e-21
2.723548213481541325e+02 9.864453263807828961e-22 -9.997869654862810734e-22 2.972677618247847054e-21
2.720559999122258432e+02 1.064872500387252167e-21 -1.083053717578780904e-21 3.212798718353285427e-21
2.717578334776366091e+02 1.127094405127435050e-21 -1.148713197488640975e-21 3.402902007743511451e-21
2.714603198931499719e+02 1.169333558309550973e-21 -1.193223637095152609e-21 3.531890753714254180e-21
2.711634570169394465e+02 1.188937878612975299e-21 -1.214108501245058577e-21 3.591984258471009362e-21
2.708672427165375893e+02 1.184620887828909676e-21 -1.210219231420161645e-21 3.579461007077980809e-21
2.705716748687842710e+02 1.156574251522670316e-21 -1.181866501025622375e-21 3.495015004070963196e-21
2.702767513597767675e+02 1.106436340730884399e-21 -1.130801965303518407e-21 3.343674646765287016e-21
2.699824700848186581e+02 1.037120376703507139e-21 -1.060053717597287936e-21 3.134294471004302403e-21
2.696888289483701442e+02 9.525250958210223619e-22 -9.736389926213966026e-22 2.878689184263441326e-21
2.693958258639983683e+02 8.571662744685659329e-22 -8.761936669286698879e-22 2.590526215865801754e-21
2.691034587543274483e+02 7.557762806078343813e-22 -7.725672258301019281e-22 2.284119787045770597e-21
2.688117255509903316e+02 6.529198575254758798e-22 -6.674329222888964810e-22 1.973272637339848147e-21
2.685206241945788861e+02 5.526679552887483757e-22 -5.649562630295988926e-22 1.670292173607095644e-21
2.682301526345964930e+02 4.583593496884235394e-22 -4.685525348072001020e-22 1.385271234184047275e-21
2.679403088294089912e+02 3.724646676197746236e-22 -3.807485488660367444e-22 1.125677884105586086e-21
2.676510907461977240e+02 2.965521726736054073e-22 -3.031481095622460724e-22 8.962524549094568400e-22
2.673624963609113365e+02 2.313417952607784869e-22 -2.364875041948652998e-22 6.991710947164222266e-22
2.670745236582187090e+02 1.768251390061049011e-22 -1.807583245196412040e-22 5.344086025318509826e-22
2.667871706314622884e+02 1.324252502934819181e-22 -1.353708703693971102e-22 4.002213709563609464e-22
2.665004352826111926e+02 9.717050681503308567e-23 -9.933194915062123253e-23 2.936729627806874039e-22
2.662143156222153380e+02 6.986103166586251149e-23 -7.141501410685547731e-23 2.111370774385805003e-22
2.659288096693585430e+02 4.921215432559395162e-23 -5.030682788810484885e-23 1.487311365392927580e-22
2.656439154516139638e+02 3.396617258785698348e-23 -3.472171620078393376e-23 1.026540613764979007e-22
2.653596310049976523e+02 2.296982555631429677e-23 -2.348076687252090999e-23 6.942041798514950648e-23
2.650759543739242758e+02 1.521968384325003414e-23 -1.555823101685125709e-23 4.599759870335132831e-23
2.647928836111615283e+02 9.880761427555033084e-24 -1.010054949700095822e-23 2.986207235211102585e-23
2.645104167777860766e+02 6.285097852136059238e-24 -6.424903857572179228e-24 1.899509956184429844e-23
2.642285519431390526e+02 3.917152878279088512e-24 -4.004286216705410483e-24 1.183859197326358751e-23
2.639472871847822262e+02 2.392025730314786572e-24 -2.445234070103642669e-24 7.229285530733215812e-24
2.636666205884542364e+02 1.431192394852901553e-24 -1.463027911202483193e-24 4.325412700908286483e-24
2.633865502480268788e+02 8.390098124259797597e-25 -8.576727897580112595e-25 2.535692414609970779e-24
2.631070742654626429e+02 4.819177334739168625e-25 -4.926375364206928972e-25 1.456473003368526714e-24
2.628281907507711139e+02 2.712161973704444217e-25 -2.772491445179124474e-25 8.196815392588013368e-25
2.625498978219666810e+02 1.495530191235266072e-25 -1.528796842460879737e-25 4.519857224931411652e-25
2.622721936050263025e+02 8.080004346891514289e-26 -8.259736383630911415e-26 2.441974507741394114e-25
2.619950762338471577e+02 4.277252130587550307e-26 -4.372395549498082209e-26 1.292689981067318168e-25
2.617185438502053216e+02 2.218477127555441571e-26 -2.267825048243044006e-26 6.704779303353927435e-26
2.614425946037134736e+02 1.127410063284110804e-26 -1.152488231423482707e-26 3.407308357991704315e-26
2.611672266517805383e+02 5.613654835653670556e-27 -5.738525266102016009e-27 1.696583493740935569e-26
2.608924381595698492e+02 2.738711919649240776e-27 -2.799631970197985780e-27 8.277055809496466973e-27
2.606182272999589600e+02 1.309133225857074860e-27 -1.338253653504768215e-27 3.956520105218917755e-27
2.603445922534989450e+02 6.131379339993587609e-28 -6.267766061327368128e-28 1.853052474131454245e-27
2.600715312083739832e+02 2.813645472726133185e-28 -2.876232349146252263e-28 8.503523294598517737e-28
2.597990423603616819e+02 1.265078309530411871e-28 -1.293218777329174890e-28 3.823375396389998632e-28
2.595271239127931722e+02 5.573170020311936126e-29 -5.697139904479883503e-29 1.684347994510375463e-28
2.592557740765137169e+02 2.405603362995903402e-29 -2.459113729480401615e-29 7.270320455472208419e-29
2.589849910698432041e+02 1.017378602979718619e-29 -1.040009225607146689e-29 3.074766431566584068e-29
2.587147731185376074e+02 4.215780824391697016e-30 -4.309556872597985426e-30 1.274111852138137876e-29
2.584451184557497641e+02 1.711631600878935426e-30 -1.749705223346937673e-30 5.172968425104808525e-30
2.581760253219911760e+02 6.808938557815181456e-31 -6.960396941690106270e-31 2.057827405732046831e-30
2.579074919650936408e+02 2.653905055498940774e-31 -2.712938657763141104e-31 8.020748768761022213e-31
2.576395166401712231e+02 1.013510367496565658e-31 -1.036054944892617726e-31 3.063075679885749262e-31
2.573720976095824540e+02 3.792345151015384270e-32 -3.876702274051836388e-32 1.146139257608260493e-31
2.571052331428926436e+02 1.390350716936207503e-32 -1.421277750690248625e-32 4.201979184562663905e-32
2.568389215168370470e+02 4.994335588608787018e-33 -5.105429849536179044e-33 1.509410102675375240e-32
2.565731610152830058e+02 1.757793782412046253e-33 -1.796894238850161447e-33 5.312481803674253612e-33
2.563079499291937964e+02 6.061707473938307198e-34 -6.196544410669483480e-34 1.831995935854609788e-33
2.560432865565915677e+02 2.048136381071539005e-34 -2.093695233394710021e-34 6.189967995537788458e-34
2.557791692025210466e+02 6.780467161936453243e-35 -6.931292226598945592e-35 2.049222655047185208e-34
2.555155961790134143e+02 2.199364492302143541e-35 -2.248287270607177821e-35 6.647016255211464903e-35
2.552525658050502386e+02 6.989911045554764836e-36 -7.145394990871749325e-36 2.112521708198127900e-35
2.549900764065279759e+02 2.176621605857719627e-36 -2.225038490212254886e-36 6.578281701927694474e-36
2.547281263162219886e+02 6.640963144379108186e-37 -6.788685074409907876e-37 2.007061136316812592e-36
2.544667138737518428e+02 1.985253871159979958e-37 -2.029413961657883547e-37 5.999921703977843880e-37
2.542058374255456386e+02 5.814841487752211496e-38 -5.944187124630386981e-38 1.757387010013480893e-37
2.539454953248056484e+02 1.668770279808634750e-38 -1.705890492818731746e-38 5.043431052436001767e-38
2.536856859314733299e+02 4.692368168058510424e-39 -4.796745449957431236e-39 1.418148178607445274e-38
2.534264076121950495e+02 1.292779482102881291e-39 -1.321536136228008425e-39 3.907095100433770844e-39
2.531676587402877203e+02 3.489744800052243616e-40 -3.567370865123081085e-40 1.054686046522756832e-39
2.529094376957048951e+02 9.229958198828547346e-41 -9.435269869679986928e-41 2.789518626733708162e-40
2.526517428650031150e+02 2.391897951419644320e-41 -2.445103454015999110e-41 7.228899356855287749e-41
2.523945726413077466e+02 6.073267452323461873e-42 -6.208361529815832756e-42 1.835489643446275523e-41
2.521379254242803540e+02 1.510911456118396591e-42 -1.544520249233351597e-42 4.566343161470144778e-42
2.518817996200847062e+02 3.682921556048369523e-43 -3.764844654939863260e-43 1.113068776703660310e-42
2.516261936413545186e+02 8.795950378470643258e-44 -8.991607956763762435e-44 2.658350871370504696e-43
2.513711059071601426e+02 2.058305904559175143e-44 -2.104090968292389560e-44 6.220702777410739847e-44
2.511165348429761934e+02 4.719260126736585321e-45 -4.824235594764750553e-45 1.426275584823792057e-44
2.508624788806491210e+02 1.060168168113830532e-45 -1.083750604056659811e-45 3.204086940284321030e-45
2.506089364583648660e+02 2.333524964451830541e-46 -2.385432015286099717e-46 7.052481944189760410e-46
2.503559060206173115e+02 5.032537153942682554e-47 -5.144481172478775435e-47 1.520955548036414054e-46
2.501033860181757404e+02 1.063404210673320756e-47 -1.087058629315373084e-47 3.213867050662014353e-47
2.498513749080539412e+02 2.201641529377082994e-48 -2.250614958213367547e-48 6.653898016967533535e-48
2.495998711534783467e+02 4.466133380437098190e-49 -4.565478283938260184e-49 1.349774504481245732e-48
2.493488732238568844e+02 8.876742395342305079e-50 -9.074197115466308723e-50 2.682768190615092078e-49
2.490983795947479962e+02 1.728671180612582616e-50 -1.767123832379676481e-50 5.224466193604841239e-50
2.488483887478297163e+02 3.298435637226215598e-51 -3.371806211316219730e-51 9.968677485768650926e-51
2.485988991708691458e+02 6.166524817356962910e-52 -6.303693316533802063e-52 1.863674295124772937e-51
2.483499093576915300e+02 1.129561289672014844e-52 -1.154687309824631974e-52 3.413809889168661848e-52
2.481014178081506714e+02 2.027290404608523818e-53 -2.072385557945617004e-53 6.126966367162664871e-53
2.478534230280978932e+02 3.564995420901698220e-54 -3.644295364701647941e-54 1.077428620650504322e-53
2.476059235293529923e+02 6.142410472129537128e-55 -6.279042570555245283e-55 1.856386351481431882e-54
2.473589178296738851e+02 1.036944569058772161e-55 -1.060010418054790520e-55 3.133899556172334662e-55
2.471124044527271337e+02 1.715177594435830264e-56 -1.753330094169278779e-56 5.183685283040939307e-56
2.468663819280587006e+02 2.779710039200159808e-57 -2.841542054073534795e-57 8.400962132473854411e-57
2.466208487910644749e+02 4.413943234867769378e-58 -4.512127218052940591e-58 1.334001368778847935e-57
2.463758035829615665e+02 6.867376200281912589e-59 -7.020134474119404009e-59 2.075488687468322742e-58
2.461312448507588329e+02 1.046867655212534851e-59 -1.070154233853733921e-59 3.163889544278803622e-59
2.458871711472288837e+02 1.563614077226141417e-60 -1.598395190189676660e-60 4.725623344641959494e-60
2.456435810308787779e+02 2.288253888486781278e-61 -2.339153927149673666e-61 6.915661704123236567e-61
2.454004730659224265e+02 3.281071493741172130e-62 -3.354055818919157628e-62 9.916198806401501455e-62
2.451578458222516588e+02 4.609608328257382952e-63 -4.712144695969835953e-63 1.393136135248460132e-62
2.449156978754086538e+02 6.345256823711566430e-64 -6.486401046945715893e-64 1.917691469436885010e-63
2.446740278065579162e+02 8.557979293673710484e-65 -8.748343430763563626e-65 2.586430201811098628e-64
2.444328342024584799e+02 1.130915366630769984e-65 -1.156071506941791950e-65 3.417902240203332129e-65
2.441921156554366235e+02 1.464285717616996946e-66 -1.496857365376587368e-66 4.425428800610580997e-66
2.439518707633579879e+02 1.857626486986181657e-67 -1.898947627303963066e-67 5.614200601276326050e-67
2.437120981296010314e+02 2.309020616472533767e-68 -2.360382591314274996e-68 6.978423824259342530e-68
2.434727963630293459e+02 2.812121453938012323e-69 -2.874674430008739447e-69 8.498917337884763579e-69
2.432339640779651120e+02 3.355654073581611829e-70 -3.430297417549742517e-70 1.014160556471296618e-69
2.429955998941622681e+02 3.923350801600235805e-71 -4.010622021150855435e-71 1.185732362435132705e-70
2.427577024367797662e+02 4.494423025200440725e-72 -4.594397205032992660e-72 1.358324325543387311e-71
2.425202703363555372e+02 5.044610030588806672e-73 -5.156822598821781138e-73 1.524604265999939448e-72
2.422833022287796609e+02 5.547765541364709612e-74 -5.671170326982710311e-74 1.676670140971213032e-73
2.420467967552687867e+02 5.977855951766971816e-75 -6.110827690872099336e-75 1.806653959440604100e-74
2.418107525623396725e+02 6.311166530291986413e-76 -6.451552447263939717e-76 1.907388550784791377e-75
2.415751683017838332e+02 6.528459006444480615e-77 -6.673678388572139409e-77 1.973059640146110141e-76
2.413400426306414772e+02 6.616808569639964499e-78 -6.763993204052367195e-78 1.999761034333229715e-77
2.411053742111762404e+02 6.570876526804002346e-79 -6.717039446463543881e-79 1.985879250007154857e-78
2.408711617108496910e+02 6.393444358671785585e-80 -6.535660467943157333e-80 1.932254918528672850e-79
2.406374038022960917e+02 6.095134881139593075e-81 -6.230715378857354997e-81 1.842098514113654115e-80
2.404040991632975590e+02 5.693359383739945285e-82 -5.820002766369970393e-82 1.720672153384986096e-81
2.401712464767586823e+02 5.210635862193621103e-83 -5.326541517671043951e-83 1.574781324205828689e-82
2.399388444306823089e+02 4.672504161875882650e-84 -4.776439587786746503e-84 1.412144791153851180e-83
2.397068917181442771e+02 4.105305838628205239e-85 -4.196624475498251335e-85 1.240723615275466067e-84
2.394753870372695133e+02 3.534094712078068707e-86 -3.612707298901687713e-86 1.068089672305782513e-85
2.392443290912073053e+02 2.980902002888348369e-87 -3.047209342279676328e-87 9.009013348056373959e-87
2.390137165881071439e+02 2.463508475554842801e-88 -2.518306886379377393e-88 7.445323837489062436e-88
2.387835482410947350e+02 1.994790402424984264e-89 -2.039162624020981316e-89 6.028743428870949844e-89
2.385538227682479544e+02 1.582622466520419103e-90 -1.617826403085323279e-90 4.783071336126161703e-90
2.383245388925732584e+02 1.230252426900887400e-91 -1.257618225953815824e-91 3.718123079755590898e-91
2.380956953419816671e+02 9.370181033254029611e-93 -9.578611828137014333e-93 2.831897389464507185e-92
2.378672908492656290e+02 6.992598296776354804e-94 -7.148142017449534023e-94 2.113333861100224257e-93
2.376393241520753463e+02 5.112885014840908923e-95 -5.226616295379288450e-95 1.545238632506110763e-94
2.374117939928956389e+02 3.662944336024664167e-96 -3.744423060593521721e-96 1.107031173264285005e-95
2.371846991190227811e+02 2.571173949955913106e-97 -2.628367277200001023e-97 7.770715177111827234e-97
2.369580382825415654e+02 1.768354968827069496e-98 -1.807690348845850218e-98 5.344400286499989209e-98
2.367318102403024511e+02 1.191637830295991857e-99 -1.218144684251067144e-99 3.601420344843051061e-99
2.365060137538986567e+02 7.867848059203273252e-101 -8.042860881172968094e-101 2.377855699957951587e-100
2.362806475896439053e+02 5.089844261403090099e-102 -5.203063022222052855e-102 1.538275154502823464e-101
2.360557105185495175e+02 3.226189481984488421e-103 -3.297953008834840528e-103 9.750331972803817369e-103
2.358312013163025540e+02 2.003604946597317303e-104 -2.048173239372945670e-104 6.055383132567580275e-104
2.356071187632431361e+02 1.219189368160838953e-105 -1.246309079958998273e-105 3.684687816280676373e-105
2.353834616443427592e+02 7.268873077218621275e-107 -7.430562268495844784e-107 2.196830842293308855e-106
2.351602287491820107e+02 4.246194190690079346e-108 -4.340646755400556316e-108 1.283303513678071501e-107
2.349374188719289407e+02 2.430353601117055734e-109 -2.484414513187976353e-109 7.345121715422088293e-109
2.347150308113173764e+02 1.362937453464174467e-110 -1.393254705157912376e-110 4.119129612086261311e-110
2.344930633706249807e+02 7.488920739879403829e-112 -7.655504682824424912e-112 2.263334616258323165e-111
2.342715153576523903e+02 4.031803797698291786e-113 -4.121487451342082535e-113 1.218509504673866553e-112
2.340503855847011891e+02 2.126749759224204954e-114 -2.174057291624980907e-114 6.427556810073390454e-114
2.338296728685533026e+02 1.099183605852210163e-115 -1.123633903223925256e-115 3.322001114928345807e-115
2.336093760304494822e+02 5.566227333875882702e-117 -5.690042784567882238e-117 1.682249745231964764e-116
2.333894938960684442e+02 2.761776210173382124e-118 -2.823209304019931272e-118 8.346761724366695521e-118
2.331700252955060364e+02 1.342619270375550453e-119 -1.372484563346551835e-119 4.057723104097652742e-119
2.329509690632544903e+02 6.395199772977726632e-121 -6.537454929776282326e-121 1.932785447573173473e-120
2.327323240381817868e+02 2.984641697335203468e-122 -3.051032222684574984e-122 9.020315617354981383e-122
2.325140890635109372e+02 1.364794098610383589e-123 -1.395152649615449680e-123 4.124740846836216690e-123
2.322962629868000590e+02 6.114752976380114527e-125 -6.250769860030104486e-125 1.848027581279033354e-124
2.320788446599215433e+02 2.684278331400679426e-126 -2.743987558395863949e-126 8.112544221197223458e-126
2.318618329390422730e+02 1.154550733138101715e-127 -1.180232619772587892e-127 3.489334086048791526e-127
2.316452266846033865e+02 4.865588143332272532e-129 -4.973818539382109421e-129 1.470499482604665513e-128
2.314290247613002691e+02 2.009067438132351034e-130 -2.053757238854127895e-130 6.071892115118829562e-130
2.312132260380630839e+02 8.128127971087960219e-132 -8.308930472972628850e-132 2.456518641514855054e-131
2.309978293880364504e+02 3.221984135163825303e-133 -3.293654118060515177e-133 9.737622388388166174e-133
2.307828336885604585e+02 1.251391238520687035e-134 -1.279227250400149663e-134 3.782009727441523733e-134
2.305682378211505750e+02 4.762112704830416505e-136 -4.868041387837426756e-136 1.439226679749826053e-135
2.303540406714788560e+02 1.775591578702832038e-137 -1.815087930248547058e-137 5.366271087654211372e-137
2.301402411293541093e+02 6.486692799340301631e-139 -6.630983131782121051e-139 1.960436873046272431e-138
2.299268380887030219e+02 2.321883537906699999e-140 -2.373531636242657982e-140 7.017298712056057981e-140
2.297138304475510324e+02 8.143186498349017724e-142 -8.324323962898147885e-142 2.461069695959618479e-141
2.295012171080032601e+02 2.798241398554158276e-143 -2.860485625950086585e-143 8.456968423058402681e-143
2.292889969762259170e+02 9.421343122546505521e-145 -9.630911969608032248e-145 2.847359821470104329e-144
2.290771689624270948e+02 3.107973532972546221e-146 -3.177107458096656457e-146 9.393054524041748456e-146
2.288657319808386603e+02 1.004566404081164344e-147 -1.026912031489225752e-147 3.036044839651554440e-147
2.286546849496970708e+02 3.181389440726406696e-149 -3.252156433125966880e-149 9.614935314578779839e-149
2.284440267912255820e+02 9.871698165312647633e-151 -1.009128473339892802e-150 2.983468106402422057e-150
2.282337564316154612e+02 3.001260884094810181e-152 -3.068021087499935799e-152 9.070542855689557008e-152
2.280238728010078830e+02 8.940307888252244657e-154 -9.139176562510868160e-154 2.701979233901535615e-153
2.278143748334757390e+02 2.609384330110294739e-155 -2.667427611040482014e-155 7.886196271261071491e-155
2.276052614670056471e+02 7.462089815101904415e-157 -7.628076929525760234e-157 2.255225655972956777e-156
2.273965316434801025e+02 2.090834902723635772e-158 -2.137343530448169147e-158 6.319013335895440286e-158
2.271881843086592596e+02 5.740052410622823329e-160 -5.867694642040146170e-160 1.734779946328579283e-159
2.269802184121636799e+02 1.544005424180431427e-161 -1.570951149124981172e-161 4.658961997485844421e-161
2.267726329074563409e+02 4.069289922436968477e-163 4.069289922436968477e-163 4.069289922436968477e-163
2.265654267518251288e+02 1.050812647765831121e-164 1.050812647765831121e-164 1.050812647765831121e-164
2.263585989063655290e+02 2.658696704161354751e-166 2.658696704161354751e-166 2.658696704161354751e-166
2.261521483359630338e+02 6.590967198980568958e-168 6.590967198980568958e-168 6.590967198980568958e-168
2.259460740092762308e+02 1.600907911025581223e-169 1.600907911025581223e-169 1.600907911025581223e-169
2.257403748987190397e+02 3.809959844984335236e-171 3.809959844984335236e-171 3.809959844984335236e-171
2.255350499804444269e+02 8.884056124142534617e-173 8.884056124142534617e-173 8.884056124142534617e-173
2.253300982343265559e+02 2.029733575685987343e-174 2.029733575685987343e-174 2.029733575685987343e-174
2.251255186439446732e+02 4.543636979482430817e-176 4.543636979482430817e-176 4.543636979482430817e-176
2.249213101965657700e+02 9.965636967526189794e-178 9.965636967526189794e-178 9.965636967526189794e-178
2.247174718831280700e+02 2.141624599758295641e-179 2.141624599758295641e-179 2.141624599758295641e-179
2.245140026982244308e+02 4.509397069930691862e-181 4.509397069930691862e-181 4.509397069930691862e-181
2.243109016400857172e+02 9.303159292587565362e-183 9.303159292587565362e-183 9.303159292587565362e-183
2.241081677105646008e+02 1.880525744815869375e-184 1.880525744815869375e-184 1.880525744815869375e-184
2.239057999151187630e+02 3.724474085877288865e-186 3.724474085877288865e-186 3.724474085877288865e-186
2.237037972627951490e+02 7.227489638029890244e-188 7.227489638029890244e-188 7.227489638029890244e-188
2.235021587662132561e+02 1.374190196081815021e-189 1.374190196081815021e-189 1.374190196081815021e-189
2.233008834415496437e+02 2.560018249408258934e-191 2.560018249408258934e-191 2.560018249408258934e-191
2.230999703085214492e+02 4.672788495378490919e-193 4.672788495378490919e-193 4.672788495378490919e-193
2.228994183903706130e+02 8.356915945514629907e-195 8.356915945514629907e-195 8.356915945514629907e-195
2.226992267138481907e+02 1.464376636806146351e-196 1.464376636806146351e-196 1.464376636806146351e-196
2.224993943091983795e+02 2.514180166294597503e-198 2.514180166294597503e-198 2.514180166294597503e-198
