619
957
147
214
527
832
1140
169
76
578
450
439
1089
503
841
1161
927
192
75
998
579
697
815
1121
835
208
323
716
476
373
1105
563
369
564
1139
980
1124
321
245
823
731
840
879
138
494
220
165
1047
568
438
88
692
389
283
196
798
459
61
1034
427
197
101
1022
930
537
224
272
771
987
1017
580
1049
356
977
473
1064
63
756
244
767
1123
325
158
1005
247
1160
242
150
1056
367
395
1004
300
1029
608
481
719
1167
1114
910
671
383
1188
620
308
495
116
1108
387
789
626
107
23
598
1065
1184
993
305
1126
911
663
1027
1038
582
263
777
248
795
210
541
441
163
782
393
1149
677
457
279
1181
764
871
69
1013
959
1164
932
738
739
444
1019
