3.6256182630504554
-0.023852247305967467 0.012796820306334666 0.027544094331460656
3.886479987932944
-0.01446468789958999 0.014394277435371805 -0.04051056055709523
3.9116124156253136
-0.03961691106769649 0.004400298843734163 0.0008111559450298955
3.6726369993102708
0.004738430340694322 0.006020370940291286 -0.02622179341028641
3.4882182423771155
-0.029495550896399436 -0.003918818164606819 0.029598455813811597
3.557739231520827
0.0021154521787138947 0.004571029257590453 -0.028290993582686497
3.481321195635246
-0.023168598070242297 -0.015796307069877003 0.005083484493297874
3.6207612689831876
-0.016231888288757546 -0.001135950527100249 0.0027768580157498945
4.096540446141262
-0.010084927463140048 0.004804219560583078 -0.006609179200268045
3.92576508305865
-0.016064722004102805 -0.0009265297888987334 -0.0027024253909075924
3.595612751425506
-0.03645462111944653 0.025691260439998587 -0.010082747543719961
3.522322295659251
-0.0346062535359124 -0.0033142159868475574 0.009577201942875035
3.482597890715624
-0.031056073109766658 0.0017267185182845424 -0.00013360501725401264
3.806381201124168
-0.009663513337500262 0.0016380917772949033 -0.014928359345049103
3.6119162205213797
-0.027710392403150763 0.004841416246790686 -0.014345872543799487
3.4401250316605
-0.03236970817988549 -0.0023757651171081307 0.023336019448379375
3.4474826141295125
0.0040541365424360265 -0.003195997012767293 -0.003221383998834426
3.567741714496151
0.006752142018285667 -0.002440533408162082 0.004739245540349657
3.4122907786768337
-0.08410704863945284 0.005185772480672313 0.003003465387337201
3.836043151686681
-0.001052892241432346 0.005099227372056703 -0.03301980992091558
3.3991207803856014
0.010342992546384266 0.013951530367307896 0.020941512115314254
3.841338904891927
0.012624892506664764 -0.002497705774885617 0.016416273358572653
3.3037243921698973
-0.012809297566036548 0.0023370994393872024 -0.007783016816119925
3.86757972281157
-0.004429747891435909 -0.00038059285532199283 -0.014065058526739449
3.524186284118514
-0.013399633121707666 -0.0012333540400959464 -0.002427134084427962
3.454803099415585
-0.032581393625605415 0.0021342422704719866 0.012850691271751202
3.680290321000939
0.0051603465481093735 -0.0019236574476053647 0.0031573163682878658
3.3716332434014475
-0.023352471147518372 -0.008529899843097155 -0.02162565065077615
4.094033206957647
-0.0056363990190675395 0.02324617247165861 -0.00582923099909749
3.660387056250329
-0.03657189119257964 0.019638649563262334 -0.015550378581565383
4.32552897593996
-0.00032663208094163565 0.0035341143179721257 -0.016940693524475137
3.7082348784806527
-0.037329126101440124 0.011643835465406482 -0.025027857599980052
3.4486466975822623
-0.04922485092038187 -0.0024698490000218953 -0.029749033819371107
3.705445605854038
-0.013369141818202479 0.004838321111833466 -0.00032103989224196994
3.2580925169086186
-0.05304473753926686 0.008641349829190403 0.015079819281254458
3.262169918178188
-0.026816918971917403 -0.00019476012209906912 -0.0011383460612250929
3.8578295853567397
-0.016434788038623083 -0.007386167090885465 -0.018769401670624575
4.036814919246353
-0.020423872311539526 0.007567454623085723 0.00937179589709558
3.541218521717383
0.014731780463762334 -0.002023822903083783 0.0469526784536356
3.77399296776548
0.030319974689973606 -0.017736714724378544 0.007265340508638474
3.969506275017011
-0.029661643329745857 0.02039061170489731 -0.023429312623648002
3.672391221172802
-0.03408524426049553 0.0040381103854088 -0.011683812616865907
3.9719970115602337
-0.020068761664788326 0.010450768891473672 -0.000782777002768853
3.691544977502417
-0.005825832531172637 -0.0027022175767115186 -0.006925571371311889
3.397123708758045
-0.020579628688892626 -0.0013076170664589881 -0.013980211409261756
3.463888319308353
0.015230897336323324 -0.0016998415480884432 -0.011388918431066486
3.8488483003311558
-0.044975296036682266 0.0029531400800806296 -0.036637982849015316
3.423395160540167
-0.0005714585295208963 -0.0069379746607864945 0.03456842835112184
4.119462923728861
0.0006382197923358035 0.017027583067488195 -0.004497078386293651
3.43246711669417
-0.05853083600959508 0.004564166443856266 0.03995426784376832
3.7142070775116736
-0.028459264683533547 0.015256784673283619 0.012658024493930498
3.2247387380302825
-0.03589909474635533 -0.004249592453788864 -0.004631700353229462
3.8344206719075373
-0.011482797025792024 0.004912412634894281 -0.01653464802598137
3.9507269428813743
-0.01713077951876585 0.003149147590534085 0.012512441272065189
4.156047766845404
-0.027747456680799587 0.0024433612931034077 -0.0034220513609852787
3.22449193306511
-0.03240770193906428 -0.007111540173013964 -0.010405399255432712
3.969004237910667
-0.019315471436812004 0.00041791112391820207 -0.014791824387884844
3.418753391968494
-0.008509675578125098 -0.004091807527288438 0.015240654001445364
4.112753610551408
-0.03657349556897316 0.005276491239783354 -0.030291801557268627
3.720838381046633
-0.03826749941072194 0.003603516744078661 -0.051857374191058625
3.649381716134485
-0.006498738711115948 0.00170817121033906 -0.02723041918625313
3.228090357466499
0.0012221999106714065 0.002599689522526205 0.017110836075062252
3.625764288721257
-0.010266005695257263 -0.0009048944696132821 -0.016675654085247515
4.109195360304511
-0.015435367977943315 0.0036101851776493277 -0.028660030132186876
3.5088309283055423
-0.020728966336491794 -0.0038764449827795033 -0.012533536280670887
3.775366658886014
0.026478506601506524 9.42337204605792e-05 -0.006592531901105758
3.7413251775642493
0.01919982756362515 0.008452973483031201 0.01155317661709887
3.225358115806557
-0.012924231609531489 -0.008045267381476151 0.02686372001426207
3.4641876184059583
-0.027181724946103714 0.013832303420826975 0.019784140582714826
3.619430228697638
-0.037397029709154594 0.006740983473036977 0.0020259452016944124
3.928296634506296
-0.016242389677699975 0.020047349260607916 -0.02150695264163005
3.4494001363354982
-0.026742336108327436 0.015490596924337297 -0.0271502418286218
3.8151342064165874
-0.03792960374289578 -0.01142640778527948 0.010308928001222739
3.505099692059048
-0.07538443533258032 0.006544956500420085 -0.01023653568699956
3.7160274458292406
-0.011953209632565631 0.018178189069999462 -0.0012710762669030373
3.576163060018189
-0.02786898497470247 0.025303427756966812 -0.05236772237708465
3.74640149329025
-0.02578901941546974 -0.007325265812824 0.00781747837322655
4.12146857177413
0.010268671572021049 0.000190202873227463 0.022654236237940495
4.251846114670116
-0.037621603408979354 0.012643590482866784 -0.014751184334954814
4.020400645686095
-0.007871697684322498 0.009417224335493302 -0.017878428392577916
3.713205491851113
-0.02670560348087747 0.0058948440930635115 0.008222158402304558
3.4891185684746233
-0.010247535069311198 -0.011086694424307098 -0.0004946647352426226
3.6432432694500676
0.006102777507067003 0.0017906600512560544 0.00369577735978055
3.7960702223472254
-0.020692951708269902 0.0032467134336684467 -0.006777511022619365
3.341147373408603
-0.028956491423286934 0.005811316923427512 -0.01697537826498774
3.9811541360249976
-0.006096365325674924 0.00543267204386666 0.004059358924223488
3.8737701684594867
-0.011303192410650809 -0.005053058180124026 -0.01456629247559249
3.950207614843748
0.016187893339520087 0.017858019626260102 0.0016206390071147325
3.6742650082478576
-0.09875538040455467 0.02424567951482004 -0.02523648275132473
3.862683534755888
-0.0091429879489624 0.011595504172646542 -0.03545084949246302
3.767233673343071
-0.03993048249617459 0.020792051692069435 -0.006928321200348364
3.4183629588833355
-0.004899930177998613 -0.008389565153379408 -0.01721390937768774
3.6773795287926987
0.013825820264855793 -0.0016040368855101406 -0.009306061804636556
3.869028032715505
-0.01729448287096602 0.015020806376128348 -0.032470453452788206
3.3554914931683015
-0.0057817740973860055 0.002263144755943358 0.019138296304618052
3.595799691904176
-0.017569365475083032 0.007412440391817654 -0.035738481827593205
4.100482731572811
-0.01098328900911838 0.009852062925460814 -0.006527459461040053
3.764635105366324
0.006273322884908339 -0.005473383454045688 0.001505576896306593
3.6336608473084198
-0.013414289709999139 0.00996199503981643 -0.01398498583125729
3.531214246606396
-0.03812136581041159 -0.010243855212820563 -0.021167287850403227
3.5145930613407472
-0.03283878966158227 -0.001789775615520739 -0.016622782591412033
4.278725790972203
-0.03338772371193954 0.006783381623677087 -0.0006716273596794053
3.7283523916348713
-0.023741815634366503 -0.004935154158033583 0.00134842150600889
3.6941014213871313
-0.06744016906668548 0.0019987939224392903 -0.0125510560683324
3.5519117635894872
-0.01723639187275694 0.008056314408918297 -0.04112248201613511
3.848181327506609
-0.06208646413097085 0.014202479654500166 0.008271668875977412
4.328258904231916
0.03433755829405527 0.006148355899199487 -0.011526250834776874
3.705895119870547
-0.035153092575228584 0.012735484231257033 0.021868868416731857
3.811059688707246
-0.05206677992123332 -0.0012369373542924222 -0.0306604343456911
3.8621182714041424
-0.008137663655588767 0.018006652827466496 -0.011307678377079355
3.904188167092798
-0.013066462849110394 0.010559532277738981 -0.03097821086953445
3.741381367213762
-0.021613639125462214 0.0069137609895051355 -0.006753043542857995
3.668276180779685
-0.017426105917138557 0.0032801970328364405 -0.01843977354292292
3.7581346499273423
-0.04063464452610788 0.0016292649297611206 -0.019648133342116125
3.8354024774189384
-0.022982027046509756 0.005157123827302712 -0.009860586163085827
3.6681564428581623
-0.010775254002965085 -0.0046623147570699075 -0.02425245121230546
4.065798572757558
0.0164120423858094 0.01767055775155768 -0.007829317610230646
3.548520471127631
-0.02096689423137832 0.011554346893376533 -0.005780007053317604
3.740320300032181
-0.0035058805035532714 -0.008512335674026872 0.02296345980244041
3.8296583026776716
-0.055590213371715436 0.008090467078432084 -0.004728696395659426
3.647182674899341
-0.030056444714773534 0.0076446737015203325 -0.005325657904904801
3.983808297582982
-0.008939017225884527 0.0008088425477126293 -0.004649584846902144
3.9896200256989687
0.013977618881426679 -0.007548704522491789 0.015805102817239458
3.5914164919240648
-0.09144958231468081 0.01754169433286279 0.007529719205194851
3.6974515538149717
-0.04454595087167945 0.006249310048474399 -0.011873247546191124
3.5260679949115
-0.03516468581688059 -0.0028808111469516007 0.0012562607971631223
3.909437093580891
-0.019995950967995668 0.01286236081352854 0.02218425747719266
3.8268163107322835
0.012357544823316857 -0.004141980474742013 0.028025305453638794
4.1056334492859605
-0.015709474460436468 0.017123734498454724 -0.03785304467987771
3.6990494964375102
-0.00886768961800044 0.018927567874925444 0.002142848676385256
3.2548467945553057
-0.04654390691871413 0.011804559702795814 -0.007802187541756211
3.4543823562289617
-0.023869428717489427 -0.004343355456740028 0.001403065084332411
3.933677084511146
0.010747094935823043 -0.0013181908345814008 0.018479868398799226
3.6487130878067546
-0.019529659648014785 -0.012618575577675983 0.024583854316006182
3.7431246755995744
-0.028861332877568202 -0.00234669109022434 0.009588828295591156
3.5388017195673456
-0.04241201286913565 0.01224375405115552 -0.013222927921333394
3.4451495593966683
-0.018510380542693383 -0.001984664149517812 0.0013866751467048744
3.734387861823052
-0.02017922893423929 0.00527410687129759 0.030054243076392595
3.697273584546565
9.85050292001688e-06 -0.018476073761576117 0.03758626276726318
3.4370716891480697
0.0031251816637904994 0.002488150225190111 0.010804869609046364
3.9076427486952525
0.01843371114932779 -0.00384709634806768 -0.012694244616795913
3.26095297620941
-0.0078069314783988375 -0.017459555038158214 0.023103493040252943
3.940949162648394
-0.005341432439990967 0.014709364646591894 0.0018881603352838283
3.423290075517798
-0.03962260625598901 0.004461869366878091 -0.01774762018135334
3.4403982280500713
-0.009018641883585587 0.01056556679247933 0.004091742975788293
3.586687727237404
-0.05083790336425409 0.02423462732747339 -0.014141019376211261
3.7709743535151574
-0.009671583667795858 0.005128488491322969 -0.02998119942139965
3.5062522396101485
-0.012444628354160159 0.000331211524326136 -0.006469274724850038
3.7092782701593023
-0.031355644750647116 0.022142217037298906 -0.013592175877420232
3.9763864244923752
-0.02809267930228998 0.004135493225248865 -0.0419553868539424
3.9018969438202475
-0.06378332761801175 0.013730915431551693 -0.003476177113270751
3.655106638580037
0.0024936865199833846 0.012620998795227933 -0.007046205535289118
3.76340805455402
-0.03759479389304943 0.006296189048725864 -0.032005931505409535
3.6670885181483754
0.0025373760474849405 0.0053557445903607 -0.0025250529665754584
3.4058162420915323
-0.022796681149884535 0.0017015120848782317 0.015080941685937432
4.172743191430527
-0.011305814134175307 0.014272522402507093 -0.011093292901250607
3.7290472731656337
-0.03364196852862733 0.023055023362530846 -0.013250373477603716
3.2926434182381854
-0.05058522799322418 -0.004438573320840078 -0.03647129376372504
3.6089865898093194
-2.3238706944539445e-05 -0.0031485322842854657 0.01621895933021733
3.9679278514395264
-0.04013248832120553 0.016549107133300822 -0.038881602376704905
3.6729605183581953
-0.03699484522508101 0.007922113467770941 0.009855802702986693
3.781992610683119
-0.002255574906939728 -0.007006316564570625 0.018969065820556352
3.3476636002014857
-0.037827640811428864 0.00036867265191631304 -0.03856571058577174
4.330340530268586
0.034634117880159465 0.006449831056443145 0.0010319284301658627
3.7445491236612725
-0.04121041418625282 0.011985682437170908 -0.02523025931623124
3.776246234321661
-0.03037845934636607 -0.002218839185161414 -0.013487433297541429
3.144465508936264
0.005837627785012955 -0.01716368061420326 0.028462778005177825
3.2711436526487887
0.02670327369582992 -0.006109438962880631 0.0296961360872956
3.8291747184421183
-0.04508759541135987 0.004458796608560078 0.00917620642167094
3.6845945136801674
-0.0010564928516032523 -0.00890088259041022 0.0055276040461649245
3.6657422366961327
-0.06174908216212316 0.024541342758993778 -0.0030102598138910253
3.8264208047003194
-0.042072380061426884 0.01896182234281696 -0.024120449093061325
3.697874211778071
-0.025600198821848608 0.022314312385219637 -0.03832461198840065
4.084617311905276
-0.005527365839270715 -0.008196908860327312 -0.0006424216037430597
3.675338785373242
0.009953844290521374 -0.00072358612555945 -0.023125397300646
3.5018807942224157
-0.031220490780469845 -0.005598669584742311 -0.052734184427890796
3.715919934365047
-0.036929245017745416 0.009029033794490715 -0.0027152476166065753
3.5582599021154238
-0.038338916461270856 -0.008155424923529608 0.001707991373450568
3.55803233950337
0.0024217853490426933 0.0024282227396952294 -0.00483927784853222
3.4594120568135622
-0.05672310646764345 0.0022614804107661257 -0.0009498432395957934
3.688417192869565
-0.031892977413463086 -0.0005735250521183843 0.018489286827843898
3.4588410550195476
-0.016925747547702485 0.006185776848496971 -0.018872835109050357
3.8538411511799495
-0.008262132236495745 0.0016296817339025438 -0.02470908429040719
3.931305749958483
-0.03190849564430209 0.023515413212294334 -0.018673568853728284
3.944844699134592
-0.013471594345446647 0.008727698346547186 0.0007803591004176269
3.8494766670510216
0.015881421261383366 0.007542759406078403 0.02136317929375764
3.5062553261686844
-0.012129281581792384 0.00593426127420571 0.004883381192712477
3.5694653989603466
-0.02386224016277083 0.010801543767229305 0.004965290148675194
4.065861762353961
-0.021904601138885482 0.013363857993454076 0.02539998845622904
4.080042087492075
-0.008905332002996147 0.008735355302178505 -0.005088337575443802
3.8604154798904347
-0.018632257388162543 0.014504365607876935 -0.025321610325818256
3.966773545428623
0.024412045656845294 0.006111947008434981 0.00539500929494352
3.9471922842813
-0.05141179909855964 -0.0033745158738156533 0.0053735474159566365
3.42902271710318
-0.04633085564023531 -0.008680595464397811 -0.002227466584827198
3.882732806552667
0.0063127276785053255 -0.0017801411619302598 -0.01895322101927377
3.8916164832271534
-0.04255940017901594 0.009527688323146322 -0.007956165109817448
3.7751071825387044
-0.007095175371205187 -0.0001840330412505864 -0.010222614769872962
3.5581953618266198
-0.0006188529828250466 -0.003712391816065974 -0.008078546862407165
3.5573117039375575
-0.009053161973270107 0.003622663424039274 0.013263440484706734
4.29948333154789
0.018026538724370766 0.008563570366845852 -0.002903521612097393
3.986382335174312
-0.008818348841487023 0.008916054448604882 -0.007933021744747748
3.978581134394517
-0.08148878739848442 0.002343526068216306 -0.019069616733759176
3.3221994494970204
-0.04200768232749397 0.00231832438771562 -0.03545055812060127
4.130440943801659
-0.06186077738379936 0.010420890043405961 -0.03560473313723378
4.0396905388315645
-0.025870506265164295 -0.002265712424332378 -0.01601402872665858
3.4837011664358215
-0.015022156587747304 0.003856753841319005 0.0266021210704821
3.894951756118644
-0.02205718112509203 0.009347460515414241 -0.008329782269356656
3.7256975788168347
-0.07236695594770026 0.0028515314379546908 -0.024540269085491673
3.867518026074322
-0.028892613358721064 0.012121596078827679 0.0006547472626152739
3.2280245726751673
-0.02201298101226712 0.0071793619389382 0.010816328082910331
3.5251362746748782
-0.0290238969080292 0.014475974818992654 -0.017066740155541993
3.8310038152249035
-0.041134858230179816 -0.0013990536220944705 -0.03389993416590187
3.91516700248485
-0.007977291234283257 0.001425567892511026 -0.012117931911006963
3.8688003635343193
0.0015458416442015732 -0.001209395364185184 -0.013211312405701392
3.2334108200993796
-0.011295589883047796 -0.008138880417504879 -0.015604441457071516
3.6878018484312634
-0.03268447640675731 -0.006380946206945737 0.00674989523304248
4.0338380849034365
-0.024358081003356347 0.007049501891629006 -0.001760034032031399
3.431221661087875
-0.0540272408659348 0.0034286873730025036 0.00914697667622022
3.8666769895871766
0.012686372308962746 0.008696752617083803 0.01731672243158755
3.87059123144536
-0.03871018103154711 0.0013915395851427093 0.0007492690672279423
3.8040957542043543
0.012686461939665605 -0.009440921791679102 0.025748522914000205
3.25818369202716
-0.030148356752761174 -0.0007786308686945631 -0.008677985042595537
3.613272964130374
-0.07820061320330751 0.004490173059366498 -0.01306738830521681
3.945932677224846
-0.02730936118587124 -0.013085257647617254 -0.011171205894470404
3.1689729482577604
-0.011479356469180857 0.01197983020972515 0.018923677502471037
4.190636801514302
-0.005318168171925208 -0.0004763805493439577 0.004879005312659501
3.894099352766716
-0.05657925570835687 -0.004384800016623558 0.012771109727282237
3.6920582474522234
-0.03015990030598914 -0.0003681947791847051 -0.015502783939609799
3.8163490972110594
-0.045640871651357884 0.010185465517338343 0.0006609327163005219
3.6681498515308704
0.002039822075403208 0.006881062333377486 0.021209415760495176
3.826149014339535
-0.03623824117221375 -0.005265890109853899 0.014239269939480437
3.655810020220997
-0.013412039830200229 0.0010510197602116023 -0.007730517544587201
3.912996937132448
-0.04341071326166457 0.0048537190293700405 -0.0022642954534148885
3.3915312080416697
-0.040603829924748425 -0.011526026445494608 0.01844551225531177
3.5237322140328615
-0.015769797158327492 0.004846649537171288 -0.02954415179510761
3.799906917375665
-0.047342833696575326 0.017776209350927274 -0.01293496947323547
3.4664228714773344
0.004463522425112387 -0.00786269748812174 0.027815002005581846
3.5501716918342936
-0.045613036473241664 -0.0029202396161736033 -0.021098108907608548
3.325788372581883
-0.05469293089299754 0.00021867839461719996 0.009693930617913793
3.3527005335072317
-0.01507450774465724 -0.012266592325659076 0.027021821330208695
3.672222108353708
-0.010666026455510291 0.002037534020473686 0.015691009517240673
4.113609205182911
-0.010910911833661885 0.0031975939391486463 0.008841166363026787
3.8210229040623744
0.00925590840734003 0.0034173334322531446 -0.005599051186209181
4.1351996010243965
0.004603847710541231 0.010347480413201993 -0.0382958217965097
3.9409371724432276
-0.010587827597419164 8.516597858942987e-05 0.00788048645767958
3.329666089923194
-0.017048422196694446 -0.005308823005407248 0.02403252739986783
3.551911171653046
-0.017591422454415806 0.004149752493617598 -0.025601792960515013
3.9545001860806224
-0.02336529413014432 -0.0033424802052195446 -0.0017527766576677095
3.6091629649408787
-0.02102540002965725 0.0006855118566591045 -0.02242570852240533
3.3256615076552407
-0.010854018799818732 -0.0035796476608993544 -0.03140333473015744
4.569380159968205
0.007553570183290503 -0.00018102577598710923 -0.0021093134528200608
3.939672997670641
-0.012467752711700086 -0.0018190895631278181 0.004085775620524146
3.9766967734049103
-0.02853417837377492 -0.004767836810515291 -0.0047185823584641184
3.509693101422272
-0.00785516763698979 -0.0007494885487631109 0.0072087385199210985
3.570685515150217
-0.02839402171252914 0.009446521436416333 -0.0367041071017411
3.6112685467114716
-0.04356708120008079 0.006716880714407125 0.008265464605756279
3.831044404651948
-0.04225923204694482 -0.004176616199174532 -0.013567518867375838
3.5787559982109087
-0.04588408590052495 0.001047365640033604 -0.02006631715767071
3.575454408105543
0.001683919233528286 -0.0014732290150050176 -0.008263595249673017
3.6680011814878526
0.011402474578744659 -0.0012268531351082856 0.014218495931118014
3.824799976230679
-0.00580505937750786 -0.0030102300088401535 0.027316996927993387
3.458037880331176
-0.016045028886765067 0.0036931050649400277 0.0044740661805917625
3.4780833868990157
-0.0016944496610449278 0.002046472427878143 -0.004494440838925584
3.775667612982943
0.009014709076382132 0.015921071458819824 -0.002801506926516595
3.4352572966890875
-0.04854329786849121 -0.015839701466234146 0.00942794925617818
3.599148450636676
-0.06166248642330174 0.012489861406720593 -0.012007673691869059
3.6516292997002893
0.00180061293167455 0.0009329335827032992 0.0020669753741913155
3.7204924957377443
0.0022926323333649634 0.007894006118590369 -0.01335381220542331
3.7142637676333834
-0.013755914126022617 -0.00584477713061915 -0.0336496285526664
3.483922415077359
0.014577986270069232 0.004597546464538027 0.015586415568350276
3.6297145761673164
-0.019432138584534187 -0.005360137094498896 -0.01825876218799749
3.763956627315565
-0.04445855489780115 0.008835720081833642 -0.04163596768148636
3.795438028057106
-0.025673937258943624 -0.0028324368620360474 0.026359009737916494
3.565492908656779
-0.041961700288766224 0.008421052872790824 -0.005584426689665634
3.5138641920020746
-0.022864128066430567 0.007896311295780833 0.005235684197941737
3.6036348000934595
-0.04908777113337237 0.0022628102307180598 -0.010350989608923555
4.250267580419859
-0.026102157644800172 0.003963500872828263 -0.013068774198927713
3.6567779300185066
-0.02516342672038263 -0.0005085314382995421 -0.006015647273898139
3.4773968878425876
0.008653931983417351 -0.004170764883724587 -0.01110164756209997
3.4624233629238006
-0.027377036097277596 0.008143584240201562 -0.01667193497473818
3.8114239406941124
-0.03046122739169732 0.017866620641939335 0.007501713541159916
3.4647957011929975
-0.0035808909158276947 0.0037684503854507057 -0.012357193945945255
4.0460065301322174
-0.041019128984544295 0.009920496385348088 -0.02769050054166655
3.533972268392972
-0.01374520398144341 -0.0023910384835517107 -0.014243061339811902
3.975187034150622
-0.04100524980276532 0.010228666718148816 0.0078932571234418
3.3517622691015276
-0.034457137801837234 0.01250774575532887 -0.03517633302772083
3.8836467922710654
-0.014954996487631433 0.006026399185429909 -0.007696631893850281
3.88455266622168
-0.058658866745645355 -0.0020544660874293186 -0.03465979605857683
3.77540840733036
-0.015357124740603467 0.01336129521678231 -0.005960624850331442
3.2420129503962016
-0.041182776896903306 0.003645652003001487 -0.05270654226364968
3.479581840077117
-0.0048372453686624794 1.4727643360856746e-05 0.0055155059690150665
4.025076209254621
-0.0165151951223379 0.00451127021267439 -0.01292855528868131
3.4066568981370438
-0.00036483918665908277 -0.01380209839624058 0.005608905128156039
3.9977845472603804
-0.03440869926475898 0.014801632646594953 -0.04429391765938817
4.084297767566568
-0.018003555510404112 0.009958706703287135 -0.01980529938532527
3.4373587699856216
-0.04621173631835518 -0.0003366045757502434 -0.025083877495490015
3.572770974501509
-0.009560276129832346 -0.005603465219337522 0.009783049193629267
4.013907228735661
-0.004918897384413867 0.005397211429453819 -0.0017540265271236422
3.8043624037081827
-0.035200740150685306 0.022063651233679593 -0.01588268725799935
4.0199153685380224
-0.013133570227182645 0.002218699200057017 0.020337291376790745
3.375975768126409
-0.038514745941029105 -0.0063119565331817284 -0.003137269769240447
3.811233571752382
0.010237770603907848 0.003266807358158985 -0.007091002917377409
3.7174759897952754
0.022085890577045575 -0.008737370555309099 0.013656200132345475
3.1469070645571264
-0.03645954894909664 -0.0032866701412785915 -0.008011387058559194
3.4308581123268596
-0.03520877466849015 0.0027280797264666035 -0.023445998296892867
3.6833839924547647
-0.0402098565682536 0.004761872003655299 -0.008465762358127904
3.5785143910161423
-0.056159514017736 0.0005721995102021538 -0.031760091748992636
4.172351247168081
-0.00418136453004081 -0.0009599759822549458 -0.019423028893015726
3.348099800969976
-0.02422734341485011 -0.006632070124396705 -0.003932845851295497
3.4882321373934246
0.003958665909976844 -0.000231630420557849 0.006703507988277124
3.257974586981618
-0.026486522521963707 -0.0021061760145357766 -0.0017936531280611234
3.4924314397358103
-0.01773951093400683 -0.010728514530001121 0.015947815731578885
3.851334025351207
-0.010783423043903895 0.010810190315623913 0.004462027306317395
3.7481187838047845
-0.05904245752071802 -0.0026641294181217745 -0.03701401252578762
3.6636499494816235
-0.08496261027562468 0.014270688687020083 0.018099760225140926
4.286794038462176
0.0012823714960177313 0.00669621408758303 -0.02876258226342543
3.97699316377566
-0.0010784886708279373 0.004997410637656685 0.014982319687078416
3.509953083437722
-0.040414468244534874 -0.003274061449246801 0.028554526842526684
3.6582575976954104
-0.01829605834745962 0.000713756432332957 -0.002075464101835678
3.829153044161103
-0.015530316267359012 0.0009064877774562774 -0.002050350640047327
3.694522001985206
-0.03602363563391009 0.005094235305932671 -0.0015154153938965464
3.575994531991455
-0.011397084287182224 0.003822012862428892 -0.0038780561985731765
3.746140384187129
-0.050097757022967926 0.005782958880331535 0.0017015600781178364
4.204922139320843
-0.017152785450207375 0.013659003529937763 -0.0017785955558338173
3.5010941173213723
-0.029356488538951453 -0.001103319903791089 0.0008444978118404833
3.718225446624274
-0.01481069979104177 -0.008623215892498592 0.009503910098828783
4.004350304929176
-0.016421631712091767 0.016013564494642196 -0.023623502156169707
3.4603784348591944
0.005473061366728871 -0.006028239807733371 0.023210952962017473
3.6456394145370723
-0.003769003332081411 0.007550991182142752 0.0011147839179557195
3.5501748798560584
-0.06254012668659925 0.009208248476738845 -0.025707405569619368
4.125307296112624
-0.02651039073384709 0.01793087131363791 -0.02849636201017347
3.5922185959016133
-0.046856440158990154 -0.005955304128065109 -0.004440684926976246
3.6563280051123
-0.06777765201445618 0.007042008259759314 -0.0025717393616560003
4.019369675813323
0.0003281873787273071 0.007972265094281283 0.006823112085612593
3.353768940485679
-0.009528763863272616 -0.0038920808547118213 0.025623472030929406
3.036178821103931
-0.04377839857829713 -0.0020396234447161987 0.04042843213301239
3.505514402641893
-0.026285206190095778 0.01187638204578434 -0.009333223180419736
3.7420275297827175
-0.04883971803747045 0.004614325111333528 0.012308240172615115
3.491120334997504
-0.055487363485781316 -0.00692367025897056 -0.027739162142779605
4.2068982363744
-0.021117330079960084 0.01753801197037319 -0.042384387386846356
4.305584560830539
0.006504100093707166 0.006496808822021194 -0.00872010635271181
3.8939235227344398
0.004584836854064633 0.0027866493741157683 0.0140982251391506
3.4393149127372453
-0.02063187611088324 0.017579411922611143 -0.019271179214683798
4.125984497547506
-0.010955594296774507 0.006213759319280143 -0.029280747951588637
3.898248814090948
-0.002058601795170034 -0.007481474172095659 0.03399457912314574
3.9732082121317944
-0.02056096007800079 0.005886419208763982 0.00045022497738500533
3.2973147430693643
-0.011104237836207176 0.0022688085254003454 -0.02674092886809376
3.99737109941816
-0.002641094302134661 -0.011874544912984675 0.01596326687013061
3.7087739148828405
-0.0463676163008131 0.0011145812637778363 -0.008180768091733626
3.5244213432524703
-0.006174891627097168 0.0022075271984931533 0.00777212665548177
3.7912511858294238
-0.005547506806351521 -0.006918894478985749 0.03238532208933975
3.7179701386621673
-0.022146861376768356 0.006621965526960594 -0.007261489226038975
3.611107517351229
0.005590711939248649 0.003751646073055781 -0.008704529472879585
3.5470319359073983
-0.031136938811187065 0.015552278767358985 -0.05673532234027334
3.549783604352342
-0.03856115764278911 0.009576844631055792 -0.012926178710358727
3.478266378423541
0.008933043608521984 0.006507178272613601 -0.03994123041820785
4.16163136141131
-0.031735815577803805 0.02522149585183797 -0.013149911696245908
3.6556208820911706
-0.01518364205708167 0.0068194221986459524 0.013170206570976006
3.9405309664125525
-0.012446451969935879 0.007891006260479116 -0.02096054612570697
3.4896136850557014
-0.024152065792350186 -0.008346953486238817 -0.006625840094557134
3.646680674674826
-0.032514737078599865 0.0031442622431541167 -0.00827110501631978
4.462228117727136
-0.006281491643449044 0.007351355609557686 0.010659543011342976
3.8986906176423872
-0.00948083780417619 -0.005657043175574472 -0.007667137777843891
3.5639695588470204
0.0005464373659833655 -0.0024314850321616177 -0.011833977348715052
3.8852558160142507
-0.0296105280183383 0.008743624711769371 0.005373850054184004
3.6328883984187996
-0.04337979913225354 0.021600897866051127 -0.010290226120787338
3.5748286740199546
-0.01446132019327706 0.004269217026489969 -0.036698367488725125
3.660997846473947
-0.022736336060916074 -0.006506188029675286 0.00517996092435169
3.73677578218485
0.011022355811974194 -0.011634549968448482 0.0015174348554864991
3.561887670687611
-0.03903003420623463 -0.0035550334397385086 -0.005146019490211984
3.461163107662287
-0.02348082281241659 -0.009957921803220415 0.007713208978202601
3.6925141087886004
-0.025988240174456223 0.00113637225013008 -0.0008498532458816044
3.4845004083745152
-0.04292514882354226 0.025405701583849805 0.020686508053813668
3.7621008867072305
-0.010144484137754262 -0.00850084488547509 -0.005773054156179569
3.3665763974158835
-0.04420910485441709 -0.0009906100419811992 -0.025180678028618786
3.386056989998906
-0.01866952508498798 -0.005732781537062692 -0.00724809714984076
4.277312594656905
0.0013307831591191643 0.007070070373515591 -0.0073739090066737845
3.3076853479024066
-0.025197391016945403 0.002826638586611807 -0.016997897562305297
4.087299589637951
0.0020958631328085175 0.007247363120995942 0.003265833651084904
3.4352660891681808
-0.04607414042607161 -0.007187709312461266 -0.02950845144368941
3.5087472758114018
-0.03828956848883536 -0.009025255052620196 0.006230725513205471
4.57309298682776
0.004736255197030914 0.007821952581821279 -0.01966016518372271
3.6833760009531034
-0.011517680487941107 -0.002505429400457615 -0.003710775780291442
4.056093689763657
-0.04077196137222927 0.014080670649263993 -0.030789684776664217
3.5794286476457273
-0.023144369000647202 0.0031719179119136243 0.007012507243871369
4.16163136141131
-0.031735815577803805 0.02522149585183797 -0.013149911696245908
4.062307312752637
-0.011203446088302371 0.014883542789107196 -0.006162354175785367
4.127998192405357
-0.0009888085671718727 0.010222913311395132 0.011594097670467818
3.6452189655565235
-0.001835895270232868 0.006412597069470394 0.02294510098340652
3.798442888803038
-0.01720178124060112 0.009710321470265626 0.020022141584377096
3.5864562340138946
-0.017708069753325617 -0.004016624528844659 0.015615463299127441
3.5628152531162414
-0.051034824323323846 0.004381918624289938 0.022636539558561708
3.39029204335111
-0.03515054818603858 -0.016164190614404106 0.012169047821771528
3.7168407312774434
0.03452326620367785 0.000672256084271794 -0.015076197399821467
3.232237631717908
-0.014872778360995653 -0.0144757240261697 0.026239894831405763
3.7463003843704428
-0.011959535307369151 0.0020657527151115573 0.024291674416645037
3.2926175723314373
0.007355723198770647 -0.011690566049082918 0.021467515547101357
3.324178198628033
-0.0261970744509199 0.009974365003017738 0.018500875023846675
3.684824649084476
-0.002083745532672765 -0.0025465381595495273 0.005618686902607806
3.23553911705676
-0.028897270076868153 -0.0019449424585218367 0.029477347856527558
3.5832696974193823
0.0028211754879521322 0.013567550140123785 -0.01577919458964061
3.8355519452370572
-0.0409260132792042 0.015925440172281924 -0.013678220478141156
3.612124184905042
-0.021627930138947704 0.004910243253334556 -0.0027367336206225445
3.104191400552736
-0.013800208706697958 -0.012866453319816173 0.025707024172106685
3.709406894264248
-0.0035609292365279543 0.0039127412128436845 0.007175352722924799
3.5741602161651826
-0.0344295982336007 0.002230709836680944 0.0013934128196524398
4.202869659740827
0.004241554564714534 0.003731975260279796 -0.019740519863944428
3.7811633769842956
-0.013384983631567593 0.019389265083532337 -0.012685898322160938
3.9127937236016805
0.0023115447258987842 0.008062329356789633 -0.008519391650679609
3.783656531181805
-0.019891797003765532 -0.0013439237584407238 0.014313308024384241
3.73123622782623
-0.0786951180775759 0.014048431070818879 -0.023176203605999035
3.5412006049527918
-0.09701775926077971 0.014369738756727202 -0.008180553629699716
3.6905466218704532
-0.015019013884511878 -0.004876890032619485 -0.005810559021711015
3.959415569509474
-0.002774283949747769 -0.0022012893801957034 -0.006298986687852448
4.014954245832996
-0.007621889722713604 0.012022821566688435 -0.014514009266576977
3.4761522966127814
-0.010445496099237062 -0.010644144738193972 0.0305668781395525
4.137256882794645
-0.018222671354351405 0.017856138920706144 -0.02126072394730727
3.9190071777620687
0.0035433532277693303 0.022909189761207926 0.016824597086269932
3.904956812815726
-0.023673257571317663 0.012688055164289835 -0.00891597747704509
3.6514463267230894
-0.04724394909453622 0.0061052226710671675 -0.030352040942034364
3.3523608951500137
-0.022903146388216555 -0.000581224694087723 0.004412475970411833
3.7872316042567036
-0.01775319505350126 0.0005974868569182945 0.0018648100617610908
3.668380708355471
-0.0002541314547670481 0.0106450624525678 -0.012856845307851472
4.076640737556772
-0.044970970724307335 0.007197538291507044 -0.040019689493874466
3.4841732579452582
-0.012668000763824239 0.000658450388982601 -0.014961926129444691
3.336040386568129
-0.03214748354389485 0.0029732182308634947 -0.016339554814067014
3.842809402484818
-0.022613483149598324 0.02164626360854527 -0.0008515986253314622
3.59975521767592
0.003483450173462188 -0.0015995303612044154 -0.013881251667498873
3.789213275214024
-0.0020742962146869104 0.0012532470339010615 0.004417176850438409
3.964340029399864
-0.0005471408385346876 -0.0033775500676256343 -0.013131787436577724
3.991986961663315
-0.00375205794057365 -0.0021867042013354876 0.014811498829431002
3.7854397755245373
-0.0061998198723358655 0.007896195074636125 -0.006557466700087389
3.528738927078848
-0.0390911398985736 0.00952095117133922 -0.010563906359948305
3.5257180026210335
0.03185622116461673 -0.0026644783488336543 0.021906921607524055
3.800481209786085
-0.04180673221503639 0.008746649368504222 0.01235310820243285
3.4879697876485807
-0.006615907166860779 0.008330683286885687 -0.0036459415925946814
3.555090474149438
-0.070666208196144 0.000565189032613489 -0.020063009338173288
3.7355669374710487
-0.022892105181654188 0.0015546473865697408 -0.006002730623777097
3.479712308665512
-0.037457295843069005 -0.014119950429744677 -0.0011148603359742992
3.9143473199110304
-0.03662249247327054 0.01740041775417467 -0.03280362382633939
3.3397091844872193
0.007872891537999749 -0.004315916092878069 -0.004728843089196744
3.367864320735862
-0.020126336824205282 0.006251559966472087 -0.003635578181956589
3.935934075670957
-0.0041352846467361815 0.0037286965264229366 -0.0004239272334416455
3.8585197535039697
-0.00945768026076621 0.008857043662260367 -0.0027300161375478638
3.4754706719259048
0.008841630828555935 0.005939179699453234 0.007954467264880805
3.291234959985559
0.010479818435214838 -0.008327613434062187 0.029620912551536094
3.475705871822356
0.003166427387668591 -0.014351635397588325 0.06208869108991166
3.852931224236272
-0.024597646273832652 -0.01174844679439957 -0.003513417586191281
3.020542180624034
-0.04473643698588603 -0.0019398689654508416 0.0037440256039644737
3.5231423124178036
0.0013402307645264955 -0.003638541264763262 0.020947757941257805
3.3898022373577987
0.0009905613119371992 0.005335396968916939 -0.008646043098679002
4.000678143112964
0.0008846525092849333 0.008174559692406547 -0.0069594975693689776
4.321633327993368
-0.030063815712992437 0.016262683349509643 -0.01744908505361309
3.7766450469007395
-0.02542433905477992 0.01498181494559958 -0.008589776770804747
3.4101214649263056
0.0023538771781659307 0.012098005834900505 0.008313687151712656
3.7153309756104136
-0.05134669333392594 0.02044923742539595 -0.005372203470869863
3.5691527454582683
-0.03194040820767441 -0.001380936166583524 -0.0046056184971803305
3.812397699586654
-0.003928972388393959 0.0048322570841037304 -0.004110085134470864
3.546072587348135
-0.023507334314672335 0.005202265719731258 -0.0037099125017903134
3.589758770723165
-0.02324937845492059 0.012211464829533725 0.003782147339052244
4.20866210378972
0.01010280221407811 0.0016606261820015789 -0.011049281675241218
3.70226461915081
-0.013189567308245387 -0.006490580092076925 -0.0006846305168437539
3.643323304601836
-0.031226871817125357 -0.0031149217032861998 -0.023616844666321413
3.5357826883964663
-0.034408151084107885 0.008279690014433072 -0.015275835118245595
3.7404092664619384
-0.02183475151946368 0.006270059354278601 0.032307570400007535
4.12060217382259
-0.04559364144370193 0.0020619636695755617 -0.0024541791322008066
3.337137973911922
-0.03601071383650378 0.013636210641493562 0.02029700800358114
3.928070217979439
0.0011212141600935865 -0.006306870621415328 -0.013926844447951225
3.6469552407952506
-0.07894788041562606 0.01959085533906091 -0.02124288258278284
3.5938622911126004
-0.04316836305679317 0.003897823895613328 -0.02065811273178042
3.539957693789802
-0.021093146502380478 0.012613196934580628 -0.010776070696920215
3.75235858961787
0.007144403465645155 0.009840114724966043 0.00850043305536019
3.948005080979783
-0.029996178218425484 0.012504353590998107 -0.028692679765981666
3.6861602287399364
-0.01735849240230891 -0.007358659579722371 0.0014418907060189667
4.0700172479755565
0.03138441068381326 -0.0014041669360267406 0.028552767597830098
4.229119468209319
-0.0017394362257618923 0.007890169506254097 -0.009088751009585394
3.4922212009923896
-0.026727371165634395 -0.0011897176522097652 -0.042297349028331155
4.015435026934028
0.0013527867663469806 0.0018988288994705727 -0.005980744728049103
3.9656101033160667
-0.01627789253575429 0.011854060748191841 -0.012606560438143788
4.136198683690054
-0.016006087641471822 0.011774078369739982 0.010420825114579202
3.446518476233905
0.003545708823367022 0.006699422155520551 0.00010694819320633542
3.672193507760312
-0.016416322234817926 -0.0005119003691334001 0.007353986635962428
3.521623839978929
-0.0056662804622646945 -0.013583187158815235 -0.010964431035745292
3.7967370416081394
-0.021769937308135923 0.012887343409602181 0.0018818776507032453
3.4359112268011813
-0.0002612370979022671 -0.01225464540084431 0.02748193077582073
3.2240387109941366
-0.03639107888420767 -0.01006082256890295 0.013453668570718946
3.877524316973904
-0.007725300299398441 0.001645093323418223 0.00903751735268088
3.0453539106292737
-0.010817447185445417 -0.009626477349343077 0.011868916617459035
3.4715004490399224
-0.012331644285040966 -0.008501994703465243 0.024775571676173058
3.8256002016169077
-0.015044206388438397 -0.008097241259861221 -0.03380591116774667
3.7265015097773357
-0.004367804787534624 -0.004649732204825341 0.022192301930772373
3.4419210862497494
-0.024892055306509064 -0.008347087186393765 0.009200327821872634
3.403363780357722
-0.03651577486402857 0.007933069877140042 -0.017447973428488694
4.042121415851398
-0.0024582261698924412 0.012506903829944349 0.007318420772207901
3.7011200270762856
-0.03399593195399575 0.02707247914963773 -0.04204789344157689
3.396478310506609
0.019771445174683322 -0.0066463128154055084 0.014664319626035649
3.606459075155726
-0.007146034347670138 0.013976936963217668 -0.028378110354879027
3.5606613348372775
-0.03649734941382121 0.01127651079275438 -0.031427592432464735
3.295645057607544
0.0020378677138523926 -0.003309921750542344 0.004568890615928467
4.151559695511423
0.003915036474609224 0.001037404032899758 -0.02519194286765014
3.514053794163374
-4.1532131035637576e-05 -0.002208327527455367 -0.02402712033926946
3.5672410721281267
-0.014389276166866694 0.002572339673406532 0.02217136652393492
3.7146826061125466
-0.04806471349638741 0.011647159941048812 0.030738955649894706
3.822501066257246
-0.021714664548198925 0.0152584729995624 0.011600687656937225
3.6978590813378105
-0.034217991630157485 0.005196569772124349 -0.016426650956645972
4.352521895869359
0.0005804535173865588 -0.0031912707244146077 -0.02947648810368264
3.6922618357457395
-0.008527711394208382 0.012674007659825293 0.006963595976230863
3.071876243187944
-0.007446795996884248 -0.0219434726864165 0.02318736180450287
3.87553268551801
0.008146960221893096 -0.002295505507163398 -0.014880833849929331
3.5589399181953922
-0.02062915789520048 0.007640135069664211 0.008386194429476745
3.6668419166217063
-0.029828060178942906 0.005151265387780768 -0.03953052461247353
3.5748640292486016
-0.027152292404934997 -0.005725505987584256 -0.0282967065709272
3.565229558550527
-0.02103065166647866 0.0006087905750291611 -0.010823888622553568
3.69993893145147
-0.06920379741086435 0.006294564941072167 0.005849156708109149
3.531287043327211
-0.005053134853142183 -0.011677170270218085 -0.0003649604391284811
3.478231042958214
-0.04967431277395917 0.005039848492629062 -0.00594956138957059
3.6030845273389787
-0.03952750730513799 -0.008364163284795723 -0.00828503021330107
3.700769606434733
-0.003857030967992614 -0.01262260655744285 0.030280566938927223
3.5660064631229034
-0.012692555209468992 -0.002682399130662816 0.0008250161679370649
3.9415417375184916
-0.009111086117172817 0.015677746832579942 -0.01970522849410372
3.7666627766338934
-0.03241726694341196 0.0019051997796850628 -0.011336413707567772
3.6351481660276477
-0.040075580975099 -0.011117233145682803 -0.004898256741171281
3.418471830966155
-0.028400941550216885 -0.016940196928317164 -0.028784565681689855
3.590347697134348
-0.013491912823155872 0.001788045816056183 -0.0024946318703769066
3.492408996126869
-0.0058051954381426185 -0.007982592045323145 -0.028352224228001432
3.0467202760701184
-0.02682600898515375 -0.009696370043116076 -0.0005473056148730393
3.440389643636081
0.020229875655331853 -0.006326541646103578 0.022571157448965096
3.9653240431071026
-0.027985027342310786 0.0019401722634029284 -0.015217856914887307
3.917487580138186
-0.042023606373732036 0.002569411787817444 -0.024429118920807014
3.6809553600915024
0.008838451228939448 0.006931813999017322 0.022032654355825798
3.5047252414960894
-0.03207200599854332 0.008634840171794167 -0.02499896423660175
3.4559351356501793
-0.016455351133799923 -0.0010764342162019602 0.000889276660473115
3.333313054883547
-0.0525464347219895 -0.011516149459453118 0.02337246860633968
3.545773892839861
-0.019562898914500693 0.007310826631965028 0.0022983563642355875
3.936242609769579
0.006448238776329163 0.00010164958780478628 0.020648916037771414
3.5961926651380054
-0.05503483910365503 -0.0012800070339835656 0.030766922651764617
4.099829194077756
-0.022599734103550873 0.004686663367692745 -0.022522200991261343
3.347177448686125
-0.02727357141907305 0.002790944626781311 -0.00823618345543764
3.873983095812946
-0.01195863695988919 0.002984410213571209 -0.005589664877334144
3.58819706808481
-0.033787409510750877 0.006239941327976339 -0.018737261896376367
3.5863428846596435
-0.0258664328150644 -0.0022053119005249755 0.011421504633062796
3.1417381624696645
-0.05703448916983689 0.005353876712433703 -0.025976368770443514
3.7764922849783034
-0.02391391679680055 0.005651137297036257 0.020515557158660158
3.9900235756394977
0.011925690811040113 0.012016387566973208 4.818276875084848e-05
3.636965167317612
-0.01381517162712953 0.00333474080821361 -0.023091017124670543
3.5452269358647754
-0.02402122891635372 0.015382269508222635 0.01121591017931678
4.033315669065814
-0.04255082062991278 0.01396382926213846 -0.04645873082677099
3.634063973931916
-0.028421091668860754 0.0016439360513231804 -0.007850490133932908
3.8511724450308975
-0.012888221855973825 0.002497596602665908 -0.031126087244047085
3.390753573067741
-0.009022367588158886 0.0051297635195624025 0.02228282197597764
3.2829647959360955
-0.03040681019206204 0.005005170614936105 -0.03319289370278966
4.29812419974769
0.021478207138898142 0.007463924940338984 0.005298754414980067
3.26095297620941
-0.0078069314783988375 -0.017459555038158214 0.023103493040252943
3.818835899603073
-0.00020770889386767522 -0.004694767369528563 0.04922039029270309
3.7047009214611535
-0.02990371374971801 0.000960945483143405 -0.035562569526291554
4.290093374494063
-0.009119052167079644 -0.003757211126412585 -0.010060583511858567
4.2376652090097195
-0.040002186364745285 0.008892490047742285 -0.012933901612996124
4.08926810043431
-0.0044836569959443295 0.015521732589945714 -0.014099929363510455
3.2087491493957714
-0.02731051559089792 -0.0026423277023468472 -0.004366320140434254
3.8691160066427983
-0.011384777697003301 0.016322119789492717 -0.025119409599710707
3.993825216703044
-0.009852859818465731 0.020228124009008752 -0.02228677236985277
3.4656004140015284
-0.01944110744830141 0.0009738409681858684 0.010746913493221655
3.915659709436113
-0.0384051522360096 -0.004748726564798744 0.01472651959943505
3.859787633720771
-0.007294820602965046 0.005748105765974287 -0.023396349829909013
3.593708398875606
-0.052055214509437064 0.015994188819036026 -0.015655832194170216
4.055271891518714
0.009618128229931244 0.0024715243064292736 -0.0063496737964214844
4.076510605696967
-0.02990577781201864 -0.001939021950647657 -0.016726065689226743
3.543081363741294
-0.048113447703372 0.014834300700840686 -0.02230633973181284
3.8989248381467405
-0.015443502482185067 -0.011146829781523593 0.02552690306583827
3.7020016939741254
-0.05655112359636405 0.007007120815956114 -0.03257668599644603
4.215800435957135
0.02429918801067288 0.000620119543441433 0.021807666573977258
3.6595172271190677
-0.020620846869178422 0.02204964600684889 0.009784645258605451
3.5419493827002952
-0.03376934242237439 -0.0061386952039583775 -0.022939606619729602
3.5821233484157347
-0.018699027895308973 -0.0012727856073979638 -0.003626483841571826
3.8494168482193345
-0.017525805030800257 0.005342848033478731 -0.020077318522908172
3.6402788595378297
-0.00656229322589752 0.00037458636734299944 0.001156801241904759
4.002255990384583
-0.06551457832233609 0.008042443791964615 -0.024955618752528608
3.874527238475821
0.02138809426219268 0.007239542771912966 0.032051661898549355
4.062142668720298
0.0056700656411976524 -0.0037741915768947365 -0.0056134919404939865
3.690245433742348
-0.039098194125244845 -0.007476823242086539 -0.020581079300200145
4.001382477327752
-0.02271745497273514 0.011434446466182635 -0.011921764679300395
3.3895921117455146
-0.06971718892350509 0.02357556618835588 0.010147475557459984
3.405640858381048
0.0015057554576287657 -0.007891574184895944 0.01290600493666716
3.5563016506584972
-0.020315327394882843 0.00020803447102935024 0.009486556738465879
3.762742206821713
0.0025340205913835234 -0.013656978132416953 -0.0023764148261307128
3.576180217743058
-0.016188092663696807 -0.007145419451376256 0.023264207248303137
3.574837848919742
-0.011496351542064076 -0.009593830822950622 -0.00922938667690687
3.4589683471303942
-0.006033145574747323 0.014979541430648169 0.004789897018554257
4.242728216953765
-0.013020161312169876 0.002030823210930066 -0.020115794849516533
3.761086760350736
-0.04462551899018763 -0.0088382551111863 -0.015321312832838885
3.9625411094657466
-0.02418147488538125 0.014056854271188968 -0.015886090156527644
3.9645716597005958
-0.021095760415619225 0.015455428799100446 -0.021525626110360463
3.749733615383775
-0.023109702536203258 0.015721110620688705 -0.04306027293455372
3.6308438380392545
-0.02361153432093488 -0.0064350639520398545 -0.021803114149861358
3.680786062032894
-0.005707908325575772 0.010385693264652218 -0.012161499216290395
3.5645436253562366
-0.018109386515106962 0.007253877512539475 -0.016131550683894602
4.039077735040337
-0.02083000275183622 0.005877319289083971 -0.026092114736457006
3.900312863825093
-0.014926640566272908 0.015307118809914755 -0.025639482451197182
3.5962984727966614
-0.05226494780936264 0.0093321835200868 0.008755470595133374
4.0692158820511395
-0.006072510950389187 0.0016610887332717539 0.0028828120296111592
3.824950184375666
0.027592824266776006 0.002331239104250926 -0.007913514003121236
3.4732117931716857
-0.040642772108867575 0.0032719071781457387 0.0038530141443970933
3.4922212009923896
-0.026727371165634395 -0.0011897176522097652 -0.042297349028331155
3.858620962830173
-0.032163372407922 -0.006565362237665795 0.0063747129111106915
3.5508659306124173
0.026744285139329804 -0.017002368922931055 0.028388101059817927
4.170042524947348
0.008324230134348909 0.011164871163487078 0.00137244549046045
3.4790425860746836
-0.07802819265816652 -0.0005765420133911903 -0.03510140616413082
4.113874752401898
-0.03023960238624568 0.017721645986625845 -0.014805242377633476
3.7358324965252905
-0.005644104336397504 0.025254536247189208 0.01485061675361976
3.913509955079462
0.006079410153915887 -0.00010806579859945487 -0.005910091180794552
3.424535691172423
0.009257353059638262 -0.009141700281816156 0.06223034524441573
3.3796214704416343
-0.012763453810748615 -0.0032202901379605464 0.003348110555407402
3.6328564007635578
-0.004086476935299288 0.0020156953111154507 -0.0038188685084605822
3.6683266673853723
-0.003759438795668757 -0.0004598033360707632 0.023939561641782348
3.344757249680697
-0.025325109088271347 -0.018093814281428422 0.01621789804312357
3.633465947388686
-0.01443825161732093 0.010532119580602739 -0.014618329505310612
3.56462894505421
-0.030598233211321713 -0.005555574559707566 0.018468015755615852
3.2984981061699727
-0.0054406131025643845 -0.006723109729819043 -0.016739029975497033
3.8918852820570464
0.013669751718452972 0.00020543716834708903 0.01576728675991035
3.680878025207676
0.011180781118355299 0.00016479555472415086 0.00010320609248992696
3.9168408808145614
-0.009494854590911928 -0.0062788376162643544 0.011441790198205126
2.8996635898765817
-0.03825122882312826 -0.014259052752208845 0.03352708558804807
3.992428554621256
-0.014608616357008941 0.023663066057110882 -0.018761403267262722
3.652527022675713
-0.040585224905044015 0.008871239765426253 0.006095079322903985
4.05008312748123
-0.005277616165358268 0.012542023242303912 -0.007748067730290131
3.734792318644395
-0.023063217101025657 -0.0033813527254551445 0.00602669840100134
3.4049503415690197
-0.014853361361247153 0.012758104481463306 -0.01788285539919343
3.7210438148567846
-0.03135298641564077 -0.0010692950818338431 -0.007114270085139651
4.088775860603164
-0.0033369047835094534 -0.0061407110342770466 -0.008306172822813096
3.9702283959195483
-0.02671981624143882 0.010419802780802456 -0.013132073983342707
3.8293401123019066
-0.034862739083337146 0.004418685435553016 -0.006166731972371053
3.8119364905296607
-0.05921741822066906 0.0050641244257576545 -0.0164310917068633
3.8762070008315277
-0.05282454122971103 0.02586638247225892 0.012986624989025586
3.4693113075545625
-0.07381231687190848 0.014699755203309905 0.007069436521987882
3.9318204660366973
-0.013056561053190308 0.0068662632422729075 -0.030382618822841323
3.5864562340138946
-0.017708069753325617 -0.004016624528844659 0.015615463299127441
4.187605099787106
0.013375924486808799 -0.0024733353786814405 -0.019392403551364623
3.660377175908252
0.008683430094606592 -0.00246327523166201 0.0183502150057393
3.576942678857449
-0.01332569772057468 0.007196767934146919 -0.006374638676788891
3.5610503760062784
-0.027558979541481676 -0.0014378185877603755 0.012390756108061396
3.6605494013856514
-0.007012930770997627 -0.0008616715782636675 -0.013940590187985435
3.743397324358739
-0.028368958396640664 0.0007016335400749085 -0.005044260409704293
3.6892320729712083
0.007878719605514561 -0.015291008229837644 0.0291733686040061
3.8488727797603133
0.00019668045501930465 0.0018349143040268245 -0.008385289230773196
3.634063973931916
-0.028421091668860754 0.0016439360513231804 -0.007850490133932908
3.495752788010577
-0.016772973503520916 -0.002416800926084761 0.004966580470863846
3.8996672558805585
0.008954064585395827 0.008316010880776048 -0.01762651604099119
3.431384957086266
-0.02760143254840841 0.001169791583379265 -0.022147684702758852
3.9728902685947105
-0.0021251145046790043 0.007024753535233685 0.017784691096494498
3.9027278461826427
-0.01024108796946166 0.0002230914660685812 -0.029815029684414185
3.589312596641321
-0.021259767854417078 0.004708965079998961 -0.025816922801141118
3.640071093107508
-0.012922245819254385 -0.0036804795761327114 0.012345495330691847
3.5569352298753074
0.027457166561134727 -0.0036271828111011928 0.011487856220355752
3.6668351963426176
-0.051095212285645175 0.007148196519779049 0.004535497267625033
3.9324460018169702
-0.020881085720702686 0.006356731497817236 -0.007580130861924772
3.674104850590993
-0.03121420699403643 0.008957754305015442 -0.012260139062163944
3.9025296872996478
-0.0038863408829001855 0.0025597954523846056 -0.0020669453406299
3.9104186573686093
-0.04546889787411601 0.010407472321730893 -0.0063653377176251524
3.862026600668287
0.0014742269886482973 0.011446640631447735 -0.00970933103326388
3.4550827831999413
0.0011931938579436974 -0.0015866277673239892 0.007245362460253091
4.053098365475307
-0.02028837756779467 0.00016399276830725285 -0.009825540963447565
3.423079985253935
0.0005402378815233533 0.0005858912064695687 -0.0012870183402355906
3.732981361526072
-0.030098367281425453 0.012938861581005767 -0.010093468213426604
3.894099352766716
-0.05657925570835687 -0.004384800016623558 0.012771109727282237
3.182332695970217
-0.021509609007352992 -0.00649581075037986 0.009205699669792011
3.828969963131385
0.01677747035819266 -0.002645354061769467 0.021084607569719083
3.7868016009715575
-0.027045814668326784 0.0017965239572959035 -0.016459609057164926
3.6773565736875753
-0.014183269501927498 -0.0022527404667016526 -0.017979360438175718
4.088218089161273
-0.026628544430650436 -0.0028561194714029625 -0.006534184069096227
3.942151845581975
0.004152463963237096 0.006884999668386627 -0.02682997378337859
3.7106936516174756
-0.015068116692646072 0.005347865602402635 0.00623352766001517
3.594207284627373
-0.028007047930941553 -0.00032734963565417274 -0.02426487337652361
3.4889641428853793
-0.027984346291304973 0.014284748740578834 0.000494593424264167
3.884338915697299
-0.03536510799426651 -0.006362028718626789 -0.0005883991268547106
3.4895770895545866
-0.0038243502849582 -0.0008265774839628648 0.005794052792225557
3.7047009214611535
-0.02990371374971801 0.000960945483143405 -0.035562569526291554
4.249060187079522
-0.03999291381001058 -0.004117125526818199 -0.011101983408252636
3.8656989705841625
-0.03078962835797938 0.0016303745941286252 0.0033607264322199626
3.3788319490877257
-0.05170915139910903 0.0018454659194730993 0.005552672073463327
3.8677497786275126
0.00329289223145679 0.0038755283828777465 -0.01487493575427834
3.6055562148167155
-0.012101218620728105 0.0021760437739430927 -0.02808344022582787
3.413323764515553
-0.055839836291625033 0.0017690365406224373 0.006383235487191996
3.5131364963735905
-0.032484786945587985 -0.0007157467475735757 0.004865302856387643
3.4565019692408896
-0.017745775455068724 -0.000685350530488904 -0.016242260628587246
3.9952769335122866
-0.053799272124706476 0.0049802529503040205 -0.0017612550075227773
3.774143788863512
-0.02319848560364335 -0.0021993898534447 0.0002735955922616995
4.263160722314751
-0.01703543631356297 0.010130511255397323 -0.02114042184734899
3.541402129893868
0.00017304575771959207 0.0034071375575877028 -0.017507816493662176
3.94241979713388
-0.029042984325315047 0.003919296034382569 0.001946700485632391
3.3687914353495216
-0.007306051399837088 0.00652802635727312 -0.01331290032680954
3.8893866589151003
-0.01474994140949093 0.0091084336889935 0.007454761504050111
3.286977792772632
-0.02606532509093995 -0.0030966367918381366 -0.009664954586241947
3.585037380526046
-0.03016369102556382 -0.01024007162993712 -0.004923504946191315
3.5832540760538905
-0.0646977589085509 -0.002275467586855484 -0.008782854914215932
4.134408556978997
-0.017207180015475387 0.003931486020519515 0.006939235878235195
3.8311117768062104
-0.028468687749409582 0.0025462937240945394 -0.023877151722672352
3.7389623387962274
-0.024616744170998572 0.0066445748683463535 -0.012098723673489076
3.530630980469141
-0.01016109397596665 -0.009125803395136245 0.014451790053271907
3.486895395315514
-0.02719109405325071 0.0005564593872122714 0.011137936274735694
3.604391177946127
-0.030097198302428296 -0.0049554668921700795 -0.0046449736910290085
3.8776337515391788
-0.032408514806320454 0.01950068595704124 0.014917827587169086
4.0607985762262615
-0.00787842231261493 0.009113375396282208 -0.02335911423028847
3.768522036966715
-0.027995588232670343 -0.0013450440726501256 -0.011145860053602519
3.869715439846914
-0.00950126234556592 -0.011847619132254295 0.009583198552718386
3.27181647407906
-0.0074625346660468495 -0.012016549279792343 0.001577747359078785
3.6542849383586145
-0.05194400069240146 0.005622089348321424 0.009272796424284024
3.5462570891213545
-0.03394085063609964 -0.0037180049707785656 -0.0008132486805152439
3.6101732730294316
-0.016617489945474517 -0.01018468263964678 0.015170389960758257
3.739850516608385
-0.019005289736014674 0.008046206559470193 -0.021727889549765678
3.355248563391797
-0.041558352188303616 0.010769881536816683 -0.028845054266412262
3.7069542094532153
-0.008356777966355367 -0.008487956068620406 0.008462320296075632
3.49937599785153
-0.025753208042942788 0.011785651445393341 -0.011155697860431246
3.2745300628012046
-0.04996634804706446 -0.007074664430206212 -0.015231296237971037
4.016261075505099
0.0016198953478578915 0.005330470451667679 -0.0337764866442285
3.9742763943359023
-0.03578672417711459 0.0016355848608782253 0.0033282516506005777
3.7357182305186143
-0.02544725180041496 0.005127723959276409 -0.02403331843493106
3.555837998937932
0.008095090426650131 0.0001562217910304753 -0.012853104060468468
3.958122572132197
-0.015649247675355582 0.004692936098876999 -0.005087802542902864
3.9834665778407725
-0.01671952674178101 0.005738487334951969 0.013143445002697263
4.2808142322646745
-0.00943461248539279 0.008035809229909319 -0.020739054858040618
3.4040398080533123
0.017260978091826473 0.009960166804717119 -0.016574548615835738
3.740320300032181
-0.0035058805035532714 -0.008512335674026872 0.02296345980244041
4.04495045609201
-0.0400932209356597 -0.0006216659011215597 -0.02811560852387629
3.7825778906817504
-0.025028900393181175 0.013839106822388203 -0.016777396097268138
3.21699824722873
-0.004864151424271768 -0.011510764174204269 0.00698183716008316
3.512448580238015
-0.015224427412249497 0.0053661077334936635 -0.007911981043662308
4.036105881050389
0.0002556109245688276 0.012128384725883734 -0.01846283545182814
3.424180689063178
-0.05402855802367412 0.02502632910545799 0.0019203577614916867
3.6165793399413815
-0.012556260231121996 -0.003159577369615363 -0.012401880073184657
3.956148160446901
-0.015604939357899639 -0.004979444484774831 -0.0004574566371502442
3.9805915254401043
-0.028058065163122592 0.01263545673225508 -0.011520806570160858
3.4103887041865164
-0.042943455047634416 0.0007724703729081739 0.007213434124196283
4.185538677920704
-0.016960531668246404 0.016943470953378892 -0.032726574594335034
3.4612774017114134
0.0001463353064536932 -0.005803715201409432 0.02301845343822606
3.521623839978929
-0.0056662804622646945 -0.013583187158815235 -0.010964431035745292
3.579221657587368
-0.04371835549500247 -0.0062980267913417265 -0.027277396108956964
3.7080172223104455
-0.028963544952148368 0.006841088634701009 -0.034968170981755975
3.425531511680674
-0.034727143321561016 -0.0015752125688095475 -0.015319288792397856
4.128801115008173
-0.028397941411640204 0.016148989670796254 -0.017567012573408647
3.814921503420919
-0.011221047216849911 0.006281457333557228 -0.006692242941198856
3.9076168821275132
-0.04128792655842517 0.018039034318007907 -0.012698734078867346
3.907544977217185
-0.010607263652673282 0.01980042390505332 -0.012856963629474194
4.346015833553793
-0.0032264814235531958 0.0014009916801569489 -0.009953078435955831
4.0564692076259234
-0.04938875732023007 0.0002801499978204447 -0.03215172581326442
3.6192965504715175
-0.02056811659667801 -0.005443805724326012 -0.004924157961340825
3.5062270922817333
-0.04013439482514514 0.019551299451109116 -0.043402010271165636
3.3211079996926856
0.020138816452572428 -0.0012474705958993582 -0.0006653047398685885
4.1717750659545345
-0.025264296745490356 -0.0006744651808503477 0.001207802081353293
3.270661784882577
-0.029658376812449205 -0.004026719441412752 0.04218704652839733
3.850472239579176
-0.030830214655907184 0.01955526940503205 0.002758668395017594
3.4706991655930324
-0.049062867371048924 -0.003132353941055044 -0.03340944915544242
3.917920080139993
-0.02946753709807126 0.005526314942699173 -0.001334439749143712
3.347177448686125
-0.02727357141907305 0.002790944626781311 -0.00823618345543764
4.256297353224909
-0.028611860850105586 0.017660123798236782 -0.031208423948328345
3.797084915562664
-0.04000229885241424 0.00837183189219104 -0.007736517315379388
3.3894629355208963
-0.06025112685961176 0.008895155888694717 -0.04440392220180911
3.3916820169279163
-0.039768958908098284 0.004601008910412929 0.03649632711039885
3.8677497786275126
0.00329289223145679 0.0038755283828777465 -0.01487493575427834
3.149445677507174
-0.025182627106005384 -0.012373895843779792 0.0016554649369027175
3.6313463507212873
-0.02076153142002113 0.005404196012250395 -0.010961267308175593
4.042756012742757
-0.0034202262929738936 0.001195037760339801 -0.0016210234657592082
3.8831948892284345
-0.037368081128306585 0.011442724513699432 0.005461869829559873
3.628779466668675
-0.030616733335136814 0.00323660451476826 -0.020622266734108052
3.575579462155474
-0.014732601054902261 0.0014495355775352436 -0.02553179788583293
3.6088419551779225
-0.03915370295817411 -0.017329317313738102 0.007519014988929484
3.8869226353381237
-0.016000269635014774 0.004584850811852448 -0.010533643125654635
3.671423935167695
-0.011009580623294823 0.001396924434857283 0.0007396544920084125
4.107558721344503
-0.009388459466663335 0.0006943150680172039 -0.015914076621584172
4.069573781658619
-0.012607698441115645 0.011921474638711516 0.0038547857184312306
3.8596181394004816
0.0028581876472344447 0.007495610586715884 -0.000727949935480865
3.719426356978147
-0.04034081975692061 0.009816444380021494 0.015757092009835105
3.6078821698938555
-0.01934708252360906 -0.0052332678923221465 -0.012955941117070324
3.548713867522565
-0.039676282741766045 -0.001969405658087453 0.004151839139694857
4.316675411544566
-0.01356040830432903 -0.007203923863016826 -0.009649774167655778
3.5477159251831836
-0.004632484944750104 0.0024124463102452864 -0.018425776385811332
4.072201462036901
-0.010098844114054373 0.011550713046858618 0.026575482802627448
3.9454379871185665
-0.03735059419977915 0.008106208859544495 0.0202670414403201
3.1899551796468586
0.021445390522558228 -0.005873325381912764 0.020333538001295892
4.113277933483914
-0.05250348590811882 0.02098605929995756 -0.009386524674710017
3.9522577754887607
-0.014065260325651252 0.0045614824067570225 -0.027473803806969954
3.8681578478172014
-0.012677472574750936 -0.002279523739389333 0.014439930371509035
4.112122590302533
-0.04774347704301363 0.006042110618636798 -0.039582079471074394
4.045221987074001
-0.010637483517029978 0.008170717364919255 -0.017159185080345196
3.57570902347652
-0.03803276313465176 -0.00727142096195621 -0.000895914552756949
3.7664985540995986
-0.011111585063417806 -0.001321016187830537 0.002416503342828946
3.7539850735229265
-0.026297509546793663 0.012167717545139567 0.000230840181984604
3.7328921388889285
-0.030459906184660213 0.011460846988029516 0.006303773896206621
3.2754164319203483
-0.014749750017472252 -0.006169187035652612 0.012738420998402944
3.500818711213469
-0.027920270271579284 0.0038372125169416904 0.024384789342775548
3.10431767593127
-0.05060239629960961 0.00030557787283669313 0.01324650975948316
3.8361736642700635
-0.034652404806820414 0.010990687923140285 0.0006573866944563633
4.580938924197653
0.023380502984309715 -0.0019915070349725283 -0.0069212546359267435
3.6668707930066375
-0.03873167235406072 0.016055392826842763 0.001689911588528048
3.4040470937143255
-0.0141927814850078 -0.0039879609364561475 -0.011937371520843953
3.759775180953511
-0.02615497148713075 0.009653795184362934 -0.01710989043999689
3.6856118888799756
-0.042885488503543456 0.017989639425763926 -0.0036801037344957876
4.361784531748526
0.009555943180657778 0.007368884539459941 0.014378524210769683
3.551304888677805
-0.03678272473166544 0.006652632066902697 -0.0032235823944120057
3.865556488576658
-0.043816479427277955 0.002666707768867127 -0.0028667038002367917
3.569252146668987
-0.03834046326687712 -0.004175776798206243 -0.023999955271847284
4.02007629882246
-0.013017463239293647 0.001547536702673824 -0.02050575856173964
3.392607750283787
-0.033579589505734475 -9.747494141265634e-05 0.011104438692655094
3.9826642334874123
-0.020795454516928658 -0.003755359750130083 -0.014970125509535137
3.623916051506967
-0.04137201900061882 0.012802966516801462 0.01825692435045312
3.6435909883930435
-0.03539011871794173 -0.001982623064236577 -0.034076020377824534
3.4585637262925957
-0.0011810003964001226 -0.006703457528487888 0.003987461182077823
3.687505082088137
-0.04338483610467847 -0.003574993704432927 -0.024366322969626708
4.231112270956146
-0.007848022089319784 0.007811281235831302 -0.01170791827598805
3.7516450107823403
0.0009811998133955058 0.0039576641909206955 0.032961963742081934
3.935356135684742
-0.03324177752347168 -0.007058919308747136 -0.015741884557655794
3.127325571577785
-0.049157654808368534 -0.0009507211551635919 0.006823031636031374
3.8486817073953716
0.011457741676849764 0.009041553819770343 -0.027408588411844903
3.4537499757243495
-0.045922681962338174 -0.008396242929961772 -0.00796405660844357
3.8921874844263584
-0.016404934038973806 -0.009252591447875602 0.006242246872943724
3.7170370567328064
-0.052459905299656384 0.007188741930576725 0.00018128964984498452
3.8833492194999053
0.0023836728519199823 -0.0007699262538380935 -0.0027403558995047206
3.4838815794273614
-0.0005227157396348048 -0.003638868029497644 -0.003586882250601775
3.4795586536356495
-0.030755503528553163 -0.00827697369948055 0.02511048896349166
3.7336337325159548
-0.006533215728950381 -0.015887278866784982 0.019403823659331465
3.456135173308212
-0.0332262044730669 0.012760085126501508 -0.008148771327796567
3.4900371894873388
-0.05733979523074595 -0.000977839596089325 -0.029947747158303173
3.3662411971363326
-0.01880982258558106 -0.0020628509585094434 -0.015433559451594192
3.265777252141561
0.008277806196474558 0.0058349628823179955 0.013465745407529539
3.421169133539479
0.008641303127205902 -0.010078277608613462 0.008717926286863076
3.4786412659050256
-0.014402431820826678 0.0007470245129752584 -0.019713877919912193
3.919438777284995
-0.02740811685475819 0.009436461047926059 -0.00026881841540671303
3.4010687534982935
-0.020197171296558736 0.0035949133341546258 -0.010498352289459945
3.162615594208546
-0.013819550848893414 0.005215733612999429 0.01582479430840067
3.9782819610054503
0.008091271391549526 -0.008675286942207094 0.028988409943849547
3.511672903111503
-0.004337409699928685 0.012045969233440701 0.00251923816335875
3.141456786602248
-0.052302284032975876 0.0012454172180014211 -0.017011956747410295
3.4922990046406994
-0.018414803188306905 -0.008808036021491716 0.00892816094255977
3.6100614936349302
-0.06204580191297282 -0.0004942250146768856 -0.02045848799139094
3.715101961560322
-0.031185249221834965 -0.0016186688055768172 0.021979339485369564
3.792245490770256
-0.012030395526608118 -0.00012916399089135666 -0.0052421928364765336
4.135948749545605
0.014247741833969485 0.010547271249038204 -0.008139950568192944
3.5331131357315826
-0.017577776014150004 0.02218645128004937 0.0066210532834247715
3.451147496384692
0.006739306689951263 -0.01251100731860788 -0.007651674188764446
3.7313186861438226
-0.08057988239056613 0.0015793747785437517 -0.01399101131187308
3.552154771804453
-0.06422313060284068 0.00498033888561622 -0.00499021065843408
3.383240172271144
-0.00862815448067522 -0.006888085187370052 0.00595029871215047
3.5522329639597956
0.01933820064846259 -0.01081229124258698 0.025279144045725843
4.151519972483584
-0.017752044319195193 0.00035592987535437715 -0.01980796223983816
3.732481134248701
-0.004606225867064495 -0.011037775118552418 0.014086506121202547
3.3928139028621445
-0.05832698225594868 0.011729321759503364 -0.028121709216065938
3.618267968172404
0.028222659755329005 -0.004820978298312184 0.03371671048353164
3.8060345297080858
-0.015694137092395977 0.02598245772287555 -0.019865146372239906
4.282917892790465
-0.0021620746688313375 0.02254706663018169 -0.012930021882766596
3.659722418583442
-0.016142490713264124 0.011381878179122396 -0.0063615243702770385
3.9952769335122866
-0.053799272124706476 0.0049802529503040205 -0.0017612550075227773
4.043113975194501
-0.02391993444439322 0.014316379518504618 0.020135957985530695
3.6390091627999936
-0.02832383853706233 0.0021114349177651093 -0.015128611468981035
3.455225027241795
-0.02941407043908839 0.011138652111412739 -0.009361615693933345
3.874943184941003
-0.02044849134654214 0.005057903468923541 -8.653804184177716e-05
3.905323408237564
0.005250540874840226 0.012387277845050448 -0.0043996265205805685
3.4863445774362845
-0.006593833538772742 -0.00825674402324239 -0.013277616956656857
3.531214246606396
-0.03812136581041159 -0.010243855212820563 -0.021167287850403227
3.769477087856103
-0.017367288724926766 0.018891841764343553 0.01183658111085606
3.612603240381759
-0.029968780959279684 0.004724082759594239 -0.0033556404241608107
3.7715303988088635
-0.022093898322054883 0.009837058514790442 -0.007624095860137459
4.215463095451014
0.0026987547203134454 -0.00936258857109351 0.015015526780871369
3.438707342305861
-0.04689651999046873 -0.0008168632995193548 -0.009697176518102424
3.461163107662287
-0.02348082281241659 -0.009957921803220415 0.007713208978202601
3.6354235056132893
0.010449580009662895 -0.006343003819324622 0.04272991730340436
3.9379986842814105
-0.017312040210072155 -0.0006276844055719266 -0.009932508731708367
3.5216946519976773
-0.03611340224415471 0.00010068828214571113 0.015037632147141267
3.3277868806490005
-0.0012860650531365536 -0.017552262967114984 0.006663774754088081
3.361968959095975
-0.03991090995396007 -0.00231187672602573 -0.015024132839926096
3.5428043163165057
-0.04662878803901549 0.010294122620734925 -0.015158457964389527
3.8013944138810984
-0.040359055319186155 0.027262140788820943 -0.0356896976572898
3.758329238908118
-0.034585188255050525 0.00553143458193972 0.001281493960050284
3.140332580575887
-0.017625429462668762 -0.008511809533843007 0.033353157575902515
4.093446727856644
-0.031450770909714265 0.017339282733246364 0.013748466941251536
3.684098508725583
-0.030006728873786415 0.004779368032586717 0.004449269759334129
3.4839541310384448
-0.04721612083039872 0.020167596813053024 0.01170519192487518
4.132943986466671
-0.017854710990377498 0.0022411266527342377 0.012253829739847788
3.9521118318398294
-0.019395522195281956 0.009757821765788321 -0.013480030824212008
3.4902391192117648
-0.038358452557531564 -0.010160940790683526 -0.0155101746620403
3.8740396466109814
-0.027384036893408847 -2.8724211347253004e-05 -0.016462527376916114
3.924139782873681
0.04281204108747261 -0.008945435622877085 0.016376549766164317
3.289984743018067
-0.03233716429508604 -0.013542416974587468 0.004225640036793266
3.2440347266856406
-0.030171550639352063 -0.0034609751423886337 0.008357412269788256
4.200160282933211
-0.06389439259828578 0.020967266999605272 -0.03404865528545997
3.728197749263927
-0.03482248715931746 0.012668380601098761 -0.03562215842612204
3.8332938567154997
-0.024205208455214233 0.017018864719830162 -0.028363273570448655
3.169441506311159
-0.01041916669873899 -0.0017136074882273533 -0.011935600746028285
3.790972716530632
-0.009236458359282551 0.0013647554335420864 -0.0038166707493019203
3.996792779358657
-0.02149875695818082 -0.008832080292108913 -0.007475221319964476
3.7277041460247347
-0.019345308149013363 0.006007638713072083 -0.01032997487936882
3.6974240678819115
-0.04524328455545401 0.012181739218021903 -0.03243214621261359
3.5375893187720067
0.02521782643430015 -0.009380189308672016 0.015550199617337057
3.8869226353381237
-0.016000269635014774 0.004584850811852448 -0.010533643125654635
3.918334294732631
-0.0349995005853998 0.0008520605601916031 -0.03258282648152999
3.4288433116089436
-0.02866405454665255 0.004933381138130244 -0.040737907982247634
4.17712368265984
-0.009540574797711088 0.010732083314564989 -0.0037417347382415755
3.6703669565986274
-0.024215011361548022 0.003413537630308383 -0.036719449554993844
3.7888303119871125
-0.014914061166109605 0.004292473509508454 -0.025367945573179895
4.127649314450537
0.02881475342496742 0.01399446888035527 -0.01313523418616569
3.928587384747516
-0.017864220696083066 0.00808486188407187 0.00882947892159791
3.7524542565597585
-0.012536508037555905 0.005464621595592689 0.000844435860926751
3.8263274733890285
-0.006495253551747737 0.01844250748399645 0.005636399283048377
3.819891137306513
-0.009494303609244525 -0.007189714256242041 0.01210078977487683
4.13025416016535
-0.01421015123946745 0.027682230462346524 -0.020125807700424048
3.759257933686058
-0.00034129912978642096 -0.013698792106538349 0.050625004845869626
3.7313186861438226
-0.08057988239056613 0.0015793747785437517 -0.01399101131187308
3.7329971077269875
-0.023176238820042272 0.0031279186190431574 -0.02082870748631649
3.7656451011553145
-0.01597218774668363 -0.016239240044001235 -0.009213605140985237
3.2808371676510433
-0.004244317990014679 0.004060600300476835 -0.002361167847084289
3.713090271908186
-0.054597112003875736 0.008335038449331478 0.015248990680674979
3.6372963118119515
-0.08928581697091431 0.01380379457896197 -0.008638813627158015
3.8422383070619617
-0.044159379231132334 0.0002660248253505415 -0.014700225550768664
3.950943116099552
-0.028267750151599103 0.0029831136675966263 0.00527990713590043
3.610251016568327
-0.05435962440947151 -0.0013372750795497268 0.006888317782340891
2.9959485091258102
-0.02764258210504522 -0.007419112067964306 -0.04275831232212113
3.626736019928103
-0.01687087168875223 0.00197007794304227 -0.002302406261605938
3.8681358710518907
-0.022141610484140983 -0.008344466997073141 -0.019660317540001415
3.8512558603706566
-0.06480611167444295 0.0010598925694011996 -0.005050992041788049
3.738508877435379
-0.004600653252055054 -0.0011265780675557835 0.002777627815021333
3.351103910263191
0.017915141783987565 -0.0063445337809753255 0.001223353537170624
3.836451011454301
-0.020185346323614795 -0.007605845611351469 0.022313171192081427
3.708542494739959
-0.031402666921394484 0.0038030758469176362 -0.009754784490951351
3.990919186089741
-0.0006170654237394047 0.0022380733596492064 -0.01905443433338405
4.27197484458793
-0.042241514925990487 0.010250207123362998 -0.021748306874769696
3.9151815708901267
-0.05195263786322357 0.006999343615007092 -0.02877184247427067
3.9750804585983133
-0.019676555360774728 -0.0012392311982694082 -0.028884319460075858
3.4386819723031294
-0.03714549865526351 -0.009683721208375573 -0.0035156190615452942
3.9814377963875813
-0.016656860430657616 -0.012661084729302274 -0.01251925021824718
4.1808062748204975
-0.013786884680257572 0.003133081440296337 -0.004694356461868665
3.5250329139307723
-0.04603490652334585 0.01124934754534479 -0.004593044428702342
3.793565531069362
-0.011632809265165633 0.00398533537190815 -0.0070267957355554245
3.9719911641086583
0.009730420404366669 -0.005057766286881815 0.0036100075119520625
3.7519949838306275
0.019887666436261497 0.015135684247070458 0.02059475211035533
3.6097276359214447
-0.03203408284434772 -0.0096299532174271 0.007117069768128204
3.6227858453385124
-0.05099939526962771 0.005143099754150171 -0.02756284773158768
4.071304086752207
-0.013930469947126767 0.0065081785426173155 -0.018673885794441958
3.8102356386716565
-0.0014215234220955608 -0.00037257370411225565 0.008498989134750445
3.4815609010865955
-0.03422247207322471 0.0005707611600200835 -0.01650845590756944
3.739686839568094
-0.027056974763809194 0.0017528158962250018 -0.0030567571707251773
3.7780573682148315
-0.02546934133056311 0.009020515171528132 -0.04099564500916131
3.2779697212545216
-0.04341523918628809 -0.00874032217632248 -0.024876420534837962
4.060708055376381
-0.008156288287182178 0.00014392378261618433 -0.03083616556864399
3.4984250128791246
-0.03713963290715583 -0.016105052200941827 0.022650004601700857
3.9049160100021254
-0.016637812451335776 0.015160129977402903 -0.019778040988285284
3.6995518722405905
-0.03316056370795195 -0.007902570484930038 0.011012849531653046
3.7702372365411065
-0.019746548574403278 0.019602023460038254 -0.004347086309280712
4.083270865635313
-0.0356402363502184 0.003016685468992364 0.019192511961819037
3.4821587761744013
-0.02816711857349219 -0.008846931528864843 0.02089812289159454
3.8687964498703877
-0.017209520837241143 -0.006269523995342752 -0.016320782217007945
3.694192630213365
0.0013451091638216894 0.006454199265590432 -0.011453774632400382
3.5867584307643483
-0.022591608963239196 0.014263456258959195 -0.003047612488444429
3.926604814010716
0.012166108277369858 0.005790009559632381 -0.00879802655504136
3.4039578600986715
-0.03616720001514295 -0.006089300244639162 -0.02617281839025054
3.864951968027526
-0.0134541641400574 -0.005530368999188795 -0.018801495388061085
3.7271345595418097
-0.04034272185458576 -0.012333041094620967 0.009105394611651718
3.154890448158767
-0.013697297405997233 -0.008989695826926436 -0.019404278835509103
3.69310845455675
-0.013184403354216556 0.010264383171147529 0.0022349889211454865
3.922044402056599
-0.005375230002300668 0.0033635073450568598 -0.015460453174000577
4.291850861905004
-0.026447273517533176 0.018711147949147744 -0.004441019269506796
3.8006754765119695
-0.021108156969830816 0.009283285712967881 -0.020745205841194547
3.881264686410759
-0.0007725179711997043 0.009682088383101473 0.015076287868851068
3.905013047708053
0.009387059707705703 0.00794641336233326 -0.01595695902369698
3.324435081507545
-0.0009024776186379313 -0.0019962757253324526 -0.008472195170270425
3.873443812744881
-0.0008686971139013622 -0.003197938267135214 0.009200637726962668
3.9953259875446747
-0.0387300550571581 0.010608585651993963 0.0009634287241624406
3.640579200592583
-0.05918295201036017 0.014226711750325194 -0.021752653859948623
3.959154757922988
0.0017237697704786115 0.005893889093613325 -0.013014509175491185
3.588858991842244
-0.054697886647772975 -0.007972105381213623 0.01023284801635782
3.5736824343030094
-0.013405259078126619 0.001586037327683698 -0.013777742015236072
3.550635089770367
-0.03831179427334064 0.0022601248101636884 -0.011757731417446848
3.8461923896511507
-0.04074216558092303 0.0004036632177530919 -0.016040061957482976
3.920824047131646
-0.02390607561142133 0.007186542102772364 -0.011095272441252746
3.4991876285494072
-0.01848887982737324 0.010896002301024055 -0.004088170456498119
4.098163729296175
-0.015897436462637415 0.012243666868243963 8.638835174679116e-05
3.412017133239715
-0.0075459409665654675 -0.0029882660934390515 -0.006832199929021954
3.872271408608867
-0.06465960627588174 0.0209017027665368 -0.040018828703296094
3.6335290682800405
-0.014494232018250841 0.0026238463908612175 0.022700767725154947
3.4041447533427345
-0.03604544070526572 0.0004895794990034119 0.01794748573729521
3.4888852729900464
-0.009710974847394027 -0.010648611091255589 -0.006156228753980031
3.5612075655944864
-0.0410026831855248 -0.004353445956326141 -0.0006968048373892088
3.3359117840245744
-0.031030073854935836 -0.002501953463706741 -0.01813945671278816
3.9603163031233635
0.013090198173586032 0.0048417575964094794 -0.006886806513875854
3.2241223740338683
-0.06655332672085024 -0.004976548386707691 -0.018139624487730543
4.063477224235612
-0.0011714844079051545 0.005009484187439739 -0.03069831377297305
3.635615661652082
-0.026007874295828515 0.013863963441281157 -0.018531514864662313
3.700769103305902
-0.001383227973974499 -0.0006817895590529588 -0.024206636515145874
4.033844233795207
-0.01731083532968114 0.01154537658976551 -0.014662362738818047
3.536079071406675
-0.030992844316870105 0.00622609232141258 0.00306307060486688
4.288593287610638
-0.04479748666699379 0.015625437919425167 -0.007084616739575722
3.467806152297271
-0.03062451149617118 -0.0026993490964741795 -0.00013612701559395646
4.223591635941375
0.03534537276300398 -0.0020968813540775955 0.03499254520420436
3.3222376075318607
-0.017370188213817528 -0.010644517145806276 -0.016335831384594712
4.2203623832874655
-0.008688745748031579 0.00843178159254876 -0.017447617273091964
3.657897813965974
-0.03498031663070833 0.0016203606398903503 -0.016650499694378595
3.1571718941086147
0.000628883300578309 -0.027335566903616382 0.027414220097170983
3.7090505655214656
0.00013239007284937543 -0.012046593213085544 -0.019575621744479577
3.985848010769587
-0.01285255221546322 0.00671888415547528 -0.011589012847480262
4.02409617601279
-0.06156550907894598 0.010324224241117008 -0.019810807967360233
3.645365337311887
-0.006148150703211286 -0.005939200872148831 0.03905325317873576
3.3413396277537686
-0.03925748439360177 0.007493660064142205 -0.037015892153704044
3.423780372086185
-0.021356556220098355 0.00746473463516395 0.0020316432478466595
3.4475108178558003
-0.04142960091303394 -0.015281174855658719 -0.000924272057318376
4.217536629875212
-0.004014002438680109 -0.009346201625021422 -2.4659963628437254e-05
3.5955132918143136
0.021931693509941397 -0.009745690427280351 0.016352817548749954
3.432061406198045
-0.020955266073997336 0.0017820273868665026 -0.008192415914436424
3.894588881036725
-0.012003152040733767 0.0036922342807201858 0.004331435659651106
3.98183990941925
-0.003596260681433705 0.007321164229210808 -0.025992805312853307
3.478429608382612
-0.025897425237417337 -0.00236956728849691 0.014541375170892934
3.7432154345597155
-0.03314236252390401 0.002234797002643063 -0.04259779992298718
3.3367424731941355
-0.03187398641034633 -0.011287475167932826 0.012072156932163125
3.826195715103495
-0.026850517379443772 0.016539237717779542 -0.0077484794483098085
3.793854491604179
-0.027406795418301044 0.015365323757919214 -0.008076384867081288
3.8562497592711225
-0.028089049896834695 0.01400003543517414 -0.024009026397834532
3.374747793586721
-0.010100918522994107 -0.0012238167870464167 -0.009889507921116092
3.4575298508807464
-0.02991519360739403 -0.009911507498713945 0.0132742703049189
4.047963801781407
-0.00708082718233527 0.0075314858214596825 0.005486042466600338
3.759367588929308
-0.011425251117543667 0.02615726151304898 0.01585683493954093
3.2866792172990245
-0.02901008528942839 0.014353438800526419 -0.054298982080808855
4.057756293687817
-0.01572805987461834 0.008527014135893296 0.005426437986670862
3.8487556757881975
-0.047985456139485905 0.016908843273995444 -0.009187012532265726
3.2822512215252573
-0.028983613497757688 -0.009735984507528883 -0.011333762822459903
3.8139642102214566
-0.013012801751528968 0.008654239402176245 -0.015406544440793368
3.7052140827072435
-0.04535217251373069 0.017290912019120697 -0.022209707267620615
3.2763732741059357
-0.0026237349147777422 0.0011027141733848111 -0.0025211679610492865
4.433045717043569
0.005705632064746169 -0.00014589972420253616 -0.024002718405654377
3.3680339281318084
0.011837878355663634 0.0019401338590796513 -0.012553384358625408
3.8999446638435984
-0.007773069157337886 -0.01361238988124569 0.013904681930171137
3.308161117585769
-0.018291887145323926 -0.002386974856449342 0.004877140261214663
3.842997035877488
-0.04617541923630597 0.016347332874374843 -0.01786708787972202
4.053652204886021
-0.022748320739992778 0.009799931352176827 -0.004409243398868057
3.957769137512514
-0.03873127227711848 0.0022474225768291944 -0.0109365056155184
3.8526743695801997
-0.0365983333413169 0.02382049858215396 -0.0014798954814523313
3.599779639535882
-0.05992862477796734 0.02222675156929199 0.0012904949708172353
4.502921035276813
-0.016116108643473126 0.00792853121333792 -0.003234638974390691
3.329230978011765
-0.009987127744125246 -0.002373918455305102 0.014289398499158779
3.451141101418216
-0.04503768255722207 0.01617915831116079 0.002081827004758452
4.15646547012966
-0.004809139815506569 0.014219657671674213 -0.02938259258553444
3.779010480663601
-0.03682605102267189 0.01351081658037856 -0.03993065828763065
3.6919956681222175
-0.017329215337440473 -0.005369358737539187 -0.015608301852353179
4.190636801514302
-0.005318168171925208 -0.0004763805493439577 0.004879005312659501
3.8064799218473127
-0.016591245379458996 0.004059177111230383 -0.001968379496020134
3.590672658582662
0.009005637602058414 0.0024365661902265856 0.02179289269020046
3.702667127823588
-0.020057641120502012 0.0019088640277686864 -0.011992449520221271
3.507330838056987
-0.03876564994538967 0.020357853632049228 -0.013984225588728805
3.9289646820370763
-0.012235045398256261 0.004035428275415143 -0.022442364488597377
3.5039466681846534
0.023868597766295352 -0.003478360060285013 0.039225975165891214
3.354280501152971
-0.040838535469220005 0.02212429053258802 -0.00921961334347543
3.8071997079705397
-0.007161730638472363 0.012980929607920189 0.015526429161127453
4.004097035327504
-0.04567759648534775 0.02538212500314785 -0.047963362089149086
3.917781953652593
-0.01846270536270822 0.006445428698270916 -0.012475442848881357
3.578488818094229
-0.003721830044696617 0.0068332529727967994 -0.0036648485465775593
3.8517574293218786
-0.030157732379393565 -0.0007332682478136121 0.00666690871753417
3.2548467945553057
-0.04654390691871413 0.011804559702795814 -0.007802187541756211
3.8598193547359188
-0.009257669883254493 0.009712119221489957 -0.003921528831824617
3.3650694856514747
-0.04763901639148571 0.0039008280872394607 0.0008932601140259067
3.7589674785185707
-0.002156587906029017 0.0032618420632388734 0.017541041416734515
3.655657398851872
-0.0464788699946439 0.0081763137308144 -0.030665446334296576
3.7968374595857313
-0.0493477528391395 0.014570511215993065 -0.012961378412228441
3.704243433915508
-0.018924627765727564 0.015639819032571722 -0.039497719100609174
3.700769606434733
-0.003857030967992614 -0.01262260655744285 0.030280566938927223
4.014083359787946
-0.041955707476745374 0.012633059508516453 -0.013401661644138585
3.2553682733232563
-0.017933768740476808 -0.004654441956063238 -0.02793970088578135
3.471985997270167
-0.0008086164384621952 -0.0014693078176151175 0.0017788673224004015
3.950473916384908
-0.05367882046402883 -0.001777953817281741 -0.020073479989832776
3.879887925251751
-0.10506440503195336 0.023387482998714404 -0.03241876539959776
3.8724729993837173
-0.039319037966834 0.015460238511309399 0.008318261321392129
3.9389827031791356
-0.006213970720864381 0.0038075954885243846 -0.01677152819956973
3.748054286329534
-0.025964440161715174 -0.004473918401572519 0.01126719940930343
3.243688936749095
-0.037103394970472436 0.0012719115090931155 -0.026515754667116198
3.5258215876774557
0.01089877938875361 -0.005328409030653347 -0.00637310810998315
3.695818502772454
-0.026566964200128496 0.003651607766073539 0.010579439782532063
4.120365138359375
-0.010183780412035048 0.002228919009439778 -0.01793126136249157
3.5785173316280634
-0.04854125787437624 -0.0023290346189241973 0.013138632230493386
3.776025096163721
-0.02383216189105042 0.0026535981961615107 -0.015050605332135092
4.069207606909913
-0.03712624544209575 0.00649440104984933 0.006901858332412303
3.468400096273399
-0.04080573088390338 0.0028314936552078507 -0.011323865703161573
3.8137300825010243
-0.013204977057057476 0.00587763101384553 0.0233356107896725
3.9437010140518396
-0.04562599538394352 0.009556261108059516 -0.01952397934246619
3.4787850348093343
-0.011289924361108206 -0.0008969014156718913 0.014883110137134281
3.4712056308571846
-0.04108272933876833 0.013691749034478562 -0.01857612940943909
3.9686681293460424
-0.023126170247451228 0.014121303901674764 -0.041771732323468314
3.6622143641852745
-0.009634877295638944 0.008448327411315404 0.00018166157678933814
3.9674597489602093
0.00020138049922024948 -0.005504005729449091 0.0061272252605704125
3.340536870859978
-0.02774075989168523 -0.020883247930896687 -0.004586113466302777
3.674141154746394
-0.02028670156391854 -0.0005280007295596079 -0.008184673637515516
3.761984568909611
-0.029839352420594878 0.00801116866796292 -0.01006878194652927
3.344734576882729
-0.03741324586690098 0.0011733819887922436 -0.00916278679073912
3.393172087289713
-0.04936326026677307 0.020970998208213132 0.004556893366498116
3.9367649040168544
0.013105566993544926 0.003643050564051009 0.0006712692838846124
3.4599464743496355
-0.037358769901629785 -0.002150052941260583 0.031398154312910265
3.939817936246982
-0.03724297326789383 0.005959452505180707 -0.030274482835466188
3.6266266495995296
-0.07287458038331351 0.0029381241733972274 -0.006806431393215462
3.2310071770034483
-0.022723033333022613 -0.011471321821886704 -0.019375126339127746
3.8013038599001447
-0.0278712755516608 0.012913334289805789 -0.0008894753445929382
3.620924916220247
-0.0022387367064311547 0.02098307391383969 -0.027002579364307167
3.946118122430562
-0.007676319284655619 0.010732904837368551 -0.03800694750384537
3.3152855427624672
-0.006359001592954883 -0.0042739798807360785 0.017493388595994475
3.6859534612585776
-0.015009256401981474 -0.007523667079794905 -0.020693040505420868
3.53193234480932
-0.017586223005991997 -0.006619937315463176 0.007439701279508881
3.6506933195823876
-0.053812795839803584 0.010846166033388727 0.00019556871620807215
3.431221661087875
-0.0540272408659348 0.0034286873730025036 0.00914697667622022
3.7857163969720204
-0.0024482201138198434 -0.007494716802852963 0.007143977606347107
3.3567565011126135
-0.0030558288376596465 -0.01888457571158142 0.0489373816258194
2.9746577248624817
-0.028367928904799555 -0.007846128131063779 0.005670617423902513
3.884042635797414
-0.0011721048549588886 -0.0056586383027479314 -0.0052765669427117246
3.9732108259959205
0.010687797206173855 0.0070335854762788586 0.021967006457543903
3.69178181058669
-0.017121878286161518 0.02289932528310601 0.0023147119325130916
4.097660885790901
-0.00955217150271892 -0.005095332493624483 -0.019103942204992563
3.302585267201721
-0.02310474051273559 -0.006017509166554191 -0.009314151886201216
3.814194474561191
-0.040510650972464646 0.014980003197933911 -0.006225682681588296
3.9270836667437834
-0.022081111059151226 0.004046062200927736 -0.01026804592265762
3.889883945586007
-0.0029418935257581325 0.0020415439518046696 -0.00983607847820167
3.4537117437776033
-0.0542165899119027 0.009961539282926424 0.04192151435290725
3.8919547838859216
-0.04830135421070736 0.0072094609254236275 -0.03492048537282244
3.624003744021138
-0.07381178850982906 0.019067738860940153 -0.025830585165294906
3.593470582713053
-0.04333582835602101 0.009855627628667207 -0.023701562205133087
3.5854978983734327
-0.06277698739495463 -0.0007937129032598023 -0.03110348960672127
3.988656784918021
-0.004712705018164343 0.021971556069047438 -0.009351942786906875
3.222171814933972
-0.05020637327334043 0.005176637247927829 -0.05605534615301622
4.053755644405101
0.014960982383399823 0.006119715224258471 0.003235421263070748
3.48441553696739
-0.0038408987365983194 0.00037987293694641266 0.0022331105208195368
3.8229452294317525
-0.012109085845395384 0.019756213389996446 -0.008947072176169968
3.067946921813018
-0.02499486042142962 -0.00681406308831356 0.011424245878060901
4.258991578672976
-0.04243400223299432 0.02183716526542412 -0.009329840988357319
3.693878756093909
0.016854586543331607 -0.014219325656426918 0.041647558712384125
4.01555042450218
0.013702720404808133 0.019592758858834713 0.009720064515704507
3.63536466800997
-0.027639460366344792 0.010276239193672154 0.005574192987978677
3.7958239240679177
-0.0077511401468655095 -0.019066822365289227 0.025334379737614654
3.887905025265354
-0.021745019274703736 0.009898016910710794 -0.016370118621580332
4.063195106858984
-0.02657403168404926 0.0023246133748671127 0.01162537153845733
3.665302296322807
-0.02379324493040258 0.0005548382563347332 -0.00480904357914369
3.16855131939883
-0.003625289858746328 0.004637898084070002 -0.00061637398584935
3.8605923509085187
-0.011129596795854013 -0.007003965320450334 -0.0003281874876392976
3.2504732014031106
-0.051477052890277264 0.001798491087356524 0.022858918371412074
4.308095254863474
-0.00013486579541677202 0.0016663259518736595 0.010379475325862586
3.764925717268852
-0.03348788960920501 0.02347475346664396 -0.016008167570817022
3.6349389016377245
-0.0016369345682960557 -0.0030414873020845334 0.01357220374075041
3.970714541553207
0.009331887602229472 0.0021271044356581115 -0.026690066073797425
3.799454071178843
-0.028044817422141932 0.002455329294434705 0.010697003287077678
3.69621130498399
-0.02466544049548247 -0.0009176629342846354 -0.032239583198816035
3.893706685737925
-0.046030427843106736 0.006803045608648972 -0.01837356501823706
3.5732649502297136
-0.0029410051547529292 -0.004927323969695863 0.010789566056701005
3.7334976490665213
-0.001442198839640696 -0.005297464292766563 0.020648033864972604
3.643909568834715
0.008131029133892298 -0.004706796802111057 0.010327308552859904
4.229329638884337
-0.035296781746183115 0.013254019177338705 -0.009256316683604382
3.4013446091448714
0.009283328023457216 0.0003462477064886116 0.004485237499920913
3.706496611498551
-0.0004907621223537717 0.0027003494511745885 0.010554093324344649
3.9943344509501912
-0.004827217953334184 0.019066053084998202 -0.03819523924585155
3.59024528450027
-0.021742681647992868 -0.0016275420882720937 -0.014052862321477733
3.361856002186869
-0.07757258356173224 0.00034195724799701566 -0.012722242274776363
3.5344044294461128
-0.02678045475431645 0.008208552359633359 0.003481548445051885
3.4900412950910322
-0.0180568918035533 -0.004600703804044315 -0.0016734413757149014
3.8352581487033603
-0.02994540008307922 0.008180001079836074 -0.019655117441971015
4.126319131302807
-0.04468793692763029 0.015373462460161136 -0.018855676845987546
3.894347722348357
-0.06286197785789227 0.009982004942912681 -0.027145173453618554
3.7416247110422773
-0.05524294752285641 0.01818448053438715 -0.017620696110725476
3.907781670352051
-0.06480583032453069 0.01505486016355917 0.005214314167460543
3.7384242208536307
-0.005171540084120352 0.005756550548539963 0.004944934138165991
4.088689330710622
0.01847248002491142 0.004337224127425543 -0.008781529464613413
3.881171930444907
-0.006520919494278132 0.012206384952605731 -0.021454148733027978
3.4458498515059546
-0.05999904336522377 0.025844297142498363 -0.0022356117069648462
3.283191255320162
-0.06063104359554927 -0.005465823422582616 -0.001372596444298324
3.7158641733758486
-0.001881699904515699 -0.0013864934162484133 0.015988763202358314
3.9317128176262486
-0.028340331366734972 -0.00030876765060838807 -0.020195085508021293
4.278641272762798
0.001982145030524407 0.005268677916660636 -0.0021177487087697955
3.8352183459346634
-0.01605476562599506 0.003389539206864356 0.014779379917399638
3.888632682695061
-0.013001253666516277 0.001747004122648832 -2.6528183298069052e-05
3.705207136118588
-0.0012838314985401666 0.0032704871111945977 -0.007771743960120148
3.8002265875575176
-0.013800493798498792 -0.0059565587984025115 -0.01649205662101849
3.8582626281331613
-0.02890624418682819 0.008472187950360421 0.004751478454181779
3.8178299065257306
0.006923300604057658 -0.0014797849842125288 0.011919898071710122
3.948558948853133
-0.027114128937228088 0.009557563094404031 -0.03491965455441459
4.136003221905412
-0.010515551333810436 -0.00037051619460726215 0.0014003773569584155
3.746856347861467
0.009820407016150057 0.002227261273219483 -0.001605536880560976
3.513448993398015
-0.003585631919122534 -0.01288527099256953 -0.0059128254652023315
3.7560294854602034
-0.026201215511491682 0.002748342003314974 -0.00909712400425633
3.5063677251364425
-0.036323976991070595 0.010527700453963007 -0.018111041795691563
3.8185609481406573
-0.08117850006806293 0.007803696235896496 -0.02108263688387524
3.581730481150771
-0.05699942436831407 0.004487714175070323 -0.04353605700953267
3.7233193638567172
-0.004051841514410626 -0.004541311011962534 0.021936894047030364
3.53843496929494
-0.000981542237695976 -0.009255946277789917 -0.0007466422100605996
3.803972561006958
-0.014432367051313122 0.007986887321180802 0.011566151542183434
3.6447968035899976
-0.02698720333046367 0.0017412459245633727 0.006017274102077863
3.56665812646861
-0.01822712440161922 0.0043501747351228914 -0.006162126241179067
4.220701733167516
-0.02942906578164184 -0.0054511772103751355 -0.011823741946273003
3.64115681754447
-0.015257176633667768 0.00484160055555094 0.004806619195960593
3.7428705833608547
-0.03249213293383946 0.016629297597660297 -0.022628424116874157
3.3945071255648145
-0.01874360024407906 -0.0035196803139569965 0.03442978216935444
3.97747856487058
-0.004857761038238095 -0.007401053157195747 0.012845593687188739
2.9818912276996343
-0.018459906101270462 -0.009201086258599389 0.05786436866196709
3.7780283272413726
-0.021743172235801467 -0.007256721982230374 0.021356349049256096
3.471985997270167
-0.0008086164384621952 -0.0014693078176151175 0.0017788673224004015
3.942891052961386
-0.03046418052372246 0.024055283976281316 -0.004502434081132378
3.7847980092856233
-0.025934856033472897 0.006957819554145317 -0.03992201478672541
4.397882140350703
-0.0349867691536474 0.005884128074058026 -0.024509968707207008
4.136485189751511
-0.006013548408418501 0.0009851475526829745 -0.0057510287012974
4.018424385463732
-0.04392305703072452 0.0013748210684525475 -0.011716892028289294
3.831582616419837
-0.022896342691183236 0.006953144531394173 0.010112328734066978
3.61824433034144
-0.047723593451337365 0.015523769104675011 0.003513321479658771
