1.627634037539999917e+04 6.214044814405580246e-178 6.214044814405580246e-178 6.214044814405580246e-178
1.631666807539999718e+04 3.643976153222404004e-176 3.643976153222404004e-176 3.643976153222404004e-176
1.635699577539999700e+04 2.093696021507499967e-174 2.093696021507499967e-174 2.093696021507499967e-174
1.639732347540000046e+04 1.178660396071339573e-172 1.178660396071339573e-172 1.178660396071339573e-172
1.643765117539999846e+04 6.501307711190259595e-171 6.501307711190259595e-171 6.501307711190259595e-171
1.647797887539999647e+04 3.513579028713062058e-169 3.513579028713062058e-169 3.513579028713062058e-169
1.651830657539999811e+04 1.860525858372059539e-167 1.860525858372059539e-167 1.860525858372059539e-167
1.655863427539999975e+04 9.652919422065711108e-166 9.652919422065711108e-166 9.652919422065711108e-166
1.659896197539999775e+04 4.907029227863844612e-164 4.907029227863844612e-164 4.907029227863844612e-164
1.663928967539999940e+04 2.444081081056077802e-162 2.444081081056077802e-162 2.444081081056077802e-162
1.667961737539999740e+04 1.192750430800926278e-160 1.192750430800926278e-160 1.192750430800926278e-160
1.671994507539999904e+04 5.703225863955953741e-159 5.703225863955953741e-159 5.703225863955953741e-159
1.676027277540000068e+04 2.671951588324319859e-157 2.671951588324319859e-157 2.671951588324319859e-157
1.680060047539999869e+04 1.226517171090735440e-155 1.226517171090735440e-155 1.226517171090735440e-155
1.684092817539999669e+04 5.516399661114433121e-154 5.516399661114433121e-154 5.516399661114433121e-154
1.688125587540000197e+04 2.430943506679485313e-152 2.430943506679485313e-152 2.430943506679485313e-152
1.692158357539999997e+04 1.049617522768366911e-150 1.049617522768366911e-150 1.049617522768366911e-150
1.696191127539999798e+04 4.440423089192258104e-149 4.440423089192258104e-149 4.440423089192258104e-149
1.700223897539999598e+04 1.840580078211071810e-147 1.840580078211071810e-147 1.840580078211071810e-147
1.704256667540000126e+04 7.475189019180103980e-146 7.475189019180103980e-146 7.475189019180103980e-146
1.708289437539999926e+04 2.974587508765068199e-144 2.974587508765068199e-144 2.974587508765068199e-144
1.712322207539999727e+04 1.159760847759579700e-142 1.159760847759579700e-142 1.159760847759579700e-142
1.716354977539999891e+04 4.430444219126421411e-141 -4.332056629521344890e-141 1.319294506777418655e-140
1.720387747540000055e+04 1.658300582239025724e-139 -1.608536897959390345e-139 4.925138062437441794e-139
1.724420517539999855e+04 6.081579651449627852e-138 -5.898904924580416946e-138 1.806206422747967026e-137
1.728453287540000019e+04 2.185278166525428885e-136 -2.119564734947898106e-136 6.490121067998755111e-136
1.732486057539999820e+04 7.693682365722404328e-135 -7.462054598800768306e-135 2.284941933024557941e-134
1.736518827539999984e+04 2.653988239450881157e-133 -2.573988410313530179e-133 7.881964889215292492e-133
1.740551597540000148e+04 8.970176115686952700e-132 -8.699437220574233334e-132 2.663978945194813748e-131
1.744584367539999948e+04 2.970572793056397295e-130 -2.880793405322765879e-130 8.821938991435561270e-130
1.748617137539999749e+04 9.638660913699824424e-129 -9.346939495461810892e-129 2.862426132286145718e-128
1.752649907539999549e+04 3.064294489616061725e-127 -2.971413456924975342e-127 9.100002436157099612e-127
1.756682677540000077e+04 9.545124901362235719e-126 -9.255354376021657657e-126 2.834560417874612909e-125
1.760715447539999877e+04 2.913198461666155065e-124 -2.824615273486605168e-124 8.651012196818914458e-124
1.764748217539999678e+04 8.711559228978327770e-123 -8.446208755333139215e-123 2.586932721328979744e-122
1.768780987539999842e+04 2.552460951077855983e-121 -2.474574576264217647e-121 7.579496478419930044e-121
1.772813757540000006e+04 7.327565989465514502e-120 -7.103550605027973845e-120 2.175868258395900147e-119
1.776846527539999806e+04 2.061094083636951389e-118 -1.997959013151190922e-118 6.120147180425094140e-118
1.780879297539999970e+04 5.680327450171524280e-117 -5.505969491666050274e-117 1.686662439200909743e-116
1.784912067539999771e+04 1.533862519541099858e-115 -1.486678705111111405e-115 4.554403744193311348e-115
1.788944837539999935e+04 4.058233580297537987e-114 -3.933113663541128396e-114 1.204958082413620509e-113
1.792977607540000099e+04 1.052022965972754775e-112 -1.019510941380165570e-112 3.123556873325674888e-112
1.797010377539999899e+04 2.672089579379056748e-111 -2.589305299985268314e-111 7.933484458743381811e-111
1.801043147539999700e+04 6.649889922041155173e-110 -6.443332775461530808e-110 1.974311261954383997e-109
1.805075917539999864e+04 1.621494909556310321e-108 -1.570991190180271412e-108 4.813981009292892810e-108
1.809108687540000028e+04 3.873953961650642733e-107 -3.752949979434113719e-107 1.150085790273539918e-106
1.813141457539999828e+04 9.068408958808554687e-106 -8.784308724394923998e-106 2.692112664201203337e-105
1.817174227539999629e+04 2.079914881171821254e-104 -2.014550416603805631e-104 6.174380178947448449e-104
1.821206997539999793e+04 4.674098910607716677e-103 -4.526727696362650958e-103 1.387492551757808530e-102
1.825239767539999957e+04 1.029172462138652066e-101 -9.966122520038275346e-102 3.054957176281132142e-101
1.829272537539999757e+04 2.220324196989041767e-100 -2.149827598710442010e-100 6.590475992688525037e-100
1.833305307539999922e+04 4.693346936614101846e-99 -4.543772117188646725e-99 1.393046599041684798e-98
1.837338077540000086e+04 9.720464468718705981e-98 -9.409463877527523662e-98 2.885039281496493952e-97
1.841370847539999886e+04 1.972556850126837332e-96 -1.909187466895883237e-96 5.854301167149557901e-96
1.845403617540000050e+04 3.922024104610196898e-95 -3.795487399712796429e-95 1.163953560893318890e-94
1.849436387539999851e+04 7.640631857556309016e-94 -7.393017584830080947e-94 2.267428129994269685e-93
1.853469157539999651e+04 1.458433561006666580e-92 -1.410948130692469537e-92 4.327815252705802527e-92
1.857501927539999815e+04 2.727611154256795748e-91 -2.638368152369312355e-91 8.093590460882903850e-91
1.861534697539999979e+04 4.998236232199001654e-90 -4.833866938391485383e-90 1.483033940278949044e-89
1.865567467539999780e+04 8.974074990221922767e-89 -8.677384469084158589e-89 2.662553444952800691e-88
1.869600237539999580e+04 1.578706120000725692e-87 -1.526222117110828686e-87 4.683634357112280293e-87
1.873633007540000108e+04 2.721144874803678581e-86 -2.630154708946914192e-86 8.072444458554270996e-86
1.877665777539999908e+04 4.595586084108962808e-85 -4.440985827012569498e-85 1.363215799523049454e-84
1.881698547539999709e+04 7.604472907455595856e-84 -7.347031542684057053e-84 2.255597735759524968e-83
1.885731317539999873e+04 1.232924275951722410e-82 -1.190909407474069046e-82 3.656757959377513720e-82
1.889764087540000037e+04 1.958587042427708577e-81 -1.891384062264004260e-81 5.808558147119421180e-81
1.893796857539999837e+04 3.048517221474559444e-80 -2.943166075749143059e-80 9.040200518698261198e-80
1.897829627540000001e+04 4.649153154205425290e-79 -4.487285663416035758e-79 1.378559197182688574e-78
1.901862397539999802e+04 6.947020910731031826e-78 -6.703265564862090776e-78 2.059730738632415347e-77
1.905895167539999966e+04 1.017098575620236580e-76 -9.811213748155075177e-77 3.015318526055980372e-76
1.909927937540000130e+04 1.459040388829824619e-75 -1.406994801383350637e-75 4.325075579042999384e-75
1.913960707539999930e+04 2.050744512158631848e-74 -1.976949255699186523e-74 6.078438280016450220e-74
1.917993477539999731e+04 2.824203150632064900e-73 -2.721646066288304325e-73 8.370052367552434441e-73
1.922026247539999531e+04 3.810839011420719799e-72 -3.671137758429278951e-72 1.129281578127071855e-71
1.926059017540000059e+04 5.038319874863534863e-71 -4.851794852298921499e-71 1.492843460202599122e-70
1.930091787539999859e+04 6.526667907925367303e-70 -6.282560578144966218e-70 1.933589639399569954e-69
1.934124557539999660e+04 8.283962543184349725e-69 -7.970824228756306894e-69 2.453874931512500428e-68
1.938157327540000188e+04 1.030210015356502723e-67 -9.908361542333450591e-68 3.051256184946350835e-67
1.942190097539999988e+04 1.255320571277027829e-66 -1.206791619065117623e-66 3.717432761619173545e-66
1.946222867539999788e+04 1.498735444218546717e-65 -1.440105483406252534e-65 4.437576371843345756e-65
1.950255637539999952e+04 1.753222327925561671e-64 -1.683788887650645876e-64 5.190233543501770231e-64
1.954288407539999753e+04 2.009513503406033859e-63 -1.928910226769774358e-63 5.947937233581842885e-63
1.958321177539999917e+04 2.256768633106468992e-62 -2.165046087436782919e-62 6.678583353649722199e-62
1.962353947540000081e+04 2.483279366731349570e-61 -2.380963437906989444e-61 7.347522171369688585e-61
1.966386717539999881e+04 2.677360391127955919e-60 -2.565478861423998086e-60 7.920199643679909925e-60
1.970419487539999682e+04 2.828336567472257930e-59 -2.708407171093179142e-59 8.365080306037694117e-59
1.974452257539999846e+04 2.927511748612284733e-58 -2.801488991434947065e-58 8.656512488659517239e-58
1.978485027540000010e+04 2.968997464050199140e-57 -2.839180277719533604e-57 8.777175205819931884e-57
1.982517797539999810e+04 2.950291731889577030e-56 -2.819198906128595491e-56 8.719782369907749551e-56
1.986550567539999611e+04 2.872528875666418210e-55 -2.742753403663659647e-55 8.487811154996495704e-55
1.990583337540000139e+04 2.740365656308165653e-54 -2.614421940282984820e-54 8.095153252899315547e-54
1.994616107539999939e+04 2.561519614227311992e-53 -2.441698432800003230e-53 7.564737661254627677e-53
1.998648877539999739e+04 2.346023267739068022e-52 -2.234268340717125584e-52 6.926314876195260885e-52
2.002681647539999904e+04 2.105294358667548728e-51 -2.003111445287326232e-51 6.213700162622423391e-51
2.006714417540000068e+04 1.851141697107874757e-50 -1.759546927615003468e-50 5.461830321830753694e-50
2.010747187539999868e+04 1.594825934385479849e-49 -1.514335205692201447e-49 4.703987074463161714e-49
2.014779957540000032e+04 1.346276270161620967e-48 -1.276932802697607156e-48 3.969485343020849090e-48
2.018812727539999833e+04 1.113532450121502428e-47 -1.054965691771313062e-47 3.282030592014317918e-47
2.022845497539999633e+04 9.024432138740537970e-47 -8.539496745036912619e-47 2.658836102251798953e-46
2.026878267539999797e+04 7.166147913634279404e-46 -6.772503163906461125e-46 2.110479899117501838e-45
2.030911037539999961e+04 5.575722063831952694e-45 -5.262455938186742616e-45 1.641390006585065049e-44
2.034943807539999762e+04 4.250759601950366793e-44 -4.006354092607971916e-44 1.250787329650870451e-43
2.038976577539999926e+04 3.175284862562064389e-43 -2.988347116907378538e-43 9.338916842031506520e-43
2.043009347540000090e+04 2.324075516901372111e-42 -2.183900371762526442e-42 6.832051405565271302e-42
2.047042117539999890e+04 1.666747748147683113e-41 -1.563701482059291097e-41 4.897196978354657324e-41
2.051074887539999690e+04 1.171230450581780063e-40 -1.096966227115657978e-40 3.439427128279218105e-40
2.055107657539999855e+04 8.064332792667115419e-40 -7.539631954061389435e-40 2.366829753939561864e-39
2.059140427540000019e+04 5.440626905968652789e-39 -5.077191798176373936e-39 1.595844561011367886e-38
2.063173197539999819e+04 3.596538474199703189e-38 -3.349751081236073196e-38 1.054282802963548010e-37
2.067205967539999983e+04 2.329574603309439260e-37 -2.165289683284062718e-37 6.824438889902942074e-37
2.071238737540000147e+04 1.478514566815043247e-36 -1.371301322029787639e-36 4.328330455659874134e-36
2.075271507539999948e+04 9.194595589394760900e-36 -8.508677473861333725e-36 2.689786865265085820e-35
2.079304277539999748e+04 5.602717284806382072e-35 -5.172521641330134074e-35 1.637795621094289929e-34
2.083337047539999912e+04 3.345221612139694549e-34 -3.080721300669521389e-34 9.771164524948910916e-34
2.087369817539999713e+04 1.957096744011507033e-33 -1.797674433062685502e-33 5.711867921085699911e-33
2.091402587539999877e+04 1.121920451920541946e-32 -1.027724814186866805e-32 3.271565718027950561e-32
2.095435357540000041e+04 6.301956666483914550e-32 -5.756365821552074356e-32 1.836027915451990236e-31
2.099468127539999841e+04 3.468595029834869889e-31 -3.158814906843016043e-31 1.009600496651275582e-30
2.103500897539999642e+04 1.870673249137282007e-30 -1.698254057568532588e-30 5.439600555843096251e-30
2.107533667540000170e+04 9.885754053203686137e-30 -8.945038238064475966e-30 2.871654634447184544e-29
2.111566437539999970e+04 5.119064812047752125e-29 -4.615950011203790182e-29 1.485407963529929443e-28
2.115599207539999770e+04 2.597418392954910156e-28 -2.333659927206048069e-28 7.528496713115868381e-28
2.119631977539999934e+04 1.291413171687579150e-27 -1.155872044199463058e-27 3.738698387574620999e-27
2.123664747539999735e+04 6.291615227148573753e-27 -5.608874643874412529e-27 1.819210509817156004e-26
2.127697517539999899e+04 3.003547027783666570e-26 -2.666450155981812381e-26 8.673544211549146095e-26
2.131730287539999699e+04 1.405024256283308059e-25 -1.241883515782426658e-25 4.051932028349043236e-25
2.135763057539999863e+04 6.440389765644740962e-25 -5.666510768344868567e-25 1.854729029963435049e-24
2.139795827540000028e+04 2.892819516852896850e-24 -2.533003291733622234e-24 8.318642325439415567e-24
2.143828597539999828e+04 1.273249098809679375e-23 -1.109273388171108668e-23 3.655771585790467711e-23
2.147861367539999992e+04 5.491491803367399815e-23 -4.759066454315159111e-23 1.574205006104995698e-22
2.151894137539999792e+04 2.320889055246445770e-22 -2.000242792353932194e-22 6.642020902846823968e-22
2.155926907539999593e+04 9.611866699873582078e-22 -8.236046073661196255e-22 2.745977947340835853e-21
2.159959677540000121e+04 3.900791539378546420e-21 -3.322210679709626191e-21 1.112379375846671941e-20
2.163992447539999921e+04 1.551285751070402629e-20 -1.312819638752507336e-20 4.415391140893312745e-20
2.168025217539999721e+04 6.045433231943392147e-20 -5.082173617282970676e-20 1.717304008116975497e-19
2.172057987540000249e+04 2.308671899650244532e-19 -1.927335924748219827e-19 6.544679724048708169e-19
2.176090757540000050e+04 8.639703919820574450e-19 -7.160208628627881430e-19 2.443961646826903322e-18
2.180123527539999850e+04 3.168401029749713819e-18 -2.605859762474811914e-18 8.942661821974239938e-18
2.184156297540000014e+04 1.138646621201171608e-17 -9.290309467033910837e-18 3.206324189105733684e-17
2.188189067539999814e+04 4.010036197924750367e-17 -3.244589001152861310e-17 1.126466139700236204e-16
2.192221837539999979e+04 1.383952628484823426e-16 -1.110033507852276140e-16 3.877938764821923116e-16
2.196254607539999779e+04 4.680701480877444702e-16 -3.720110348220888561e-16 1.308151330997577846e-15
2.200287377539999943e+04 1.551389113587270531e-15 -1.221280118908458466e-15 4.324058346082999331e-15
2.204320147539999743e+04 5.039111893451956327e-15 -3.927451554132793439e-15 1.400567534103670767e-14
2.208352917539999908e+04 1.604036420029777076e-14 -1.237196829468495268e-14 4.445269669528049735e-14
2.212385687540000072e+04 5.003858314101410919e-14 -3.817644599198733514e-14 1.382536122740155661e-13
2.216418457539999872e+04 1.529783728687675528e-13 -1.153924170996009860e-13 4.213491628371361168e-13
2.220451227539999672e+04 4.583456601404546618e-13 -3.416492824639930189e-13 1.258340602744902544e-12
2.224483997539999837e+04 1.345854656688898507e-12 -9.908358105037288918e-13 3.682545123881526107e-12
2.228516767540000001e+04 3.873014723804411171e-12 -2.814734314287642043e-12 1.056076376189646317e-11
2.232549537539999801e+04 1.092320730807580422e-11 -7.832211632750851910e-12 2.967862624890246197e-11
2.236582307539999965e+04 3.019294196191745109e-11 -2.134713996096704917e-11 8.173302388480194167e-11
2.240615077540000129e+04 8.179357553167824708e-11 -5.699024567849513107e-11 2.205773967418516317e-10
2.244647847539999930e+04 2.171679959471260382e-10 -1.490268563524728477e-10 5.833628482467249498e-10
2.248680617539999730e+04 5.651188187430900893e-10 -3.817067222596153146e-10 1.511944359745795442e-09
2.252713387539999894e+04 1.441303883628578606e-09 -9.576238534027350782e-10 3.840231620659892291e-09
2.256746157539999695e+04 3.602863289293260276e-09 -2.353202281279507708e-09 9.558928859866029087e-09
2.260778927539999859e+04 8.827162350304375863e-09 -5.663994085769145931e-09 2.331831878637789352e-08
2.264811697540000023e+04 2.119728686433810135e-08 -1.335323672050438782e-08 5.574781044918058886e-08
2.268844467539999823e+04 4.989190116965521270e-08 -3.083561643821216008e-08 1.306194187775225855e-07
2.272877237539999987e+04 1.150999862249584451e-07 -6.974682570027056233e-08 2.999467981501874790e-07
2.276910007540000151e+04 2.602680154148784182e-07 -1.545278933702297646e-07 6.750639241999864951e-07
2.280942777539999952e+04 5.768614804492071555e-07 -3.353563924637317927e-07 1.489079353362146210e-06
2.284975547539999752e+04 1.253234708421297497e-06 -7.129059059764680693e-07 3.219375322819063169e-06
2.289008317539999916e+04 2.668752878492337188e-06 -1.484549571724997596e-06 6.822055328709672185e-06
2.293041087540000080e+04 5.570630136765404935e-06 -3.028360907433089906e-06 1.416962118096389808e-05
2.297073857539999881e+04 1.139791060746884015e-05 -6.051841221091683423e-06 2.884766243602936373e-05
2.301106627539999681e+04 2.285999115262580633e-05 -1.184825103041297954e-05 5.756823333566458712e-05
2.305139397539999845e+04 4.494295978295965598e-05 -2.272643818612842632e-05 1.126123577520477247e-04
2.309172167540000009e+04 8.661377506507300021e-05 -4.271167531195986072e-05 2.159392254421058544e-04
2.313204937539999810e+04 1.636276912761733314e-04 -7.865605264269704604e-05 4.059114351950436953e-04
2.317237707539999974e+04 3.030232756766148118e-04 -1.419466377715299771e-04 7.479931891247596550e-04
2.321270477539999774e+04 5.501096934733872360e-04 -2.510544140379461389e-04 1.351273800984720665e-03
2.325303247539999575e+04 9.789972233521686881e-04 -4.352194818495107938e-04 2.393213928553847899e-03
2.329336017540000103e+04 1.707957916623322131e-03 -7.396056314520605118e-04 4.155521464698704558e-03
2.333368787539999903e+04 2.921063989511631705e-03 -1.232262078164841380e-03 7.074390057188104791e-03
2.337401557539999703e+04 4.897537946871716869e-03 -2.013178792877663714e-03 1.180825468662109745e-02
2.341434327540000231e+04 8.049928294298834899e-03 -3.225588465056148258e-03 1.932544505365381762e-02
2.345467097540000032e+04 1.297144412122745727e-02 -5.069427700628834077e-03 3.101231594308374515e-02
2.349499867539999832e+04 2.049139250143710775e-02 -7.816504113178062568e-03 4.879928911605227460e-02
2.353532637539999632e+04 3.173556690106482669e-02 -1.182641915875094762e-02 7.529755296088060101e-02
2.357565407539999796e+04 4.818564668538571905e-02 -1.756168329692657515e-02 1.139329766676980132e-01
2.361598177539999961e+04 7.172838127233258088e-02 -2.559977009586122260e-02 1.690565326405263635e-01
2.365630947539999761e+04 1.046819791152640150e-01 -3.663915800745862900e-02 2.460031162379866798e-01
2.369663717539999925e+04 1.497843941085778841e-01 -5.149580173388591114e-02 3.510645899510416723e-01
2.373696487540000089e+04 2.101270150278864435e-01 -7.108608729300418261e-02 4.913401173487770279e-01
2.377729257539999890e+04 2.890186314578430116e-01 -9.639230847107838063e-02 6.744295713867644038e-01
2.381762027540000054e+04 3.897693727675175523e-01 -1.284072251852717839e-01 9.079459707203069163e-01
2.385794797539999854e+04 5.153930983395609289e-01 -1.680554926634637292e-01 1.198841689342585504e+00
2.389827567539999654e+04 6.682392622207518063e-01 -2.160918195488461258e-01 1.552570343990349766e+00
2.393860337540000182e+04 8.495804520586378583e-01 -2.729786819750943949e-01 1.972139586092370278e+00
2.397893107539999983e+04 1.059197463985506404e+00 -3.387502124252692037e-01 2.457145140396281846e+00
2.401925877539999783e+04 1.295016924375242073e+00 -4.128732211070451630e-01 3.002907069857529532e+00
2.405958647539999583e+04 1.552863703693339259e+00 -4.941206746127053129e-01 3.599848081999383442e+00
2.409991417540000111e+04 1.826388574729792325e+00 -5.804765929356584531e-01 4.233253742395243435e+00
2.414024187539999912e+04 2.107218749885898745e+00 -6.690933129413449976e-01 4.883530812713142488e+00
2.418056957539999712e+04 2.385354969025158312e+00 -7.563214955416711627e-01 5.527031433591988119e+00
2.422089727539999876e+04 2.649805930031092327e+00 -8.378294686420002524e-01 6.137441328704184684e+00
2.426122497539999677e+04 2.889413627668296236e+00 -9.088213546269521270e-01 6.687648609963544821e+00
2.430155267539999841e+04 3.093787907398314996e+00 -9.643534915330800317e-01 7.151929306329710911e+00
2.434188037540000005e+04 3.254242180212132851e+00 -9.997372167082682060e-01 7.508221577132534463e+00
2.438220807540000169e+04 3.364610869979767216e+00 -1.011004954627080066e+00 7.740226694586614720e+00
2.442253577539999969e+04 3.421836561935936327e+00 -9.954075744710388918e-01 7.839080698342911546e+00
2.446286347540000133e+04 3.426241387001469185e+00 -9.519052582246583238e-01 7.804388032227597805e+00
2.450319117539999934e+04 3.381439518831400814e+00 -8.816110093019383642e-01 7.644490046964739882e+00
2.454351887539999734e+04 3.293899036487872412e+00 -7.881418326292776166e-01 7.375939905605021885e+00
2.458384657539999898e+04 3.172212953867401986e+00 -6.778196016969358917e-01 7.022245509431739308e+00
2.462417427539999699e+04 3.026181718094435702e+00 -5.596289422498339494e-01 6.611992378438706019e+00
2.466450197539999863e+04 2.865835247131651720e+00 -4.447705812631904121e-01 6.176441075526494018e+00
2.470482967539999663e+04 2.700527043377654479e+00 -3.455576568474148513e-01 5.746611743602723976e+00
2.474515737540000191e+04 2.538215550391462294e+00 -2.733887821471349677e-01 5.349819882930059833e+00
2.478548507539999991e+04 2.385012269837600396e+00 -2.358405425257914800e-01 5.005865082200991800e+00
2.482581277539999792e+04 2.245029083818990134e+00 -2.337540086579832921e-01 4.723812176295963283e+00
2.486614047539999956e+04 2.120507468920161731e+00 -2.600476080018406244e-01 4.501062545842164475e+00
2.490646817539999756e+04 2.012168721481319977e+00 -3.015558247117600121e-01 4.325893267674399745e+00
2.494679587539999557e+04 1.919694293461136736e+00 -3.432201431635336641e-01 4.182608730085807025e+00
2.498712357540000085e+04 1.842233413701048983e+00 -3.724911409763561054e-01 4.056957968378454460e+00
2.502745127539999885e+04 1.778842403112039561e+00 -3.823291724239087919e-01 3.940013978647987525e+00
2.506777897540000049e+04 1.728784056437138839e+00 -3.725580539368608668e-01 3.830126166811138599e+00
2.510810667540000213e+04 1.691650856850802853e+00 -3.499577870488295162e-01 3.733259500750434778e+00
2.514843437540000014e+04 1.667315520437503640e+00 -3.271833829918719960e-01 3.661814423866879054e+00
2.518876207539999814e+04 1.655748881134546213e+00 -3.200222048060332725e-01 3.631519967075125699e+00
2.522908977539999614e+04 1.656771748064311600e+00 -3.426370482986031418e-01 3.656180544427225509e+00
2.526941747539999778e+04 1.669819436840520144e+00 -4.020857045287024034e-01 3.741724578209743246e+00
2.530974517539999943e+04 1.693793307578567608e+00 -4.952541978592819860e-01 3.882840813016417592e+00
2.535007287539999743e+04 1.727053988191213252e+00 -6.102001055281732755e-01 4.064308081910600556e+00
2.539040057540000271e+04 1.767579957608364838e+00 -7.303610443262434915e-01 4.265520959542972612e+00
2.543072827540000071e+04 1.813278789402355207e+00 -8.386859908534267660e-01 4.465243569658137623e+00
2.547105597539999872e+04 1.862403540076672082e+00 -9.202746397371925902e-01 4.645081719890536753e+00
2.551138367540000036e+04 1.914000119828650925e+00 -9.637232115687477396e-01 4.791723451226049590e+00
2.555171137539999836e+04 1.968298094057694181e+00 -9.618253625598122136e-01 4.898421550675200464e+00
2.559203907539999636e+04 2.026959867920591130e+00 -9.120978154171958119e-01 4.966017551258377516e+00
2.563236677539999801e+04 2.093121327166801215e+00 -8.173260217090280166e-01 5.003568676042630337e+00
2.567269447539999965e+04 2.171187650628065402e+00 -6.860601697128378973e-01 5.028435470968968701e+00
2.571302217539999765e+04 2.266385890186713770e+00 -5.326470821718359838e-01 5.065418862545263856e+00
2.575334987539999929e+04 2.384114598511432703e+00 -3.759376857032799002e-01 5.144166882726144863e+00
2.579367757540000093e+04 2.529163905484936414e+00 -2.356680367519982389e-01 5.293995847721872039e+00
2.583400527539999894e+04 2.704901841600144241e+00 -1.266649061663085163e-01 5.536468589366596582e+00
2.587433297539999694e+04 2.912531262016140321e+00 -5.361468557376775773e-02 5.878677209606048670e+00
2.591466067539999858e+04 3.150515732326016227e+00 -1.020795078939294373e-02 6.311239415441424860e+00
2.595498837539999658e+04 3.414253778109293869e+00 1.669633835709085495e-02 6.811811217861497347e+00
2.599531607539999823e+04 3.696052306699190826e+00 4.113498277773458556e-02 7.350969630620646456e+00
2.603564377539999987e+04 3.985416084244267410e+00 7.361656708620362144e-02 7.897215601402331586e+00
2.607597147540000151e+04 4.269635356879101451e+00 1.191681640285401494e-01 8.420102549729662655e+00
2.611629917539999951e+04 4.534622004671635231e+00 1.773037446323015576e-01 8.891940264710969544e+00
2.615662687540000115e+04 4.765919077763486555e+00 2.431308903116108089e-01 9.288707265215363051e+00
2.619695457539999916e+04 4.949791238213171241e+00 3.090269005866720931e-01 9.590555575839671221e+00
2.623728227539999716e+04 5.074295644414003270e+00 3.664979620724082010e-01 9.782093326755598284e+00
2.627760997539999516e+04 5.130234537512837534e+00 4.079200535604531885e-01 9.852549021465220491e+00
2.631793767540000044e+04 5.111901966147958554e+00 4.279112309375545098e-01 9.795892701358361876e+00
2.635826537539999845e+04 5.017556857815900884e+00 4.241566898194403246e-01 9.610957025812361110e+00
2.639859307540000009e+04 4.849581464403065034e+00 3.976154093924077482e-01 9.301547519413723819e+00
2.643892077540000173e+04 4.614315731881045046e+00 3.521605900687043156e-01 8.876470873693385499e+00
2.647924847539999973e+04 4.321591219793496919e+00 2.938101867507841303e-01 8.349372252836209540e+00
2.651957617539999774e+04 3.984019064809903643e+00 2.297592437250846054e-01 7.738278885894724013e+00
2.655990387539999938e+04 3.616111218443246234e+00 1.674227128609037940e-01 7.064799724025589533e+00
2.660023157539999738e+04 3.233329341458485828e+00 1.136458924952363780e-01 6.353012790421735723e+00
2.664055927539999539e+04 2.851159026572109401e+00 7.415891586283678005e-02 5.628159137281381952e+00
2.668088697540000067e+04 2.484297895062999917e+00 5.325819644358674443e-02 4.915337593682412631e+00
2.672121467539999867e+04 2.146025989773937326e+00 5.359570930174095693e-02 4.238456270246134139e+00
2.676154237540000031e+04 1.847798974787781212e+00 7.583524169826226513e-02 3.619762707877300034e+00
2.680187007539999831e+04 1.599073361239096380e+00 1.177799189281272529e-01 3.080366803550065757e+00
2.684219777539999995e+04 1.407343056250135671e+00 1.724826337035442747e-01 2.642203478796727012e+00
2.688252547539999796e+04 1.278342132892897443e+00 2.255604418658437027e-01 2.331123823919951210e+00
2.692285317539999596e+04 1.216352652310414895e+00 2.557618730972063825e-01 2.176943431523623573e+00
2.696318087539999760e+04 1.224549707248992370e+00 2.476915462751056451e-01 2.201407868222879038e+00
2.700350857539999924e+04 1.305317995380070206e+00 2.092591202686306107e-01 2.401376870491509941e+00
2.704383627539999725e+04 1.460483358669921294e+00 1.655947296370005040e-01 2.755371987702841530e+00
2.708416397540000253e+04 1.691416537534505160e+00 1.394532339319433656e-01 3.243379841137066677e+00
2.712449167540000053e+04 1.998982822465933396e+00 1.436054181012214326e-01 3.854360226830644720e+00
2.716481937539999853e+04 2.383329030426820427e+00 1.821144328132477119e-01 4.584543628040393060e+00
2.720514707540000018e+04 2.843517847164348300e+00 2.525169428095977997e-01 5.434518751519098245e+00
2.724547477539999818e+04 3.377039161335675388e+00 3.471522587166930851e-01 6.406926063954657025e+00
2.728580247539999618e+04 3.979248547585861662e+00 4.542326676149380793e-01 7.504264427556785577e+00
2.732613017539999782e+04 4.642803607562335344e+00 5.593032979343878219e-01 8.726303917190284309e+00
2.736645787539999947e+04 5.357187052021944673e+00 6.472828268404265950e-01 1.006709127720346331e+01
2.740678557540000111e+04 6.108417260707855512e+00 7.048289578913667919e-01 1.151200556352434567e+01
2.744711327539999911e+04 6.879047698690198054e+00 7.225406740713661291e-01 1.303555472330902987e+01
2.748744097540000075e+04 7.648541392008762152e+00 6.965490814226106275e-01 1.460053370259491423e+01
2.752776867539999876e+04 8.394072950993850313e+00 6.292578829295951692e-01 1.615888801905810723e+01
2.756809637539999676e+04 9.091759059425120526e+00 5.292147194252831977e-01 1.765430339942496119e+01
2.760842407539999840e+04 9.718253925064834320e+00 4.102348107325972104e-01 1.902627303939707559e+01
2.764875177539999640e+04 1.025257813141219465e+01 2.899576318856604273e-01 2.021519863093872615e+01
2.768907947539999805e+04 1.067798978163085621e+01 1.880318051373645327e-01 2.116794775812434892e+01
2.772940717539999969e+04 1.098366852975764907e+01 1.241192184866853065e-01 2.184321784102861486e+01
2.776973487540000133e+04 1.116597656884184531e+01 1.158927933950928552e-01 2.221606034428859644e+01
2.781006257539999933e+04 1.122909152377079955e+01 1.771699717909337723e-01 2.228101307575066414e+01
2.785039027540000097e+04 1.118487345582942538e+01 3.162755208899568626e-01 2.205347139076889462e+01
2.789071797539999898e+04 1.105192376071316218e+01 5.346735229007124612e-01 2.156917399852561346e+01
2.793104567539999698e+04 1.085390366666101336e+01 8.258767898715589917e-01 2.088193054345046562e+01
2.797137337539999498e+04 1.061728688498621587e+01 1.174681278115220939e+00 2.005989249185720880e+01
2.801170107540000026e+04 1.036880701726066611e+01 1.556955184027754902e+00 1.918065885049357533e+01
2.805202877539999827e+04 1.013291081886260869e+01 1.940602581878980049e+00 1.832521905584623667e+01
2.809235647539999991e+04 9.929534195496559690e+00 2.288833783680205958e+00 1.757023460731291564e+01
2.813268417540000155e+04 9.772476911761165397e+00 2.566925956370779804e+00 1.697802786715155321e+01
2.817301187539999955e+04 9.668570021461867725e+00 2.752025717003118821e+00 1.658511432592061396e+01
2.821333957539999756e+04 9.617719270030299583e+00 2.841919426194031928e+00 1.639351911386656724e+01
2.825366727539999920e+04 9.613785209832366618e+00 2.856615674458529597e+00 1.637095474520620542e+01
2.829399497539999720e+04 9.646145633303346401e+00 2.830707074316928029e+00 1.646158419228976655e+01
2.833432267539999884e+04 9.701696306096657452e+00 2.801489457778287395e+00 1.660190315441502662e+01
2.837465037540000048e+04 9.766995977460162237e+00 2.799415073913531504e+00 1.673457688100679164e+01
2.841497807540000213e+04 9.830258767736454573e+00 2.843461807473405045e+00 1.681705572799950588e+01
2.845530577540000013e+04 9.882940619033025342e+00 2.940381422223637742e+00 1.682549981584241294e+01
2.849563347539999813e+04 9.920747533171908827e+00 3.085995923995252355e+00 1.675549914234856530e+01
2.853596117539999977e+04 9.943995911918396047e+00 3.267433833425117395e+00 1.662055799041167248e+01
2.857628887539999778e+04 9.957359666636264706e+00 3.466033490867548750e+00 1.644868584240498066e+01
2.861661657539999578e+04 9.969125233656367158e+00 3.661072659827551146e+00 1.627717780748518450e+01
2.865694427540000106e+04 9.990128967495726542e+00 3.834354764777316404e+00 1.614590317021413668e+01
2.869727197539999906e+04 1.003256416955462882e+01 3.974929969743986380e+00 1.609019836936526815e+01
2.873759967539999707e+04 1.010881936405213999e+01 4.082219120016449487e+00 1.613541960808782960e+01
2.877792737540000235e+04 1.023045641493199831e+01 4.165609705072975011e+00 1.629530312479102605e+01
2.881825507540000035e+04 1.040737380119614386e+01 4.240067772504715116e+00 1.657467982988757171e+01
2.885858277539999835e+04 1.064714546692531449e+01 4.319615361104205853e+00 1.697467557274642402e+01
2.889891047540000000e+04 1.095449424624735713e+01 4.411712711689843580e+00 1.749727578080486978e+01
2.893923817539999800e+04 1.133085832832277795e+01 4.514923083020717876e+00 1.814679357362484069e+01
2.897956587539999600e+04 1.177403711492085137e+01 4.620577223021791191e+00 1.892749700681990888e+01
2.901989357539999764e+04 1.227794742209786349e+01 4.717442416793200977e+00 1.983845242740252246e+01
2.906022127539999929e+04 1.283256460974115676e+01 4.797175438110370393e+00 2.086795378137194135e+01
2.910054897540000093e+04 1.342414739308548199e+01 4.858138967396327779e+00 2.199015581877463532e+01
2.914087667539999893e+04 1.403583610246129787e+01 4.906209362929389250e+00 2.316546284199320382e+01
2.918120437540000057e+04 1.464866760008838220e+01 4.952790990198145060e+00 2.434454420997861845e+01
2.922153207539999858e+04 1.524297281862241427e+01 5.011273600682272011e+00 2.547467203656255563e+01
2.926185977539999658e+04 1.580003197381222613e+01 5.093229178437844951e+00 2.650683476918660730e+01
2.930218747539999822e+04 1.630378094122442079e+01 5.205175189582531559e+00 2.740238669286630468e+01
2.934251517539999986e+04 1.674231303700674189e+01 5.346290481358860980e+00 2.813833559265462370e+01
2.938284287539999787e+04 1.710892008266679909e+01 5.507300480752543415e+00 2.871053968458105743e+01
2.942317057540000314e+04 1.740247053173573377e+01 5.670810584500054929e+00 2.913413047897141439e+01
2.946349827540000115e+04 1.762702282001446008e+01 5.813476541246815898e+00 2.944056909878210604e+01
2.950382597539999915e+04 1.779069961700009372e+01 5.910283004104916138e+00 2.967111622989527220e+01
2.954415367539999716e+04 1.790397701869254377e+01 5.940573569550591237e+00 2.986738046783449718e+01
2.958448137539999880e+04 1.797764518329384131e+01 5.894341579821168686e+00 3.006094878676651660e+01
2.962480907539999680e+04 1.802075276426545258e+01 5.776314686817072719e+00 3.026519084171383156e+01
2.966513677539999844e+04 1.803884684538739336e+01 5.605636358287703125e+00 3.047205733248708626e+01
2.970546447540000008e+04 1.803276565981226653e+01 5.410795923457544454e+00 3.065473539616699128e+01
2.974579217539999809e+04 1.799814704061157400e+01 5.221692589240684690e+00 3.077460149198246242e+01
2.978611987539999973e+04 1.792570211393415747e+01 5.061739364686287601e+00 3.078966486318202200e+01
2.982644757540000137e+04 1.780219343975828039e+01 4.942362812054757804e+00 3.066202406746180031e+01
2.986677527539999937e+04 1.761196804392756121e+01 4.860984315664140354e+00 3.036295177219097852e+01
2.990710297539999738e+04 1.733883961761002368e+01 4.802449245084772222e+00 2.987522999013527780e+01
2.994743067539999902e+04 1.696809317311430476e+01 4.743178523369387278e+00 2.919300782285922224e+01
2.998775837539999702e+04 1.648839506116572906e+01 4.656942706811352473e+00 2.831984741552010476e+01
3.002808607539999866e+04 1.589342264574755248e+01 4.520964777545895430e+00 2.726588051394920953e+01
3.006841377539999667e+04 1.518307137734144519e+01 4.321034666786610856e+00 2.604510808789627774e+01
3.010874147540000195e+04 1.436414456802493333e+01 4.054550529407888959e+00 2.467373860664197949e+01
3.014906917539999995e+04 1.345047799104681729e+01 3.730936617445738790e+00 2.317001936464789580e+01
3.018939687539999795e+04 1.246249551204896555e+01 3.369608060574355246e+00 2.155538296352357364e+01
3.022972457539999959e+04 1.142623294545342283e+01 2.996279654641313517e+00 1.985618623626553259e+01
3.027005227539999760e+04 1.037190496260870098e+01 2.638678570805525148e+00 1.810513135441187771e+01
3.031037997539999560e+04 9.332122952657265103e+00 2.322547918217138463e+00 1.634169798709739041e+01
3.035070767540000088e+04 8.339897920018890076e+00 2.068367187259668061e+00 1.461142865277811254e+01
3.039103537539999888e+04 7.426579011874724578e+00 1.888694018142755171e+00 1.296446400560669332e+01
3.043136307540000053e+04 6.619882993671945215e+00 1.785633815835706795e+00 1.145413217150818141e+01
3.047169077540000217e+04 5.942162462557152303e+00 1.747879635078227079e+00 1.013644529003607708e+01
3.051201847540000017e+04 5.409042317624161100e+00 1.747653574047953962e+00 9.070431061200366685e+00
3.055234617539999817e+04 5.028527989170538781e+00 1.741172926067147575e+00 8.315883052273932208e+00
3.059267387539999982e+04 4.800658531675505714e+00 1.681379090479232730e+00 7.919937972871778697e+00
3.063300157539999782e+04 4.717745375536759767e+00 1.545327542745268623e+00 7.890163208328251798e+00
3.067332927539999946e+04 4.765204043373476139e+00 1.350841301899750935e+00 8.179566784847200012e+00
3.071365697539999746e+04 4.922950462742512912e+00 1.139571724569755862e+00 8.706329200915272182e+00
3.075398467539999911e+04 5.167293824588293560e+00 9.504884351298178435e-01 9.384099214046768722e+00
3.079431237540000075e+04 5.473213153198009273e+00 8.094077427147041703e-01 1.013701856368131260e+01
3.083464007539999875e+04 5.816856123478939544e+00 7.308249813432590170e-01 1.090288726561461985e+01
3.087496777540000039e+04 6.178050830321177855e+00 7.219965029599996198e-01 1.163410515768235598e+01
3.091529547539999840e+04 6.542582207980982112e+00 7.848316900180543065e-01 1.230033272594390859e+01
3.095562317539999640e+04 6.903964797813457288e+00 9.144716550645690667e-01 1.289345794056234418e+01
3.099595087539999804e+04 7.264452701617790886e+00 1.094315754791884920e+00 1.343458964844369774e+01
3.103627857539999968e+04 7.635073251006581962e+00 1.288099436170247802e+00 1.398204706584291657e+01
3.107660627539999768e+04 8.034555427430799313e+00 1.432463667427789966e+00 1.463664718743381243e+01
3.111693397540000296e+04 8.487142879581449861e+00 1.438850741811927181e+00 1.553543501735097365e+01
3.115726167540000097e+04 9.019422892275704484e+00 1.214853556723417771e+00 1.682399222782798986e+01
3.119758937539999897e+04 9.656449168407922556e+00 6.992694753630209759e-01 1.861362886145282403e+01
3.123791707539999697e+04 1.041756627286681436e+01 -1.160543016175764747e-01 2.095118684735120240e+01
3.127824477539999862e+04 1.131243485690570338e+01 -1.192818599883136876e+00 2.381768831369454631e+01
3.131857247539999662e+04 1.233779004997850670e+01 -2.466591555832804428e+00 2.714217165578982005e+01
3.135890017539999826e+04 1.347542784522821435e+01 -3.862866503648126670e+00 3.081372219410455315e+01
3.139922787539999990e+04 1.469180251693503081e+01 -5.305001166023378900e+00 3.468860619989344229e+01
3.143955557540000154e+04 1.593944000698524555e+01 -6.717513112264223984e+00 3.859639312623472307e+01
3.147988327539999955e+04 1.716014731383396352e+01 -8.028045559018131883e+00 4.234834018668605893e+01
3.152021097540000119e+04 1.828975563150026673e+01 -9.169558175393030197e+00 4.574906943839356899e+01
3.156053867539999919e+04 1.926391088024687193e+01 -1.008309984898700407e+01 4.861092160948074792e+01
3.160086637539999720e+04 2.002425552536714548e+01 -1.072092693741585379e+01 5.076943798815014475e+01
3.164119407539999884e+04 2.052426053418052021e+01 -1.104948610578842860e+01 5.209800717414946547e+01
3.168152177540000048e+04 2.073398431991556023e+01 -1.105173941848210184e+01 5.251970805831322053e+01
3.172184947539999848e+04 2.064315849977148432e+01 -1.072840575934581686e+01 5.201472275888878727e+01
3.176217717539999649e+04 2.026221231223914288e+01 -1.009788497953945274e+01 5.062230960401774382e+01
3.180250487540000177e+04 1.962111690006060272e+01 -9.194874401623588156e+00 4.843710820174479181e+01
3.184283257539999977e+04 1.876621541043414609e+01 -8.067928933950847536e+00 4.560035975481914505e+01
3.188316027539999777e+04 1.775546054209001667e+01 -6.776401221987386592e+00 4.228732230616742527e+01
3.192348797539999941e+04 1.665266917486399123e+01 -5.387275048968374058e+00 3.869261339869635208e+01
3.196381567539999742e+04 1.552149830546588127e+01 -3.972321311291814538e+00 3.501531792222358064e+01
3.200414337539999542e+04 1.441983893264977468e+01 -2.605690305777221827e+00 3.144536817107676541e+01
3.204447107540000070e+04 1.339522349355504538e+01 -1.361396887802537981e+00 2.815184387491262896e+01
3.208479877539999870e+04 1.248167104657467696e+01 -3.090923709800828534e-01 2.527243446412943939e+01
3.212512647540000034e+04 1.169818448912510434e+01 4.944496136848401391e-01 2.290191936456536581e+01
3.216545417540000199e+04 1.104889965329063273e+01 1.019393137156052287e+00 2.107840616942521095e+01
3.220578187539999999e+04 1.052469705194510574e+01 1.277069415451502321e+00 1.977232468843871160e+01
3.224610957539999799e+04 1.010594483341884597e+01 1.321185324146706641e+00 1.889070434269098442e+01
3.228643727539999600e+04 9.765957202040755902e+00 1.228794422191415103e+00 1.830311998189009870e+01
3.232676497539999764e+04 9.474727174604272051e+00 1.073090647172883605e+00 1.787636370203565761e+01
3.236709267539999564e+04 9.202519140227812144e+00 9.061350308218152350e-01 1.749890324963380905e+01
3.240742037540000092e+04 8.922973427151490000e+00 7.564239090891676787e-01 1.708952294521381177e+01
3.244774807539999529e+04 8.615468189072624128e+00 6.349918067816675560e-01 1.659594457136357804e+01
3.248807577540000057e+04 8.266590039873637608e+00 5.430884615874407295e-01 1.599009161815983582e+01
3.252840347539999857e+04 7.870672360737670736e+00 4.779593745158874918e-01 1.526338534695945270e+01
3.256873117540000021e+04 7.429459606096507684e+00 4.359381447600604864e-01 1.442298106743295527e+01
3.260905887539999821e+04 6.951039759603490076e+00 4.132736671314668486e-01 1.348880585207551341e+01
3.264938657539999622e+04 6.448249510173138077e+00 4.054958125290856197e-01 1.249100320781718843e+01
3.268971427540000514e+04 5.936793431356727879e+00 4.061680535902235656e-01 1.146741880912323275e+01
3.273004197539999586e+04 5.433326925432972132e+00 4.058426874892016034e-01 1.046081116337674111e+01
3.277036967540000478e+04 4.953732722335040251e+00 3.920482134315281253e-01 9.515417231238551210e+00
3.281069737539999187e+04 4.511774993005388978e+00 3.511603480312144310e-01 8.672389637979563304e+00
3.285102507540000079e+04 4.118249531584095458e+00 2.726396826032621568e-01 7.963859380564928259e+00
3.289135277540000243e+04 3.780671760236158807e+00 1.546428636043621907e-01 7.406700656867954535e+00
3.293168047539999679e+04 3.503467174255355587e+00 7.691908736118906187e-03 6.999242439774593372e+00
3.297200817539999844e+04 3.288562190565132326e+00 -1.472465064413469304e-01 6.724370887571612165e+00
3.301233587540000008e+04 3.136226450073010152e+00 -2.860955751583866835e-01 6.558548475304406544e+00
3.305266357540000172e+04 3.045996303939763727e+00 -3.901357939025617561e-01 6.482128401782088822e+00
3.309299127539999608e+04 3.017514793251197425e+00 -4.516787183485065915e-01 6.486708304850901996e+00
3.313331897539999773e+04 3.051152495081035809e+00 -4.758825614194666098e-01 6.578187551581538450e+00
3.317364667539999937e+04 3.148318889648123786e+00 -4.791394774797969047e-01 6.775777256776044588e+00
3.321397437540000101e+04 3.311426038518080706e+00 -4.844933878455024989e-01 7.107345464881664299e+00
3.325430207539999537e+04 3.543516094000522365e+00 -5.150938295288552959e-01 7.602126017529899471e+00
3.329462977539999702e+04 3.847604417105019881e+00 -5.883355943311798786e-01 8.283544428541219418e+00
3.333495747540000593e+04 4.225817380638029697e+00 -7.138570204023225729e-01 9.165491781678381855e+00
3.337528517539999302e+04 4.678418668867151631e+00 -8.960148353378815100e-01 1.025285217307218666e+01
3.341561287540000194e+04 5.202823427168909554e+00 -1.138148448096648613e+00 1.154379530243446794e+01
3.345594057539999631e+04 5.792700480889021897e+00 -1.445350857266480826e+00 1.303075181904452506e+01
3.349626827539999795e+04 6.437262513800130925e+00 -1.824269487037203374e+00 1.469879451463746456e+01
3.353659597539999959e+04 7.120843240746222769e+00 -2.280399764559061015e+00 1.652208624605150789e+01
3.357692367540000123e+04 7.822856387085134422e+00 -2.814315645549052558e+00 1.846002841971932185e+01
3.361725137539999560e+04 8.518218121716332192e+00 -3.418367651510998861e+00 2.045480389494366236e+01
3.365757907539999724e+04 9.178286293743024515e+00 -4.074923718095938341e+00 2.243149630558198737e+01
3.369790677540000615e+04 9.772322481286266793e+00 -4.756586726094331752e+00 2.430123168866686711e+01
3.373823447539999324e+04 1.026941750795996988e+01 -5.428265638742963972e+00 2.596710065466290374e+01
3.377856217540000216e+04 1.064074514059870324e+01 -6.050623093697217847e+00 2.733211337489462167e+01
3.381888987540000380e+04 1.086193544479185036e+01 -6.584260847569939124e+00 2.830813173715364073e+01
3.385921757539999817e+04 1.091530529050274900e+01 -6.993978711213923560e+00 2.882458929221942512e+01
3.389954527539999981e+04 1.079166441672596477e+01 -7.252506054215803744e+00 2.883583488766772973e+01
3.393987297540000145e+04 1.049144148474227833e+01 -7.343231728474197695e+00 2.832611469795875436e+01
3.398020067539999582e+04 1.002494687929124417e+01 -7.261630844502271920e+00 2.731152460308475938e+01
3.402052837539999746e+04 9.411698484761030770e+00 -7.015284816794001621e+00 2.583868178631606582e+01
3.406085607540000638e+04 8.678865088648322512e+00 -6.622588423695193960e+00 2.398031860099183632e+01
3.410118377539999346e+04 7.859006119640457477e+00 -6.110406349287138994e+00 2.182841858856805217e+01
3.414151147540000238e+04 6.987382983133363368e+00 -5.511058061777655226e+00 1.948582402804438374e+01
3.418183917539999675e+04 6.099168743046033292e+00 -4.859059784974964380e+00 1.705739727106703185e+01
3.422216687539999839e+04 5.226881225375063167e+00 -4.188033983696328733e+00 1.464179643444645507e+01
3.426249457540000003e+04 4.398312648529998370e+00 -3.528120579149755631e+00 1.232474587620975193e+01
3.430282227539999440e+04 3.635139189043475660e+00 -2.904109531518720200e+00 1.017438790960567196e+01
3.434314997540000331e+04 2.952285290439713439e+00 -2.334385411657867948e+00 8.238955992537295714e+00
3.438347767539999768e+04 2.358010485880763785e+00 -1.830654507294743549e+00 6.546675479056271563e+00
3.442380537539999932e+04 1.854598668401643780e+00 -1.398332777494239565e+00 5.107530114297527568e+00
3.446413307539999369e+04 1.439472650446949720e+00 -1.037421561639144230e+00 3.916366862533043669e+00
3.450446077540000260e+04 1.106534544104006867e+00 -7.436970017513130360e-01 2.956766089959326660e+00
3.454478847539999697e+04 8.475419821903547035e-01 -5.101042362502076211e-01 2.205188200630917361e+00
3.458511617539999861e+04 6.533634368951009019e-01 -3.284193098703652725e-01 1.635146183660567409e+00
3.462544387540000025e+04 5.150024399380733753e-01 -1.915938080677712096e-01 1.221598687943917794e+00
3.466577157539999462e+04 4.243301805556307649e-01 -9.754263261043244482e-02 9.462029937216938080e-01
3.470609927540000353e+04 3.745108019347390682e-01 -5.286921831279309258e-02 8.018908221822712568e-01
3.474642697539999790e+04 3.601390147636986949e-01 -6.500493457460453095e-02 7.852829641020019347e-01
3.478675467539999954e+04 3.771339235674405210e-01 -1.234058253098452018e-01 8.776736724447262716e-01
3.482708237540000118e+04 4.224472294893708568e-01 -2.084424711671707675e-01 1.053336930145912564e+00
3.486741007540000282e+04 4.936505725569282910e-01 -3.089208865304550189e-01 1.296222031644311601e+00
3.490773777539999719e+04 5.884681996481208044e-01 -4.211307306699859088e-01 1.598067129966227684e+00
3.494806547539999883e+04 7.043191537696418258e-01 -5.438089812136617240e-01 1.952447288752945154e+00
3.498839317540000047e+04 8.379284045135718673e-01 -6.755595645117870029e-01 2.351416373538930848e+00
3.502872087539999484e+04 9.850583842475747476e-01 -8.139188902377163526e-01 2.784035658732865848e+00
3.506904857540000376e+04 1.140400367229969625e+00 -9.551275090280233471e-01 3.235928243487962597e+00
3.510937627539999812e+04 1.297648377355387295e+00 -1.094226918960210293e+00 3.689523673670985104e+00
3.514970397539999976e+04 1.449757125803690538e+00 -1.225350975799067932e+00 4.124865227406449009e+00
3.519003167540000140e+04 1.589361528053509387e+00 -1.342157171090108791e+00 4.520880227197127788e+00
3.523035937540000305e+04 1.709311667931932455e+00 -1.438353798084825996e+00 4.856977133948690017e+00
3.527068707539999741e+04 1.803257595292883542e+00 -1.508270530932450448e+00 5.114785721518217088e+00
3.531101477539999905e+04 1.866207030075138773e+00 -1.547410496061025320e+00 5.279824556211303310e+00
3.535134247540000069e+04 1.894978882154093824e+00 -1.552919243498394719e+00 5.342877007806582590e+00
3.539167017539999506e+04 1.888487586809674657e+00 -1.523912988395854429e+00 5.300888162015203520e+00
3.543199787540000398e+04 1.847816318536278368e+00 -1.461624844813522728e+00 5.157257481886079908e+00
3.547232557539999107e+04 1.776067579279517306e+00 -1.369350950265435518e+00 4.921486108824470129e+00
3.551265327539999998e+04 1.678012192304908279e+00 -1.252204267170290208e+00 4.608228651780106766e+00
3.555298097540000163e+04 1.559586534987317918e+00 -1.116707729262264692e+00 4.235880799236900529e+00
3.559330867539999599e+04 1.427307784151440329e+00 -9.702759468813381138e-01 3.824891515184218438e+00
3.563363637539999763e+04 1.287684720757874324e+00 -8.206427653697934144e-01 3.396012206885542284e+00
3.567396407539999927e+04 1.146696441839863967e+00 -6.752891388952401153e-01 2.968682022574967938e+00
3.571429177540000092e+04 1.009394928285893611e+00 -5.409125189015498991e-01 2.559702375473337455e+00
3.575461947539999528e+04 8.796636443503816905e-01 -4.229583052463962711e-01 2.182285593947159708e+00
3.579494717540000420e+04 7.601381239209726859e-01 -3.252138712144044819e-01 1.845490119056349965e+00
3.583527487539999856e+04 6.522707244567028662e-01 -2.494641557468178505e-01 1.554005604660223527e+00
3.587560257540000021e+04 5.565042531199008158e-01 -1.952530642120625659e-01 1.308261570451864086e+00
3.591593027540000185e+04 4.725101297717057558e-01 -1.598948914075394856e-01 1.104915150950950942e+00
3.595625797539999621e+04 3.994463687291507359e-01 -1.389454350961071283e-01 9.378381725544087111e-01
3.599658567539999785e+04 3.361974810618153509e-01 -1.271896626914797157e-01 7.995846248151103897e-01
3.603691337539999950e+04 2.815698626972486518e-01 -1.198312215905593114e-01 6.829709469850565595e-01
3.607724107540000114e+04 2.344293908905785706e-01 -1.133611297526552625e-01 5.822199115338123621e-01
3.611756877539999550e+04 1.937801312559566114e-01 -1.058175657079083315e-01 4.933778282198215126e-01
3.615789647540000442e+04 1.587923470873385812e-01 -9.654712875552493023e-02 4.141318229302020648e-01
3.619822417539999878e+04 1.287934689966478974e-01 -8.575583930397255583e-02 3.433427772972683645e-01
3.623855187540000043e+04 1.032373369219045517e-01 -7.407630241494812806e-02 2.805509762587572453e-01
3.627887957540000207e+04 8.166559618630285511e-02 -6.225015134491460739e-02 2.255813437175203384e-01
3.631920727539999643e+04 6.367173497396738657e-02 -5.093731345852808151e-02 1.782807834064628338e-01
3.635953497540000535e+04 4.887407910703549935e-02 -4.062651826381365183e-02 1.383746764778846505e-01
3.639986267539999244e+04 3.690010899455695853e-02 -3.161402282042156953e-02 1.054142408095354727e-01
3.644019037540000136e+04 2.738139483868019808e-02 -2.402210083971866722e-02 7.878489051707907032e-02
3.648051807539999572e+04 1.995655048081780916e-02 -1.783640919773973876e-02 5.774951015937535709e-02
3.652084577539999736e+04 1.427885667174079616e-02 -1.294841904632911336e-02 4.150613238981070569e-02
3.656117347539999901e+04 1.002536024740242893e-02 -9.194699947305286919e-03 2.924542044211014130e-02
3.660150117540000065e+04 6.904978883135249809e-03 -6.388922287576305654e-03 2.019888005384680441e-02
3.664182887539999501e+04 4.664097042141203582e-03 -4.345215458457197914e-03 1.367340954273960421e-02
3.668215657539999665e+04 3.089062409282072701e-03 -2.893253032621537994e-03 9.071377851185682961e-03
3.672248427540000557e+04 2.005717788686931478e-03 -1.886380979253359175e-03 5.897816556627221915e-03
3.676281197539999266e+04 1.276563227409978091e-03 -1.204481232299492444e-03 3.757607687119449060e-03
3.680313967540000158e+04 7.963453985542396935e-04 -7.532599661013874128e-04 2.345950763209866691e-03
3.684346737540000322e+04 4.868710370050909888e-04 -4.614240539005429295e-04 1.435166127910725070e-03
3.688379507539999759e+04 2.917116453512372926e-04 -2.768817241950641403e-04 8.603050148975387255e-04
3.692412277539999923e+04 1.712776725243233742e-04 -1.627604970602702700e-04 5.053158421089169912e-04
3.696445047540000087e+04 9.854604205944239679e-05 -9.373060683118558743e-05 2.908226909500703674e-04
3.700477817539999523e+04 5.555931157279750458e-05 -5.288162545459909342e-05 1.640002486001940890e-04
3.704510587539999688e+04 3.069334878897251586e-05 -2.923003869693240736e-05 9.061673627487745264e-05
3.708543357540000579e+04 1.661476010228756604e-05 -1.582935406954021448e-05 4.905887427411534656e-05
3.712576127539999288e+04 8.812528545131582765e-06 -8.398706408040454403e-06 2.602376349830361993e-05
3.716608897540000180e+04 4.579934002506621704e-06 -4.365980755815328467e-06 1.352584876082857441e-05
3.720641667540000344e+04 2.332204763740244438e-06 -2.223694772144678814e-06 6.888104299625167690e-06
3.724674437539999781e+04 1.163644275919340714e-06 -1.109673891380220374e-06 3.436962443218901803e-06
3.728707207539999945e+04 5.688762766271206286e-07 -5.425560883555718907e-07 1.680308641609813042e-06
3.732739977540000109e+04 2.724945527783749665e-07 -2.599110460009074223e-07 8.049001515576574084e-07
3.736772747540000273e+04 1.278907088105299199e-07 -1.219935885043737505e-07 3.777750061254335902e-07
3.740805517539999710e+04 5.881124349055034778e-08 -5.610253663152934300e-08 1.737250236126300584e-07
3.744838287539999874e+04 2.649849305125719801e-08 -2.527912426070025453e-08 7.827611036321465717e-08
3.748871057539999310e+04 1.169824883034432982e-08 -1.116030895373317403e-08 3.455680661442183201e-08
3.752903827540000202e+04 5.060098192603580273e-09 -4.827536494230070893e-09 1.494773287943722813e-08
3.756936597539999639e+04 2.144544659418841303e-09 -2.046022703700427589e-09 6.335112022538111022e-09
3.760969367539999803e+04 8.905309817795368614e-10 -8.496325865657828254e-10 2.630694550124856652e-09
3.765002137539999967e+04 3.623268756642143123e-10 -3.456908869222453057e-10 1.070344638250673930e-09
3.769034907539999404e+04 1.444406647419181079e-10 -1.378100643990695626e-10 4.266913938829058301e-10
3.773067677540000295e+04 5.641774120263279206e-11 -5.382825643528471203e-11 1.666637388405502768e-10
3.777100447539999732e+04 2.159131523296823629e-11 -2.060042444513080751e-11 6.378305491106727687e-11
3.781133217539999896e+04 8.096169903133895492e-12 -7.724645997441047629e-12 2.391698580370883700e-11
3.785165987540000060e+04 2.974521971264086485e-12 -2.838034226738791193e-12 8.787078169266963355e-12
3.789198757540000224e+04 1.070759053471120896e-12 -1.021629316772859178e-12 3.163147423715100969e-12
3.793231527539999661e+04 3.776620095454042822e-13 -3.603344450558741133e-13 1.115658464146682779e-12
3.797264297539999825e+04 1.305124033699419322e-13 -1.245245425907131430e-13 3.855493493305970074e-13
3.801297067539999989e+04 4.419134259652032534e-14 -4.216391199358382475e-14 1.305465971866244817e-13
3.805329837539999426e+04 1.466086214542471262e-14 -1.398825775609235723e-14 4.330998204694177774e-14
3.809362607540000317e+04 4.765612387484243006e-15 -4.546981145945833351e-15 1.407820592091431936e-14
3.813395377539999754e+04 1.517800892066895808e-15 -1.448169812949517454e-15 4.483771597083309464e-15
3.817428147539999918e+04 4.736393382584767067e-16 -4.519107221333303998e-16 1.399189398650283912e-15
3.821460917540000082e+04 1.448163495215798186e-16 -1.381728213789495650e-16 4.278055204221092268e-16
3.825493687540000246e+04 4.338347034346024471e-17 -4.139324132689418100e-17 1.281601820138146827e-16
3.829526457539999683e+04 1.273408787957461002e-17 -1.214991050721236174e-17 3.761808626636158023e-17
3.833559227539999847e+04 3.662252237965854440e-18 -3.494246665799134927e-18 1.081875114173084458e-17
3.837591997540000739e+04 1.031966307532390304e-18 -9.846250464598105460e-19 3.048557661524591346e-18
3.841624767539999448e+04 2.849178357359533736e-19 -2.718473097379372811e-19 8.416829812098440284e-19
3.845657537540000340e+04 7.707448064883179408e-20 -7.353871594284608081e-20 2.276876772405096930e-19
3.849690307539999776e+04 2.042859168510632378e-20 -1.949143835952570398e-20 6.034862172973834853e-20
3.853723077539999940e+04 5.305216347756280501e-21 -5.061841936929816105e-21 1.567227463244237711e-20
3.857755847540000104e+04 1.349909394498941989e-21 -1.287982954132314777e-21 3.987801743130198754e-21
3.861788617539999541e+04 3.365448811044502797e-22 -3.211060562487286630e-22 9.941958184576293635e-22
3.865821387539999705e+04 8.220878078291888843e-23 -7.843749652907381180e-23 2.428550580949116239e-22
3.869854157539999869e+04 1.967570369572093745e-23 -1.877309152275879303e-23 5.812449891420066499e-23
3.873886927540000033e+04 4.614016977281854783e-24 -4.402351521542436919e-24 1.363038547610614869e-23
3.877919697539999470e+04 1.060144221593807103e-24 -1.011510706603049140e-24 3.131799149790663713e-24
3.881952467540000362e+04 2.386643547564405405e-25 -2.277157645613032312e-25 7.050444740741843580e-25
3.885985237539999798e+04 5.264377429300933709e-26 -5.022877168153893345e-26 1.555163202675576134e-25
3.890018007539999962e+04 1.137740777524338244e-26 -1.085547584254080267e-26 3.361029139302756324e-26
3.894050777540000126e+04 2.409220093952910787e-27 -2.298698538295103360e-27 7.117138726200923498e-27
3.898083547539999563e+04 4.998578042308021837e-28 -4.769271226000469113e-28 1.476642731061651368e-27
3.902116317539999727e+04 1.016139479062004701e-28 -9.695246825143440557e-29 3.001803640638353682e-28
3.906149087539999891e+04 2.023937140872214615e-29 -1.931090226914750949e-29 5.978964508659180460e-29
3.910181857540000055e+04 3.949822348197873901e-30 -3.768626599348714739e-30 1.166827129574446324e-29
3.914214627539999492e+04 7.552573365777441352e-31 -7.206103565971274476e-31 2.231125029752615455e-30
3.918247397540000384e+04 1.414976379126491438e-31 -1.350065182486096039e-31 4.180017940739079354e-31
3.922280167539999820e+04 2.597408603383394440e-32 -2.478254035869570844e-32 7.673071242636359725e-32
3.926312937539999984e+04 4.671627504625529767e-33 -4.457319386617339114e-33 1.380057439586840070e-32
3.930345707540000149e+04 8.232523632090359681e-34 -7.854861536599228862e-34 2.431990880077994822e-33
3.934378477539999585e+04 1.421459900533875579e-34 -1.356251278543337851e-34 4.199171079611089437e-34
3.938411247540000477e+04 2.404767460367906845e-35 -2.294450193220159936e-35 7.103985113955973092e-35
3.942444017539999913e+04 3.986102003578700001e-36 -3.803241961887713845e-36 1.177544596904511318e-35
3.946476787540000078e+04 6.473819353901384216e-37 -6.176836769747485896e-37 1.912447547755025516e-36
3.950509557539999514e+04 1.030171646473378976e-37 -9.829131395056517970e-38 3.043256432452409540e-37
3.954542327540000406e+04 1.606184593420791460e-38 -1.532501837799568495e-38 4.744871024641150894e-38
3.958575097539999842e+04 2.453681375171514127e-39 -2.341120212743817898e-39 7.248482963086845501e-39
3.962607867540000007e+04 3.672634624100427870e-40 -3.504154712146219102e-40 1.084942396034707362e-39
3.966640637539999443e+04 5.386096490723277037e-41 -5.139012542899100409e-41 1.591120552434565448e-40
3.970673407539999607e+04 7.739401582229913991e-42 -7.384361174229205890e-42 2.286316433868903387e-41
3.974706177540000499e+04 1.089626060615728982e-42 -1.039640118312486959e-42 3.218892239543944924e-42
3.978738947539999208e+04 1.503088073507038238e-43 -1.434134809256296872e-43 4.440310956270373746e-43
3.982771717540000100e+04 2.031553310552853554e-44 -1.938357020400448980e-44 6.001463641506156337e-44
3.986804487540000264e+04 2.690350507581613632e-45 -2.566932291008173118e-45 7.947633306171401005e-45
3.990837257539999700e+04 3.490811146300236644e-46 -3.330672277857245375e-46 1.031229457045771827e-45
3.994870027539999865e+04 4.437932478953735813e-47 -4.234344987242141564e-47 1.311020994514961562e-46
3.998902797540000029e+04 5.528048873897799422e-48 -5.274452946172373830e-48 1.633055069396797328e-47
4.002935567539999465e+04 6.746832137750458841e-49 -6.437325258546492881e-49 1.993098953404740752e-48
4.006968337539999629e+04 8.067979448060588273e-50 -7.697865728122571612e-50 2.383382462424374816e-49
4.011001107540000521e+04 9.452931456469944372e-51 -9.019283893528916858e-51 2.792514680646880916e-50
4.015033877539999230e+04 1.085188247413591794e-51 -1.035405887203639054e-51 3.205782382030822494e-51
4.019066647540000122e+04 1.220620056931424977e-52 -1.164624843661495851e-52 3.605864957524345434e-52
4.023099417540000286e+04 1.345218308333209196e-53 -1.283507224986398430e-53 3.973943841652817054e-53
4.027132187539999723e+04 1.452586100642199410e-54 -1.385949584198483154e-54 4.291121785482882264e-54
4.031164957539999887e+04 1.536837136339322947e-55 -1.466335654148102059e-55 4.540009926826748315e-55
4.035197727540000051e+04 1.593127945446104877e-56 -1.520044156138029753e-56 4.706300047030239281e-56
4.039230497540000215e+04 1.618118460039322593e-57 -1.543888245858393708e-57 4.780125165937039176e-57
4.043263267539999651e+04 1.610300087517903104e-58 -1.536428536489192800e-58 4.757028711524998830e-58
4.047296037540000543e+04 1.570146472650508123e-59 -1.498116944629308298e-59 4.638409889930324985e-59
4.051328807539999252e+04 1.500065996378049047e-60 -1.431251368188009516e-60 4.431383360944107609e-60
4.055361577540000144e+04 1.404162635990176198e-61 -1.339747516957377083e-61 4.148072788937729480e-61
4.059394347540000308e+04 1.287838208146712304e-62 -1.228759402496779538e-62 3.804435818790204793e-62
4.063427117539999745e+04 1.157289589399651799e-63 -1.104199623361825555e-63 3.418778802161129692e-63
4.067459887539999909e+04 1.018965862004343999e-64 -9.722214140261203729e-65 3.010153138034808370e-64
4.071492657540000073e+04 8.790509942178244410e-66 -8.387250569106018601e-66 2.596827045346250847e-65
4.075525427540000237e+04 7.430282944445326679e-67 -7.089423169343256614e-67 2.194998905823390865e-66
4.079558197539999674e+04 6.153659783268281672e-68 -5.871364330260473016e-68 1.817868389679703883e-67
4.083590967539999838e+04 4.993424168015498856e-69 -4.764353828215078474e-69 1.475120216424607516e-68
4.087623737540000002e+04 3.970089371243546255e-70 -3.787963901684298926e-70 1.172814264417138886e-69
4.091656507540000166e+04 3.092708265831963388e-71 -2.950832128432116955e-71 9.136248660096042928e-71
4.095689277539999603e+04 2.360556904287427187e-72 -2.252267771622410938e-72 6.973381580197265060e-72
4.099722047539999767e+04 1.765333816111506555e-73 -1.684350185738687287e-73 5.215017817961700712e-73
4.103754817540000658e+04 1.293528655721102229e-74 -1.234188804200945844e-74 3.821246115643150301e-74
4.107787587539999367e+04 9.286714945021055958e-76 -8.860692464954397377e-76 2.743412235499650684e-75
4.111820357540000259e+04 6.532584308900518869e-77 -6.232905920471694951e-77 1.929807453827273499e-76
4.115853127539999696e+04 4.502407290524579104e-78 -4.295862055580397476e-78 1.330067663662955425e-77
4.119885897539999860e+04 3.040474615384506260e-79 -2.900994665381316476e-79 8.981943896150329595e-79
4.123918667540000024e+04 2.011753808103840122e-80 -1.919465808344424799e-80 5.942973424552104669e-80
4.127951437540000188e+04 1.304202804020443405e-81 -1.244373282346978571e-81 3.852778890387865615e-81
4.131984207539999625e+04 8.284232412179858735e-83 -7.904198217248873268e-83 2.447266304160859366e-82
4.136016977539999789e+04 5.155802426261157439e-84 -4.919283081221261348e-84 1.523088793374357440e-83
4.140049747540000681e+04 3.143960680704022616e-85 -2.999733369501476618e-85 9.287654730909522422e-85
4.144082517539999390e+04 1.878429035842390386e-86 -1.792257230072948517e-86 5.549115301757729290e-86
4.148115287540000281e+04 1.099636955585162802e-87 -1.049191769557098389e-87 3.248465680727423770e-87
4.152148057539999718e+04 6.307259624592550246e-89 -6.017917870958480154e-89 1.863243712014357995e-88
4.156180827539999882e+04 3.544613904947955137e-90 -3.382006867302838266e-90 1.047123467719874985e-89
4.160213597540000046e+04 1.951794153648622254e-91 -1.862256767087363219e-91 5.765845074384608273e-91
4.164246367540000210e+04 1.053018342168087552e-92 -1.004711757079409454e-92 3.110748441415584728e-92
4.168279137539999647e+04 5.566403784500078863e-94 -5.311048348335246115e-94 1.644385591733540384e-93
4.172311907539999811e+04 2.883037720605117041e-95 -2.750780093755483690e-95 8.516855534965717439e-95
4.176344677540000703e+04 1.463062199517590431e-96 -1.395945098323018173e-96 4.322069497358199450e-96
4.180377447539999412e+04 7.274649983915395317e-98 -6.940929777565750756e-98 2.149022974539654529e-97
4.184410217540000303e+04 3.544037120972228351e-99 -3.381456542946269164e-99 1.046953078489072505e-98
4.188442987539999740e+04 1.691691897653182195e-100 -1.614086546136158229e-100 4.997470341442522873e-100
4.192475757539999904e+04 7.911906088600876353e-102 -7.548952140528399766e-102 2.337276431773015564e-101
4.196508527540000068e+04 3.625582779865785783e-103 -3.459261343630409356e-103 1.071042690336198092e-102
4.200541297539999505e+04 1.627838720210436131e-104 -1.553162594924155837e-104 4.808840035345028098e-104
4.204574067540000397e+04 7.161133513686995704e-106 -6.832620807347966912e-106 2.115488783472195735e-105
4.208606837539999833e+04 3.086661567832501015e-107 -2.945062819078114477e-107 9.118385954743115903e-107
4.212639607539999997e+04 1.303566243114665032e-108 -1.243765923291091098e-108 3.850898409520420406e-108
4.216672377539999434e+04 5.394038523843482486e-110 -5.146590240666255638e-110 1.593466728835322061e-109
4.220705147540000326e+04 2.186914627462057974e-111 -2.086591230135798708e-111 6.460420485059914287e-111
4.224737917539999762e+04 8.687332865349719475e-113 -8.288806678816587009e-113 2.566347240951602365e-112
4.228770687539999926e+04 3.381255139279846053e-114 -3.226142087064785834e-114 9.988652365624478300e-114
4.232803457540000090e+04 1.289455236175633971e-115 -1.230302250334866459e-115 3.809212722686134625e-115
4.236836227539999527e+04 4.818051578290130665e-117 -4.597026350895583211e-117 1.423312950747584384e-116
4.240868997540000419e+04 1.763897996911240076e-118 -1.682980233883381159e-118 5.210776227705861530e-118
4.244901767539999855e+04 6.327211275739924320e-120 -6.036954252071886342e-120 1.869137680355173567e-119
4.248934537540000019e+04 2.223760712638360952e-121 -2.121747023246472140e-121 6.569268448523193614e-121
4.252967307539999456e+04 7.657740008197470468e-123 -7.306445776673095831e-123 2.262192579306803408e-122
4.257000077540000348e+04 2.583747257650027492e-124 -2.465219401342855642e-124 7.632713916642912304e-124
4.261032847539999784e+04 8.541542130691188017e-126 -8.149704006698724333e-126 2.523278826808109906e-125
4.265065617539999948e+04 2.766682947723296497e-127 -2.639763026316771000e-127 8.173128921763363995e-127
4.269098387540000112e+04 8.780502009901623107e-129 -8.377701744723729056e-129 2.593870576452697399e-128
4.273131157539999549e+04 2.730336326098866910e-130 -2.605083784167013151e-130 8.065756436364747771e-130
4.277163927540000441e+04 8.318591446068514443e-132 -7.936981051058614608e-132 2.457416394319564475e-131
4.281196697539999877e+04 2.483249120812737717e-133 -2.369331556277333372e-133 7.335829797902808025e-133
4.285229467540000041e+04 7.263193809079549277e-135 -6.929999147881642835e-135 2.145638676604074017e-134
4.289262237540000206e+04 2.081477989161142883e-136 -1.985991434399738266e-136 6.148947412722024795e-136
4.293295007539999642e+04 5.844573975085925586e-138 -5.576457664446756797e-138 1.726560561461860797e-137
4.297327777539999806e+04 1.607943351630476453e-139 -1.534176874322561518e-139 4.750063577583514610e-139
4.301360547539999970e+04 4.334364953405271646e-141 -4.125889241738486256e-141 1.279461914854903071e-140
4.305393317540000135e+04 1.144766877626583582e-142 1.144766877626583582e-142 1.144766877626583582e-142
4.309426087539999571e+04 2.962412158850487250e-144 2.962412158850487250e-144 2.962412158850487250e-144
4.313458857540000463e+04 7.511224718062547945e-146 7.511224718062547945e-146 7.511224718062547945e-146
4.317491627539999172e+04 1.866005314159893061e-147 1.866005314159893061e-147 1.866005314159893061e-147
4.321524397540000064e+04 4.542049307670204854e-149 4.542049307670204854e-149 4.542049307670204854e-149
4.325557167540000228e+04 1.083247412030716482e-150 1.083247412030716482e-150 1.083247412030716482e-150
4.329589937539999664e+04 2.531280788810190273e-152 2.531280788810190273e-152 2.531280788810190273e-152
4.333622707539999828e+04 5.795485629439227797e-154 5.795485629439227797e-154 5.795485629439227797e-154
4.337655477539999993e+04 1.300098301224339711e-155 1.300098301224339711e-155 1.300098301224339711e-155
4.341688247540000157e+04 2.857586566915197290e-157 2.857586566915197290e-157 2.857586566915197290e-157
4.345721017539999593e+04 6.154027715363593071e-159 6.154027715363593071e-159 6.154027715363593071e-159
4.349753787540000485e+04 1.298543035346506067e-160 1.298543035346506067e-160 1.298543035346506067e-160
4.353786557539999194e+04 2.684664957328986845e-162 2.684664957328986845e-162 2.684664957328986845e-162
4.357819327540000086e+04 5.438269028385317503e-164 5.438269028385317503e-164 5.438269028385317503e-164
4.361852097540000250e+04 1.079364498390423312e-165 1.079364498390423312e-165 1.079364498390423312e-165
4.365884867539999686e+04 2.098999901399847783e-167 2.098999901399847783e-167 2.098999901399847783e-167
4.369917637539999851e+04 3.999388138055624001e-169 3.999388138055624001e-169 3.999388138055624001e-169
4.373950407540000015e+04 7.466404893991910184e-171 7.466404893991910184e-171 7.466404893991910184e-171
4.377983177540000179e+04 1.365734776054098490e-172 1.365734776054098490e-172 1.365734776054098490e-172
4.382015947539999615e+04 2.447699200670001220e-174 2.447699200670001220e-174 2.447699200670001220e-174
4.386048717540000507e+04 4.298199519271705101e-176 4.298199519271705101e-176 4.298199519271705101e-176
4.390081487539999944e+04 7.395234396709673497e-178 7.395234396709673497e-178 7.395234396709673497e-178
