2.018009999999999859e+00 2.375960531778942540e-198 2.375960531778942540e-198 2.375960531778942540e-198
2.023009999999999753e+00 1.393286301818903795e-196 1.393286301818903795e-196 1.393286301818903795e-196
2.028009999999999646e+00 8.005315798676400946e-195 8.005315798676400946e-195 8.005315798676400946e-195
2.033009999999999984e+00 4.506646902423929079e-193 4.506646902423929079e-193 4.506646902423929079e-193
2.038009999999999877e+00 2.485796447899572252e-191 2.485796447899572252e-191 2.485796447899572252e-191
2.043009999999999771e+00 1.343428531148594004e-189 1.343428531148594004e-189 1.343428531148594004e-189
2.048009999999999664e+00 7.113781988823666319e-188 7.113781988823666319e-188 7.113781988823666319e-188
2.053010000000000002e+00 3.690825581125846355e-186 3.690825581125846355e-186 3.690825581125846355e-186
2.058009999999999895e+00 1.876218811081338387e-184 1.876218811081338387e-184 1.876218811081338387e-184
2.063009999999999788e+00 9.345024631291362083e-183 9.345024631291362083e-183 9.345024631291362083e-183
2.068009999999999682e+00 4.560520614971486559e-181 4.560520614971486559e-181 4.560520614971486559e-181
2.073010000000000019e+00 2.180647221141166658e-179 2.180647221141166658e-179 2.180647221141166658e-179
2.078009999999999913e+00 1.021629503212702090e-177 1.021629503212702090e-177 1.021629503212702090e-177
2.083009999999999806e+00 4.689628860263552083e-176 4.689628860263552083e-176 4.689628860263552083e-176
2.088009999999999700e+00 2.109213606239559140e-174 2.109213606239559140e-174 2.109213606239559140e-174
2.093010000000000037e+00 9.294792682320327336e-173 9.294792682320327336e-173 9.294792682320327336e-173
2.098009999999999931e+00 4.013247219878282203e-171 4.013247219878282203e-171 4.013247219878282203e-171
2.103009999999999824e+00 1.697810414862600694e-169 1.697810414862600694e-169 1.697810414862600694e-169
2.108009999999999717e+00 7.037518640467722027e-168 7.037518640467722027e-168 7.037518640467722027e-168
2.113010000000000055e+00 2.858163178351364693e-166 2.858163178351364693e-166 2.858163178351364693e-166
2.118009999999999948e+00 1.137343345636059780e-164 1.137343345636059780e-164 1.137343345636059780e-164
2.123009999999999842e+00 4.434383856053404913e-163 4.434383856053404913e-163 4.434383856053404913e-163
2.128009999999999735e+00 1.693994960977682730e-161 -1.656376141561285061e-161 5.044366063516650718e-161
2.133010000000000073e+00 6.340566975139945051e-160 -6.150293886844504616e-160 1.883142783712439472e-159
2.138009999999999966e+00 2.325312039787157952e-158 -2.255465755417182721e-158 6.906089834991498625e-158
2.143009999999999859e+00 8.355483150984221454e-157 -8.104225677793783574e-157 2.481519197976222390e-156
2.148009999999999753e+00 2.941704830100856507e-155 -2.853141189395516165e-155 8.736550849597229178e-155
2.153010000000000090e+00 1.014761157518940164e-153 -9.841729589692991380e-154 3.013695274007179333e-153
2.158009999999999984e+00 3.429776425907071097e-152 -3.326258516330039295e-152 1.018581136814418149e-151
2.163009999999999877e+00 1.135808305842332920e-150 -1.101480860805586371e-150 3.373097472490252211e-150
2.168009999999999771e+00 3.685373793420541889e-149 -3.573833146915822670e-149 1.094458073375690558e-148
2.173009999999999664e+00 1.171643105662395963e-147 -1.136129736445408635e-147 3.479415947770200560e-147
2.178010000000000002e+00 3.649609990575267968e-146 -3.538815274404891685e-146 1.083803525555542718e-145
2.183009999999999895e+00 1.113871040986372596e-144 -1.080000966794786613e-144 3.307743048767531664e-144
2.188009999999999788e+00 3.330893406227719458e-143 -3.229435777372475107e-143 9.891222589827914933e-143
2.193009999999999682e+00 9.759418639223390470e-142 -9.461617516045865631e-142 2.898045479449264803e-141
2.198010000000000019e+00 2.801719026006279503e-140 -2.716066004853132903e-140 8.319504056865691442e-140
2.203009999999999913e+00 7.880661213855319063e-139 -7.639262189346356173e-139 2.340058461705699430e-138
2.208009999999999806e+00 2.171891937100404398e-137 -2.105225596547116263e-137 6.449009470747924583e-137
2.213009999999999700e+00 5.864773937832106853e-136 -5.684365067003649668e-136 1.741391294266786337e-135
2.218010000000000037e+00 1.551678995486814471e-134 -1.503838982607677692e-134 4.607196973581306879e-134
2.223009999999999931e+00 4.022444511313664246e-133 -3.898133712876644582e-133 1.194302273550397307e-132
2.228009999999999824e+00 1.021682264547643454e-131 -9.900294222579605176e-132 3.033393951353247550e-131
2.233009999999999717e+00 2.542607346315977573e-130 -2.463629539993701512e-130 7.548844232625655858e-130
2.238010000000000055e+00 6.199839271604593187e-129 -6.006736634708038188e-129 1.840641517791722584e-128
2.243009999999999948e+00 1.481219075451915088e-127 -1.434952803720488039e-127 4.397390954624318419e-127
2.248009999999999842e+00 3.467336077495082023e-126 -3.358709415764045841e-126 1.029338157075420923e-125
2.253009999999999735e+00 7.952623154032814566e-125 -7.702699967713914570e-125 2.360794627577954475e-124
2.258009999999999629e+00 1.787157135959150062e-123 -1.730809266089449304e-123 5.305123538007749765e-123
2.263009999999999966e+00 3.935074856181422422e-122 -3.810579818734268125e-122 1.168072953109711351e-121
2.268009999999999859e+00 8.489482804453138061e-121 -8.219936735608685815e-121 2.519890234451496194e-120
2.273009999999999753e+00 1.794516682192194129e-119 -1.737326256613192485e-119 5.326359620997580468e-119
2.278010000000000090e+00 3.716651652510565799e-118 -3.597739550634961544e-118 1.103104285565609358e-117
2.283009999999999984e+00 7.542136181133858200e-117 -7.299841254114855027e-117 2.238411361638257143e-116
2.288009999999999877e+00 1.499598853171589883e-115 -1.451217126673477747e-115 4.450414833016657287e-115
2.293009999999999771e+00 2.921420793316754505e-114 -2.826744659385631544e-114 8.669586246019139832e-114
2.298009999999999664e+00 5.576368826855856053e-113 -5.394806717745344240e-113 1.654754437145705519e-112
2.303010000000000002e+00 1.042911121839741428e-111 -1.008788765700535308e-111 3.094611009380018164e-111
2.308009999999999895e+00 1.911092110034663186e-110 -1.848244968376191983e-110 5.670429188445518651e-110
2.313009999999999788e+00 3.431267173445931829e-109 -3.317826574056935616e-109 1.018036092094879975e-108
2.318009999999999682e+00 6.036234923353060643e-108 -5.835560607121731493e-108 1.790803045382785202e-107
2.323010000000000019e+00 1.040438718561856536e-106 -1.005648328515985590e-106 3.086525765639698541e-106
2.328009999999999913e+00 1.757137497773246350e-105 -1.698025579524384430e-105 5.212300575070877129e-105
2.333009999999999806e+00 2.907595299475658642e-104 -2.809161744486404547e-104 8.624352343437721832e-104
2.338009999999999700e+00 4.714126637037519846e-103 -4.553481401555199792e-103 1.398173467563023948e-102
2.343010000000000037e+00 7.488722160602938244e-102 -7.231769349260591577e-102 2.220921367046646806e-101
2.348009999999999931e+00 1.165610615147264590e-100 -1.125329257079005232e-100 3.456550487373534412e-100
2.353009999999999824e+00 1.777619043715300426e-99 -1.715728474692992832e-99 5.270966562123593887e-99
2.358009999999999717e+00 2.656216359926403466e-98 -2.563015699407812143e-98 7.875448419260619074e-98
2.363010000000000055e+00 3.888909952821810696e-97 -3.751349938839036019e-97 1.152916984448265689e-96
2.368009999999999948e+00 5.578689053053881771e-96 -5.379691032731588813e-96 1.653706913883935069e-95
2.373009999999999842e+00 7.841089285927946001e-95 -7.558930688722979482e-95 2.324110926057887148e-94
2.378009999999999735e+00 1.079843390261968349e-93 -1.040630350779180446e-93 3.200317131303117358e-93
2.383009999999999629e+00 1.457086866047205001e-92 -1.403671631162150523e-92 4.317845363256560355e-92
2.388009999999999966e+00 1.926418223023111602e-91 -1.855099765393820805e-91 5.707936211440043737e-91
2.393009999999999859e+00 2.495493002771703209e-90 -2.402157760043547720e-90 7.393143765586953701e-90
2.398009999999999753e+00 3.167400402989190859e-89 -3.047670935582705216e-89 9.382471741561086236e-89
2.403010000000000090e+00 3.939041975133507424e-88 -3.788494718384576494e-88 1.166657866865159190e-87
2.408009999999999984e+00 4.799759610954334604e-87 -4.614207561447407326e-87 1.421372678335607743e-86
2.413009999999999877e+00 5.730464406671772109e-86 -5.506290817600090925e-86 1.696721963094363443e-85
2.418009999999999771e+00 6.703503400760721112e-85 -6.438022351611558652e-85 1.984502915313300202e-84
2.423009999999999664e+00 7.683441163959942047e-84 -7.375251877046775107e-84 2.274213420496666103e-83
2.428010000000000002e+00 8.628829308065744985e-83 -8.278125129234823155e-83 2.553578374536631459e-82
2.433009999999999895e+00 9.494900569523955624e-82 -9.103692240779005023e-82 2.809349337982691393e-81
2.438009999999999788e+00 1.023697576805577277e-80 -9.809193048826886359e-81 3.028314458493843191e-80
2.443009999999999682e+00 1.081423815824867713e-79 -1.035568415532904901e-79 3.198416047182640177e-79
2.448010000000000019e+00 1.119343773462519808e-78 -1.071158556570427193e-78 3.309846103495467050e-78
2.453009999999999913e+00 1.135205973600599427e-77 -1.085569944205829225e-77 3.355981891407027887e-77
2.458009999999999806e+00 1.128053775208235827e-76 -1.077930000869595086e-76 3.334037551286066893e-76
2.463009999999999700e+00 1.098320890630978451e-75 -1.048700810847078123e-75 3.245342592109035024e-75
2.468010000000000037e+00 1.047787847769734011e-74 -9.996328525228855946e-75 3.095208548062353419e-74
2.473009999999999931e+00 9.794054736574816861e-74 -9.335914497092746141e-74 2.892402397024238144e-73
2.478009999999999824e+00 8.970097347642460000e-73 -8.542798697944243464e-73 2.648299339322916346e-72
2.483009999999999717e+00 8.049662423378329471e-72 -7.658962683571546212e-72 2.375828753032820515e-71
2.488010000000000055e+00 7.077901338694037970e-71 -6.727685716289856726e-71 2.088348839367793347e-70
2.493009999999999948e+00 6.097869565364315345e-70 -5.790110609223522900e-70 1.798584973995215488e-69
2.498009999999999842e+00 5.147531725808056253e-69 -4.882394690669125916e-69 1.517745814228523842e-68
2.503009999999999735e+00 4.257628052843187225e-68 -4.033696120470092709e-68 1.254895222615646633e-67
2.508009999999999629e+00 3.450521395284788516e-67 -3.265104747945609034e-67 1.016614753851518607e-66
2.513009999999999966e+00 2.740000292275615268e-66 -2.589488923782247903e-66 8.069489508333477912e-66
2.518009999999999859e+00 2.131895722593205859e-65 -2.012117386146251791e-65 6.275908831332663931e-65
2.523009999999999753e+00 1.625291954911745201e-64 -1.531842702244518156e-64 4.782426612068008557e-64
2.528010000000000090e+00 1.214080640859404788e-63 -1.142604377195260276e-63 3.570765658914069717e-63
2.533009999999999984e+00 8.886179398369235426e-63 -8.350215107261783400e-63 2.612257390400025641e-62
2.538009999999999877e+00 6.372864992620977120e-62 -5.978864195256868509e-62 1.872459418049882275e-61
2.543009999999999771e+00 4.478238260768274884e-61 -4.194286552744431036e-61 1.315076307428098011e-60
2.548009999999999664e+00 3.083424243431461243e-60 -2.882803147067873186e-60 9.049651633930795120e-60
2.553010000000000002e+00 2.080241643373574411e-59 -1.941281031120590287e-59 6.101764317867739109e-59
2.558009999999999895e+00 1.375148348771663698e-58 -1.280788375045227789e-58 4.031085072588555009e-58
2.563009999999999788e+00 8.907205336637528264e-58 -8.279056525991892322e-58 2.609346719926695026e-57
2.568010000000000126e+00 5.653149214935002002e-57 -5.243215837075883414e-57 1.654951426694588742e-56
2.573010000000000019e+00 3.515583951925590625e-56 -3.253320897954438231e-56 1.028448880180561993e-55
2.578009999999999913e+00 2.142217434376359718e-55 -1.977730711095367995e-55 6.262165579848087431e-55
2.583009999999999806e+00 1.279056517595799838e-54 -1.177923951052427736e-54 3.736036986244027411e-54
2.588009999999999700e+00 7.483023955451184621e-54 -6.873467491002636959e-54 2.183951540190500852e-53
2.593010000000000037e+00 4.289699854399570111e-53 -3.929539726487187043e-53 1.250893943528632634e-52
2.598009999999999931e+00 2.409573918397830200e-52 -2.200965459209886983e-52 7.020113296005547012e-52
2.603009999999999824e+00 1.326228750798056509e-51 -1.207783298964172827e-51 3.860240800560285697e-51
2.608009999999999717e+00 7.152580872125593389e-51 -6.493330405925393519e-51 2.079849215017657911e-50
2.613010000000000055e+00 3.779850670345138724e-50 -3.420164875480972518e-50 1.097986621617124949e-49
2.618009999999999948e+00 1.957291316092206409e-49 -1.764923712468249770e-49 5.679506344652662208e-49
2.623009999999999842e+00 9.931314901158934710e-49 -8.922825707310383626e-49 2.878545550962825305e-48
2.628009999999999735e+00 4.937760859136419503e-48 -4.419514887369337814e-48 1.429503660564217561e-47
2.633009999999999629e+00 2.405619834956784732e-47 -2.144571720926034364e-47 6.955811390839603827e-47
2.638009999999999966e+00 1.148416113255627262e-46 -1.019526012410101545e-46 3.316358238921356069e-46
2.643009999999999859e+00 5.372156588543259783e-46 -4.748382586050226455e-46 1.549269576313674758e-45
2.648009999999999753e+00 2.462504270482751319e-45 -2.166609083229737336e-45 7.091617624195239974e-45
2.653010000000000090e+00 1.106079084217191433e-44 -9.685021636910942148e-45 3.180660332125477206e-44
2.658009999999999984e+00 4.868309927346874034e-44 -4.241343388990944138e-44 1.397796324368469320e-43
2.663009999999999877e+00 2.099690004671555680e-43 -1.819644756560643568e-43 6.019024765903754929e-43
2.668009999999999771e+00 8.873995857126371157e-43 -7.647994294458362435e-43 2.539598600871110475e-42
2.673009999999999664e+00 3.675128937383518500e-42 -3.149079382814814866e-42 1.049933725758185123e-41
2.678010000000000002e+00 1.491480511819774541e-41 -1.270258211679735279e-41 4.253219235319284360e-41
2.683009999999999895e+00 5.931392238288682750e-41 -5.019609192050253505e-41 1.688239366862761900e-40
2.688009999999999788e+00 2.311491337060192867e-40 -1.943185846088499156e-40 6.566168520208884481e-40
2.693010000000000126e+00 8.827283159722121516e-40 -7.369232481339099819e-40 2.502379880078334285e-39
2.698010000000000019e+00 3.303419291756930034e-39 -2.737729387062721648e-39 9.344567970576581716e-39
2.703009999999999913e+00 1.211448584677319823e-38 -9.963590755956364986e-39 3.419256244950276145e-38
2.708009999999999806e+00 4.353652914355786281e-38 -3.552180468752592722e-38 1.225948629746416424e-37
2.713009999999999700e+00 1.533250567357791369e-37 -1.240579306848897322e-37 4.307080441564480268e-37
2.718010000000000037e+00 5.291588524609326807e-37 -4.244249731664391588e-37 1.482742678088304437e-36
2.723009999999999931e+00 1.789681650480320437e-36 -1.422396462404777295e-36 5.001759763365418502e-36
2.728009999999999824e+00 5.931787448281334072e-36 -4.669604818500752172e-36 1.653317971506341898e-35
2.733009999999999717e+00 1.926721053942863260e-35 -1.501674056398965652e-35 5.355116164284692439e-35
2.738010000000000055e+00 6.133086161032623696e-35 -4.730462886338831998e-35 1.699663520840407939e-34
2.743009999999999948e+00 1.913241731594454102e-34 -1.459689004982320428e-34 5.286172468171228846e-34
2.748009999999999842e+00 5.849178546465357808e-34 -4.412067129925448973e-34 1.611042422285616544e-33
2.753009999999999735e+00 1.752499750052184320e-33 -1.306307300782948149e-33 4.811306800887316789e-33
2.758009999999999629e+00 5.145919672788205822e-33 -3.788493404123050925e-33 1.408033274969946325e-32
2.763009999999999966e+00 1.480859954763337921e-32 -1.076222949452776210e-32 4.037942858979451779e-32
2.768009999999999859e+00 4.176524344379068736e-32 -2.994671952287171548e-32 1.134772064104530847e-31
2.773009999999999753e+00 1.154437095038400122e-31 -8.162149377493751622e-32 3.125089127826175406e-31
2.778010000000000090e+00 3.127404340017416633e-31 -2.179040841716918300e-31 8.433849521751751128e-31
2.783009999999999984e+00 8.303489957776533029e-31 -5.698091009059387114e-31 2.230507092461245317e-30
2.788009999999999877e+00 2.160750443875836987e-30 -1.459468243133850500e-30 5.780969130885524473e-30
2.793009999999999771e+00 5.510872940379316301e-30 -3.661506390652912251e-30 1.468325227141154485e-29
2.798009999999999664e+00 1.377566662685051308e-29 -8.997546542713678540e-30 3.654887979641470471e-29
2.803010000000000002e+00 3.375094640982962464e-29 -2.165646821345646729e-29 8.915836103311571097e-29
2.808009999999999895e+00 8.104852551708098650e-29 -5.105654105659134206e-29 2.131535920907533151e-28
2.813009999999999788e+00 1.907633298036582976e-28 -1.179009965625333675e-28 4.994276561698499403e-28
2.818010000000000126e+00 4.400885938975336123e-28 -2.666792886600062304e-28 1.146856476455073455e-27
2.823010000000000019e+00 9.951433418642600606e-28 -5.908424973947208855e-28 2.581129181123240827e-27
2.828009999999999913e+00 2.205648898240194478e-27 -1.282246228296335807e-27 5.693544024776725122e-27
2.833009999999999806e+00 4.791784245523383895e-27 -2.725819246661203399e-27 1.230938773770797191e-26
2.838009999999999700e+00 1.020406465957517583e-26 -5.676224255272501323e-27 2.608435357442285299e-26
2.843010000000000037e+00 2.129948807483619260e-26 -1.157903781988023119e-26 5.417801396955261064e-26
2.848009999999999931e+00 4.358028716708090461e-26 -2.313941452847757250e-26 1.102999888626393760e-25
2.853009999999999824e+00 8.740593020755404259e-26 -4.530217862866068623e-26 2.201140390437687714e-25
2.858009999999999717e+00 1.718408891710817220e-25 -8.689528603491441938e-26 4.305770643770778403e-25
2.863010000000000055e+00 3.311706259116799877e-25 -1.633094993974244685e-25 8.256507512207843980e-25
2.868009999999999948e+00 6.256358748444050910e-25 -3.007440117447105588e-25 1.552015761433520741e-24
2.873009999999999842e+00 1.158619489754802258e-24 -5.427376516211022115e-25 2.859976631130706728e-24
2.878009999999999735e+00 2.103362558331997190e-24 -9.599148330894496265e-25 5.166639949753444007e-24
2.883009999999999629e+00 3.743228175653946304e-24 -1.664076044541103592e-24 9.150532395848995465e-24
2.888009999999999966e+00 6.530433431102612353e-24 -2.827906527706035633e-24 1.588877338991126107e-23
2.893009999999999859e+00 1.116878451502488892e-23 -4.711594701956824923e-24 2.704916373200660276e-23
2.898009999999999753e+00 1.872589788487062646e-23 -7.697455519154081413e-24 4.514925128889533433e-23
2.903010000000000090e+00 3.077916635967194911e-23 -1.233314389199160386e-23 7.389147661133549620e-23
2.908009999999999984e+00 4.959674445984914294e-23 -1.938312402813457439e-23 1.185766129478328485e-22
2.913009999999999877e+00 7.834951513664420071e-23 -2.988666130367352642e-23 1.865856915769619278e-22
2.918009999999999771e+00 1.213419868420646196e-22 -4.521870374723788200e-23 2.879026774313671212e-22
2.923009999999999664e+00 1.842394095023481802e-22 -6.714767535690910011e-23 4.356264943616054369e-22
2.928010000000000002e+00 2.742558317512815451e-22 -9.788156536846502821e-23 6.463932288710281185e-22
2.933009999999999895e+00 4.002550000762535172e-22 -1.400910291820310631e-22 9.406010293345381445e-22
2.938009999999999788e+00 5.727055715037455304e-22 -1.968958965155619601e-22 1.342307039523052927e-21
2.943010000000000126e+00 8.034275729865913223e-22 -2.717999995352895544e-22 1.878655145508472199e-21
2.948010000000000019e+00 1.105072270641946556e-21 -3.685591709339017921e-22 2.578703712217794905e-21
2.953009999999999913e+00 1.490296053296876637e-21 -4.909692610008010205e-22 3.471561367594554295e-21
2.958009999999999806e+00 1.970622511712924472e-21 -6.425657194994832075e-22 4.583810742925332527e-21
2.963009999999999700e+00 2.555034860934555160e-21 -8.262341998212136375e-22 5.936303921690324334e-21
2.968010000000000037e+00 3.248398881808397104e-21 -1.043742994717849030e-21 7.540540758334643613e-21
2.973009999999999931e+00 4.049876441115823548e-21 -1.295222610864229664e-21 9.394975493095876761e-21
2.978009999999999824e+00 4.951539926407273506e-21 -1.578634379502164953e-21 1.148171423231671272e-20
2.983009999999999717e+00 5.937425592191157100e-21 -1.889286697923622864e-21 1.376413788230593631e-20
2.988010000000000055e+00 6.983256958801126340e-21 -2.219471400076417792e-21 1.618598531767867198e-20
2.993009999999999948e+00 8.057020396677623994e-21 -2.558300352035556884e-21 1.867234114539080487e-20
2.998009999999999842e+00 9.120483404863724531e-21 -2.891820185424474478e-21 2.113278699515192505e-20
3.003009999999999735e+00 1.013162037716960389e-20 -3.203468609109373024e-21 2.346670936344858080e-20
3.008009999999999629e+00 1.104776831253153624e-20 -3.474908426836099866e-21 2.557044505189917235e-20
3.013009999999999966e+00 1.182920011235308888e-20 -3.687237384021012024e-21 2.734563760872719129e-20
3.018009999999999859e+00 1.244270231703165223e-20 -3.822528224358477284e-21 2.870793285842178476e-20
3.023010000000000197e+00 1.286470064286306749e-20 -3.865610791956739318e-21 2.959501207768287280e-20
3.028010000000000090e+00 1.308350496364362630e-20 -3.805973694451431438e-21 2.997298362173868705e-20
3.033009999999999984e+00 1.310034695757459256e-20 -3.639641153362003850e-21 2.984033506851119198e-20
3.038009999999999877e+00 1.292904553683929967e-20 -3.370868773954239200e-21 2.922895984763283703e-20
3.043009999999999771e+00 1.259433161508105854e-20 -3.013486293870920748e-21 2.820214952403303633e-20
3.048009999999999664e+00 1.212906086437327526e-20 -2.591665604928689852e-21 2.684978733367524037e-20
3.053009999999999557e+00 1.157070561756345306e-20 -2.139759720020612891e-21 2.528117095514751902e-20
3.058009999999999895e+00 1.095761559681815428e-20 -1.700594988191770668e-21 2.361582618182807922e-20
3.063009999999999788e+00 1.032555422708318191e-20 -1.321251099155465079e-21 2.197235955332182890e-20
3.068010000000000126e+00 9.704950879815244945e-21 -1.045311026252776736e-21 2.045521278588326663e-20
3.073010000000000019e+00 9.119173083216183917e-21 -9.017440935340522584e-22 1.914009025996641859e-20
3.078009999999999913e+00 8.583942754136713078e-21 -8.937661624662883755e-22 1.806165167073971453e-20
3.083009999999999806e+00 8.107830252232759618e-21 -9.943006068503843626e-22 1.720996111131590510e-20
3.088009999999999700e+00 7.693593477853013741e-21 -1.153008642586894369e-21 1.654019559829292185e-20
3.093009999999999593e+00 7.340014452054170097e-21 -1.312313538482391257e-21 1.599234244259073145e-20
3.098009999999999931e+00 7.043840223248824971e-21 -1.424232164121892097e-21 1.551191261061954204e-20
3.103009999999999824e+00 6.801462603312920778e-21 -1.461848201868509505e-21 1.506477340849434956e-20
3.108010000000000161e+00 6.610062863629761076e-21 -1.424488008033501997e-21 1.464461373529302340e-20
3.113010000000000055e+00 6.468082850174958965e-21 -1.338075142118614935e-21 1.427424084246853211e-20
3.118009999999999948e+00 6.375035888699042289e-21 -1.250996456994433844e-21 1.400106823439251692e-20
3.123009999999999842e+00 6.330810461799253920e-21 -1.223615455989830252e-21 1.388523637958833809e-20
3.128009999999999735e+00 6.334721427244418367e-21 -1.310084056032978924e-21 1.397952691052181415e-20
3.133009999999999629e+00 6.384609695657513975e-21 -1.537387954039259301e-21 1.430660734535428800e-20
3.138009999999999966e+00 6.476274581201181581e-21 -1.893620761446107676e-21 1.484616992384847084e-20
3.143009999999999859e+00 6.603447890625263226e-21 -2.333120230902246305e-21 1.554001601215277351e-20
3.148010000000000197e+00 6.758400271438505440e-21 -2.792559543898301426e-21 1.630936008677531080e-20
3.153010000000000090e+00 6.933131262176157540e-21 -3.206743550037098103e-21 1.707300607438941469e-20
3.158009999999999984e+00 7.120961366756474605e-21 -3.518700440241052982e-21 1.776062317375400219e-20
3.163009999999999877e+00 7.318242591348372277e-21 -3.684827487787639032e-21 1.832131267048438509e-20
3.168009999999999771e+00 7.525852686828666115e-21 -3.677570999501534083e-21 1.872927637315886481e-20
3.173009999999999664e+00 7.750147914148678372e-21 -3.487436082741466834e-21 1.898773191103882207e-20
3.178009999999999557e+00 8.003118435908478821e-21 -3.125073003456139664e-21 1.913130987527309731e-20
3.183009999999999895e+00 8.301607598675798598e-21 -2.623173688552151909e-21 1.922638888590375061e-20
3.188009999999999788e+00 8.665601207736729968e-21 -2.036593688017289530e-21 1.936779610349074947e-20
3.193010000000000126e+00 9.115740807290945108e-21 -1.437410141569364076e-21 1.966889175615125279e-20
3.198010000000000019e+00 9.670341616947158391e-21 -9.010845120178607611e-22 2.024176774591217905e-20
3.203009999999999913e+00 1.034228141238933894e-20 -4.843074467615026402e-22 2.116887027154017901e-20
3.208009999999999806e+00 1.113615934999435350e-20 -2.049975187686113951e-22 2.247731621875731990e-20
3.213009999999999700e+00 1.204610082212818596e-20 -3.903043655191176652e-23 2.413123208080828369e-20
3.218009999999999593e+00 1.305451193956477298e-20 6.383900043609430243e-23 2.604518487869345317e-20
3.223009999999999931e+00 1.413197790873645136e-20 1.572809634857018455e-22 2.810667485398719786e-20
3.228009999999999824e+00 1.523836985682755923e-20 2.814753724923176270e-22 3.019526434116280084e-20
3.233010000000000161e+00 1.632509162070315594e-20 4.556434059181384141e-22 3.219453983548817648e-20
3.238010000000000055e+00 1.733827680910719859e-20 6.779267159553922576e-22 3.399862690225900793e-20
3.243009999999999948e+00 1.822264879739450395e-20 9.296189787648335738e-22 3.551567861602417433e-20
3.248009999999999842e+00 1.892569006788647832e-20 1.181574547627627556e-21 3.666980558814533209e-20
3.253009999999999735e+00 1.940173677176601509e-20 1.401317046897986833e-21 3.740215649663404335e-20
3.258009999999999629e+00 1.961562097467056714e-20 1.559695780007824787e-21 3.767154616933330949e-20
3.263009999999999966e+00 1.954552578335814434e-20 1.636132706117004005e-21 3.745491886059928468e-20
3.268009999999999859e+00 1.918479414968256560e-20 1.621777094308572260e-21 3.674781120505656194e-20
3.273010000000000197e+00 1.854253469230993002e-20 1.520295633133209646e-21 3.556477375148665039e-20
3.278010000000000090e+00 1.764298840378537044e-20 1.346497632124436738e-21 3.393947917544630715e-20
3.283009999999999984e+00 1.652374657631748798e-20 1.123392940353681800e-21 3.192410021228129416e-20
3.288009999999999877e+00 1.523302830693966409e-20 8.784920469782594732e-22 2.958756456690107172e-20
3.293009999999999771e+00 1.382632052093766319e-20 6.401462650521899635e-22 2.701249477682313792e-20
3.298009999999999664e+00 1.236274138824830277e-20 4.345288185587435157e-22 2.429095395793786353e-20
3.303009999999999557e+00 1.090150058341445566e-20 2.835490609291176126e-22 2.151945210589979522e-20
3.308009999999999895e+00 9.498794946196118201e-21 2.036344708205909187e-22 1.879395542157164548e-20
3.313009999999999788e+00 8.205401158444109046e-21 2.049249623665856844e-22 1.620587735452163241e-20
3.318010000000000126e+00 7.065120329643656737e-21 2.899585480543779347e-22 1.384028211123293629e-20
3.323010000000000019e+00 6.114109742040248118e-21 4.503354049855251450e-22 1.177788407909497109e-20
3.328009999999999913e+00 5.381022596701908126e-21 6.594930392952229729e-22 1.010255215410859328e-20
3.333009999999999806e+00 4.887783311157493561e-21 8.624377895722147272e-22 8.913128832742772395e-21
3.338009999999999700e+00 4.650764487430931014e-21 9.779139580777967379e-22 8.323615016784065290e-21
3.343009999999999593e+00 4.682106197367965852e-21 9.470567972742299091e-22 8.417155597461701795e-21
3.348009999999999931e+00 4.990926411174466454e-21 8.001091487471181564e-22 9.181743673601815503e-21
3.353009999999999824e+00 5.584206295833767661e-21 6.331569108996745819e-22 1.053525568076785999e-20
3.358010000000000161e+00 6.467186922540085632e-21 5.332040397956610037e-22 1.240116980528450951e-20
3.363010000000000055e+00 7.643176758031564964e-21 5.490800529264510043e-22 1.473727346313667742e-20
3.368009999999999948e+00 9.112737161807512154e-21 6.963205408955120260e-22 1.752915378271951078e-20
3.373009999999999842e+00 1.087228428190501923e-20 9.655068600892868948e-22 2.077906170372075006e-20
3.378009999999999735e+00 1.291222062480885461e-20 1.327348112000501011e-21 2.449709313761720671e-20
3.383009999999999629e+00 1.521478807697830299e-20 1.736773587464050397e-21 2.869280256649255708e-20
3.388009999999999966e+00 1.775191273612372114e-20 2.138514608239145565e-21 3.336531086400829972e-20
3.393009999999999859e+00 2.048338139991173810e-20 2.474907239011069748e-21 3.849185556081240645e-20
3.398010000000000197e+00 2.335573488210740925e-20 2.694936769240152329e-21 4.401653299497466917e-20
3.403010000000000090e+00 2.630226578093343128e-20 2.762658100274315849e-21 4.984187346159254672e-20
3.408009999999999984e+00 2.924445029904203813e-20 2.663278388450615290e-21 5.582562220963346398e-20
3.413009999999999877e+00 3.209501480613698438e-20 2.405988271416270928e-21 6.178404134085770384e-20
3.418009999999999771e+00 3.476264065485998101e-20 2.023469935839558005e-21 6.750181137388041004e-20
3.423009999999999664e+00 3.715806443853042488e-20 1.568546330407649207e-21 7.274758254665320658e-20
3.428009999999999557e+00 3.920107066615267413e-20 1.108662569750581541e-21 7.729347876255476070e-20
3.433009999999999895e+00 4.082764614294246826e-20 7.189458091609573891e-22 8.093634647672397312e-20
3.438009999999999788e+00 4.199641891920112936e-20 4.745739259491020520e-22 8.351826391245315667e-20
3.443010000000000126e+00 4.269347972005970435e-20 4.431199182632413204e-22 8.494383952185616739e-20
3.448010000000000019e+00 4.293480183207370421e-20 6.774152310839330709e-22 8.519218843306347535e-20
3.453009999999999913e+00 4.276573259076944559e-20 1.209289886452559384e-21 8.432217529508633180e-20
3.458009999999999806e+00 4.225739504615438970e-20 2.044341850986179110e-21 8.247044824132260029e-20
3.463009999999999700e+00 4.150025868486461740e-20 3.157767147572171351e-21 7.984275022215705742e-20
3.468009999999999593e+00 4.059554661534013741e-20 4.491432613667733690e-21 7.669966061701253511e-20
3.473009999999999931e+00 3.964547564499739631e-20 5.953069502207038045e-21 7.333788178778774856e-20
3.478009999999999824e+00 3.874351874939993358e-20 7.419957982478481582e-21 7.006707951632138557e-20
3.483010000000000161e+00 3.796590152159365652e-20 8.751431468951568786e-21 6.718037157423574426e-20
3.488010000000000055e+00 3.736538781670593539e-20 9.814726064088249754e-21 6.491604956932362103e-20
3.493009999999999948e+00 3.696809639428378301e-20 1.052246110437092416e-20 6.341373168419664186e-20
3.498009999999999842e+00 3.677366686887608410e-20 1.086617266660119101e-20 6.268116107115097718e-20
3.503009999999999735e+00 3.675862485994453937e-20 1.092236425659539839e-20 6.259488546329368036e-20
3.508009999999999629e+00 3.688235600649253354e-20 1.082330186936030531e-20 6.294141014362476478e-20
3.513009999999999966e+00 3.709475583625349189e-20 1.071158734878341549e-20 6.347792432372356228e-20
3.518009999999999859e+00 3.734443128361774469e-20 1.070365587365309035e-20 6.398520669358239602e-20
3.523010000000000197e+00 3.758631864895863699e-20 1.087207001229823156e-20 6.430056728561904243e-20
3.528010000000000090e+00 3.778774944509889867e-20 1.124264535618364644e-20 6.433285353401415392e-20
3.533009999999999984e+00 3.793230542836780034e-20 1.179940720679335526e-20 6.406520364994225145e-20
3.538009999999999877e+00 3.802119637135142904e-20 1.249314103821741980e-20 6.354925170448543226e-20
3.543009999999999771e+00 3.807229312831787959e-20 1.325249337924679776e-20 6.289209287738896142e-20
3.548009999999999664e+00 3.811727916190578769e-20 1.399823207512110325e-20 6.223632624869047515e-20
3.553010000000000002e+00 3.819758763104752933e-20 1.466078191909676380e-20 6.173439334299829787e-20
3.558009999999999895e+00 3.835984002584242945e-20 1.519827585215185303e-20 6.152140419953300285e-20
3.563009999999999788e+00 3.865140427727685593e-20 1.560849945714504834e-20 6.169430909740866052e-20
3.568010000000000126e+00 3.911648755350710472e-20 1.592734610974231040e-20 6.230562899727190506e-20
3.573010000000000019e+00 3.979293701549783873e-20 1.621203898656262447e-20 6.337383504443305601e-20
3.578009999999999913e+00 4.070971188826788813e-20 1.651619181544539986e-20 6.490323196109037038e-20
3.583009999999999806e+00 4.188487008388746781e-20 1.686832907323538033e-20 6.690141109453955829e-20
3.588009999999999700e+00 4.332391056605037492e-20 1.726295733240712161e-20 6.938486379969363124e-20
3.593009999999999593e+00 4.501841927483481277e-20 1.766692942169693821e-20 7.236990912797268132e-20
3.598009999999999931e+00 4.694513695577852831e-20 1.803729668517475328e-20 7.585297722638229732e-20
3.603009999999999824e+00 4.906573406674859456e-20 1.834215852217005754e-20 7.978930961132713760e-20
3.608010000000000161e+00 5.132767035218960222e-20 1.857525458727341041e-20 8.408008611710579404e-20
3.613010000000000055e+00 5.366648230900481914e-20 1.875905333019329410e-20 8.857391128781634418e-20
3.618009999999999948e+00 5.600966375439357330e-20 1.893715971854766928e-20 9.308216779023947131e-20
3.623009999999999842e+00 5.828200936058179075e-20 1.916076990877926218e-20 9.740324881238431330e-20
3.628009999999999735e+00 6.041194341501412833e-20 1.947412976362769913e-20 1.013497570664005575e-19
3.633009999999999629e+00 6.233804420804527489e-20 1.990215902977212835e-20 1.047739293863184214e-19
3.638009999999999966e+00 6.401478614122486508e-20 2.044171800255868300e-20 1.075878542798910532e-19
3.643009999999999859e+00 6.541652027281834588e-20 2.105734504614596808e-20 1.097756954994907237e-19
3.648010000000000197e+00 6.653892009757804225e-20 2.168253132119591643e-20 1.113953088739601801e-19
3.653010000000000090e+00 6.739750317865602730e-20 2.222801931264550806e-20 1.125669870446665465e-19
3.658009999999999984e+00 6.802332681080029996e-20 2.259816201653904523e-20 1.134484916050615547e-19
3.663009999999999877e+00 6.845644669261994620e-20 2.271397899265314026e-20 1.141989143925867461e-19
3.668009999999999771e+00 6.873811934991316749e-20 2.253720945496317700e-20 1.149390292448631520e-19
3.673009999999999664e+00 6.890294260765918540e-20 2.208592973645175987e-20 1.157199554788666170e-19
3.678010000000000002e+00 6.897212592366115760e-20 2.143333551750489783e-20 1.165109163298174174e-19
3.683009999999999895e+00 6.894887431002709669e-20 2.068835668813128515e-20 1.172093919319229203e-19
3.688009999999999788e+00 6.881650887762009095e-20 1.996531385219055084e-20 1.176677039030496311e-19
3.693010000000000126e+00 6.853951331087726006e-20 1.935372742205893139e-20 1.177252991996955767e-19
3.698010000000000019e+00 6.806727382123930391e-20 1.889728723544357437e-20 1.172372604070350274e-19
3.703009999999999913e+00 6.733994074570683988e-20 1.858613387022903961e-20 1.160937476211846401e-19
3.708009999999999806e+00 6.629562519855636314e-20 1.836232309709289950e-20 1.142289273000198208e-19
3.713009999999999700e+00 6.487806393897689900e-20 1.813569953757278906e-20 1.116204283403810029e-19
3.718009999999999593e+00 6.304392238512696735e-20 1.780597404847971197e-20 1.082818707217742227e-19
3.723009999999999931e+00 6.076902572964477710e-20 1.728605795070908263e-20 1.042519935085804716e-19
3.728009999999999824e+00 5.805297422399841877e-20 1.652161857753779203e-20 9.958432987045904551e-20
3.733010000000000161e+00 5.492178055632317515e-20 1.550270768830635008e-20 9.434085342434000623e-20
3.738010000000000055e+00 5.142834626200802121e-20 1.426535922153285458e-20 8.859133330248318784e-20
3.743009999999999948e+00 4.765076266501466818e-20 1.288380756593351687e-20 8.241771776409581346e-20
3.748009999999999842e+00 4.368857856057563791e-20 1.145637409163260222e-20 7.592078302951867359e-20
3.753009999999999735e+00 3.965732074122115933e-20 1.008907455213534623e-20 6.922556693030697845e-20
3.758009999999999629e+00 3.568167992902223147e-20 8.880338574412313138e-21 6.248302128363215282e-20
3.763009999999999966e+00 3.188787478824395128e-20 7.908470165459679652e-21 5.586727941102822591e-20
3.768009999999999859e+00 2.839576981718324218e-20 7.221483876832045415e-21 4.957005575753443894e-20
3.773010000000000197e+00 2.531134098276329690e-20 6.827429793876219093e-21 4.379525217165037170e-20
3.778010000000000090e+00 2.272005417747327000e-20 6.683075438430521476e-21 3.875703291651601852e-20
3.783009999999999984e+00 2.068165171838475407e-20 6.682211086624661747e-21 3.468109235014484338e-20
3.788009999999999877e+00 1.922674263229916138e-20 6.657432115306248767e-21 3.179605314929207550e-20
3.793009999999999771e+00 1.835547624530599157e-20 6.428808412639639171e-21 3.028214407797234548e-20
3.798009999999999664e+00 1.803845505792382465e-20 5.908610832226374807e-21 3.016829928362127750e-20
3.803010000000000002e+00 1.821991483981893087e-20 5.164986275236105217e-21 3.127484340440175501e-20
3.808009999999999895e+00 1.882306347753298613e-20 4.357190077600049604e-21 3.328893687746592567e-20
3.813009999999999788e+00 1.975731838120202035e-20 3.634223883525053193e-21 3.588041287887898750e-20
3.818010000000000126e+00 2.092701102487267196e-20 3.094797202537366475e-21 3.875922484720797443e-20
3.823010000000000019e+00 2.224094125678535696e-20 2.794333422385795706e-21 4.168754909118492123e-20
3.828009999999999913e+00 2.362198113238322223e-20 2.760577444080553649e-21 4.448338482068589082e-20
3.833009999999999806e+00 2.501577887891194323e-20 3.000829854412045403e-21 4.703072790341184106e-20
3.838009999999999700e+00 2.639753713132028798e-20 3.496512536934162156e-21 4.929856172570641080e-20
3.843009999999999593e+00 2.777587452218886738e-20 4.184152384388807865e-21 5.136759665998892991e-20
3.848009999999999931e+00 2.919295441767434841e-20 4.925090682082528775e-21 5.346081815326617106e-20
3.853009999999999824e+00 3.072038769612888877e-20 5.477072082141579621e-21 5.596370331011620393e-20
3.858010000000000161e+00 3.245087074799789818e-20 5.501493271726608953e-21 5.940024822426918740e-20
3.863010000000000055e+00 3.448606093375988472e-20 4.645032646006466442e-21 6.432708922151330902e-20
3.868009999999999948e+00 3.692175191282638827e-20 2.673679904413811420e-21 7.116982392123895911e-20
3.873009999999999842e+00 3.983190826712873660e-20 -4.437374502792468134e-22 8.010755398453672001e-20
3.878009999999999735e+00 4.325346781539005019e-20 -4.560781261705871907e-21 9.106771689248597830e-20
3.883009999999999629e+00 4.717394721738579997e-20 -9.431094174106888626e-21 1.037789886088784886e-19
3.888009999999999966e+00 5.152374285244009806e-20 -1.476979749312736940e-20 1.178172831980075535e-19
3.893009999999999859e+00 5.617459153175947927e-20 -2.028384694344778269e-20 1.326330300069667533e-19
3.898010000000000197e+00 6.094497462821710285e-20 -2.568463296152470510e-20 1.475745822179589228e-19
3.903010000000000090e+00 6.561238928091326138e-20 -3.069549699952541940e-20 1.619202755613519301e-19
3.908009999999999984e+00 6.993148394357556112e-20 -3.506010814096263494e-20 1.749230760281137572e-19
3.913009999999999877e+00 7.365619866961288347e-20 -3.855306486306859301e-20 1.858654622022943600e-19
3.918009999999999771e+00 7.656340150015449146e-20 -4.099181777436601128e-20 1.941186207746749942e-19
3.923009999999999664e+00 7.847518714398880230e-20 -4.224807459214376210e-20 1.991984488801213667e-19
3.928010000000000002e+00 7.927707295647370343e-20 -4.225669020755341308e-20 2.008108361205008199e-19
3.933009999999999895e+00 7.892979743726838762e-20 -4.102041329670373252e-20 1.988800081712405198e-19
3.938009999999999788e+00 7.747323712375046273e-20 -3.860959629742255844e-20 1.935560705449234959e-19
3.943010000000000126e+00 7.502198766879063442e-20 -3.515690556700943601e-20 1.852008809045906928e-19
3.948010000000000019e+00 7.175324362432756929e-20 -3.084799239913148016e-20 1.743544796477866187e-19
3.953009999999999913e+00 6.788858904552277419e-20 -2.590979359147212044e-20 1.616869716825176688e-19
3.958009999999999806e+00 6.367202987742443168e-20 -2.059842384868725110e-20 1.479424836035361024e-19
3.963009999999999700e+00 5.934696074667490019e-20 -1.518830156051352576e-20 1.338822230538633262e-19
3.968009999999999593e+00 5.513472979654165908e-20 -9.962942832683610482e-21 1.202324024257669166e-19
3.973009999999999931e+00 5.121707886828181785e-20 -5.205345906110803342e-21 1.076395036426744390e-19
3.978009999999999824e+00 4.772408095377762740e-20 -1.181824875836370642e-21 9.662998678339162543e-20
3.983010000000000161e+00 4.472839425811029008e-20 1.890544407315966653e-21 8.756624410890460750e-20
3.988010000000000055e+00 4.224583227167433807e-20 3.897683284539981813e-21 8.059398125880868831e-20
3.993009999999999948e+00 4.024152633463715397e-20 4.882917034039808132e-21 7.560013563523450584e-20
3.998009999999999842e+00 3.864041341458423179e-20 5.051595666096625040e-21 7.222923116307183251e-20
4.003009999999999735e+00 3.734045949153770015e-20 4.698336004961997128e-21 6.998258297811340318e-20
4.008009999999999629e+00 3.622693187542864695e-20 4.102997485298606088e-21 6.835086626555868780e-20
4.013009999999999522e+00 3.518613547722394739e-20 3.464637179158923210e-21 6.690763377528896556e-20
4.018010000000000304e+00 3.411728322247741017e-20 2.892211767001432344e-21 6.534235467795338800e-20
4.023009999999999309e+00 3.294152680164032863e-20 2.427912118397817254e-21 6.345514148488284001e-20
4.028010000000000090e+00 3.160757969045238247e-20 2.076516646621151794e-21 6.113864273428361917e-20
4.033009999999999984e+00 3.009377538495421023e-20 1.827493433923888577e-21 5.836005733598452586e-20
4.038009999999999877e+00 2.840678386420646553e-20 1.666823875884644968e-21 5.514674385252828610e-20
4.043009999999999771e+00 2.657752980048937880e-20 1.580165498085230306e-21 5.157489410289352729e-20
4.048009999999999664e+00 2.465509469728505742e-20 1.550426614460940194e-21 4.775976278010917165e-20
4.053010000000000446e+00 2.269952550958126196e-20 1.552996950332033929e-21 4.384605406883048998e-20
4.058009999999999451e+00 2.077450471736813028e-20 1.551752902312594248e-21 3.999725653242366331e-20
4.063010000000000232e+00 1.894076046243606874e-20 1.499009275743148809e-21 3.638251164912898867e-20
4.068009999999999238e+00 1.725092050639394386e-20 1.342673173701168184e-21 3.315916783908671953e-20
4.073010000000000019e+00 1.574626292423498671e-20 1.042446819437773687e-21 3.045007902903219973e-20
4.078009999999999913e+00 1.445552318050284098e-20 5.912820898772127518e-22 2.831976427112846619e-20
4.083009999999999806e+00 1.339562230242796491e-20 2.941026676971651864e-23 2.676183433808621480e-20
4.088009999999999700e+00 1.257392600865990781e-20 -5.630018742960096115e-22 2.571085389161582523e-20
4.093009999999999593e+00 1.199146528010266633e-20 -1.093895868464131896e-21 2.507682642866946305e-20
4.098010000000000375e+00 1.164646734012603528e-20 -1.491697076593098152e-21 2.478463175684516721e-20
4.103009999999999380e+00 1.153756734454731542e-20 -1.727008478201980416e-21 2.480214316729661125e-20
4.108010000000000161e+00 1.166618220703135613e-20 -1.819552670546163322e-21 2.515191708460887558e-20
4.113010000000000055e+00 1.203770112168653604e-20 -1.832005596532024386e-21 2.590740783990509646e-20
4.118009999999999948e+00 1.266134668547071190e-20 -1.852476449413724416e-21 2.717516982035514973e-20
4.123009999999999842e+00 1.354875066808491687e-20 -1.969478247543827319e-21 2.906697958371365956e-20
4.128009999999999735e+00 1.471144240181075583e-20 -2.249520551140901613e-21 3.167240535476241328e-20
4.133010000000000517e+00 1.615755214321200093e-20 -2.729455864040912536e-21 3.504456015046491439e-20
4.138009999999999522e+00 1.788808809778342933e-20 -3.425942277912038353e-21 3.920211847347890003e-20
4.143010000000000304e+00 1.989316698861089626e-20 -4.351748133058431270e-21 4.413808211028022379e-20
4.148009999999999309e+00 2.214858136057033235e-20 -5.526346677573027473e-21 4.982350939871369218e-20
4.153010000000000090e+00 2.461308555424742350e-20 -6.975154557110526755e-21 5.620132566560537375e-20
4.158009999999999984e+00 2.722677901159664711e-20 -8.719183718646237435e-21 6.317274174183953165e-20
4.163009999999999877e+00 2.991094943248660439e-20 -1.076062870079600131e-20 7.058252756576921611e-20
4.168009999999999771e+00 3.256968796131568606e-20 -1.307024147021206848e-20 7.820961739284344060e-20
4.173009999999999664e+00 3.509348038937032033e-20 -1.558060524726356191e-20 8.576756602600419655e-20
4.178010000000000446e+00 3.736479734669127961e-20 -1.818696624296040764e-20 9.291656093634297287e-20
4.183009999999999451e+00 3.926545657782895543e-20 -2.075515272076263424e-20 9.928606587642055112e-20
4.188010000000000232e+00 4.068524002944369322e-20 -2.313475697820496929e-20 1.045052370370923497e-19
4.193010000000000126e+00 4.153096845347561585e-20 -2.517513853214784433e-20 1.082370754390990700e-19
4.198010000000000019e+00 4.173502981895251509e-20 -2.674170829831071131e-20 1.102117679362157535e-19
4.203009999999999913e+00 4.126228485977989176e-20 -2.773019612178789306e-20 1.102547658413476645e-19
4.208009999999999806e+00 4.011437257650417770e-20 -2.807708872989599605e-20 1.083058338829043454e-19
4.213009999999999700e+00 3.833071506526450289e-20 -2.776508505842888753e-20 1.044265151889578873e-19
4.218009999999999593e+00 3.598593960081532048e-20 -2.682317289577680451e-20 9.879505209740744547e-20
4.223010000000000375e+00 3.318392693831108863e-20 -2.532168528369564417e-20 9.168953916031781541e-20
4.228009999999999380e+00 3.004916912730872343e-20 -2.336334022790027035e-20 8.346167848251771720e-20
4.233010000000000161e+00 2.671648931443498184e-20 -2.107171228113907619e-20 7.450469091000903686e-20
4.238010000000000055e+00 2.332037286976560945e-20 -1.857877536365844320e-20 6.521952110318965909e-20
4.243009999999999948e+00 1.998515277359720998e-20 -1.601308607872223949e-20 5.598339162591666247e-20
4.248009999999999842e+00 1.681709348974340281e-20 -1.348988540923284031e-20 4.712407238871964293e-20
4.253009999999999735e+00 1.389907459416415295e-20 -1.110395858564717233e-20 3.890210777397548125e-20
4.258010000000000517e+00 1.128816018895621883e-20 -8.925599621041980223e-21 3.150191999895442088e-20
4.263009999999999522e+00 9.015930871604932418e-21 -6.999567892674756717e-21 2.503142963588462306e-20
4.268010000000000304e+00 7.091119182463762356e-21 -5.346571498675214981e-21 1.952880986360274120e-20
4.273009999999999309e+00 5.503871159906238030e-21 -3.966615560217625032e-21 1.497435788003010034e-20
4.278010000000000090e+00 4.230871328359766406e-21 -2.843550016998841088e-21 1.130529267371837465e-20
4.283009999999999984e+00 3.240604725028205499e-21 -1.950400373061471511e-21 8.431609823117882509e-21
4.288009999999999877e+00 2.498156652123689052e-21 -1.255722064181329795e-21 6.252035368428708275e-21
4.293009999999999771e+00 1.969128816428991955e-21 -7.325652448578284806e-22 4.670822877715812014e-21
4.298009999999999664e+00 1.622440441860978292e-21 -3.729574732240974652e-22 3.617838356946053674e-21
4.303010000000000446e+00 1.431954404414669478e-21 -2.021472001070801657e-22 3.066056008936419122e-21
4.308009999999999451e+00 1.377003402113625866e-21 -2.485485115300169615e-22 3.002555315757268694e-21
4.313010000000000232e+00 1.441983996500819164e-21 -4.718462436062211388e-22 3.355814236607859466e-21
4.318010000000000126e+00 1.615240916350101223e-21 -7.969866639705628657e-22 4.027468496670765687e-21
4.323010000000000019e+00 1.887489247207070169e-21 -1.181169199386814033e-21 4.956147693800954746e-21
4.328009999999999913e+00 2.250027571944204082e-21 -1.610207239689545343e-21 6.110262383577953508e-21
4.333009999999999806e+00 2.692987516364877158e-21 -2.079271577178306221e-21 7.465246609908059784e-21
4.338009999999999700e+00 3.203846893677720968e-21 -2.583024278204077205e-21 8.990718065559519518e-21
4.343009999999999593e+00 3.766403224264574209e-21 -3.112045723891544215e-21 1.064485217242069188e-20
4.348010000000000375e+00 4.360358420144107381e-21 -3.651961535594427067e-21 1.237267837588264183e-20
4.353009999999999380e+00 4.961601373675183035e-21 -4.183812717656154984e-21 1.410701546500652181e-20
4.358010000000000161e+00 5.543194190665562151e-21 -4.685169874098977127e-21 1.577155825543010293e-20
4.363010000000000055e+00 6.076976227510898836e-21 -5.131782214639884773e-21 1.728573466966168169e-20
4.368009999999999948e+00 6.535609543884492389e-21 -5.499593190994377161e-21 1.857081227876336043e-20
4.373009999999999842e+00 6.894814895950082926e-21 -5.766922125236668135e-21 1.955655191713683399e-20
4.378009999999999735e+00 7.135504136223510356e-21 -5.916575072935265941e-21 2.018758334538228665e-20
4.383010000000000517e+00 7.245514261685276083e-21 -5.937637950467764355e-21 2.042866647383831502e-20
4.388009999999999522e+00 7.220694579820886342e-21 -5.826731577313550260e-21 2.026812073695532294e-20
4.393010000000000304e+00 7.065186644038118425e-21 -5.588570805755682318e-21 1.971894409383192067e-20
4.398009999999999309e+00 6.790852972861867622e-21 -5.235758526301983300e-21 1.881746447202572005e-20
4.403010000000000090e+00 6.415934966413168123e-21 -4.787844319411112009e-21 1.761971425223744750e-20
4.408009999999999984e+00 5.963130559395886912e-21 -4.269768837374290831e-21 1.619602995616606390e-20
4.413009999999999877e+00 5.457358392367944954e-21 -3.709882087396924455e-21 1.462459887213281286e-20
4.418009999999999771e+00 4.923505004023954350e-21 -3.137754682245674148e-21 1.298476469029358360e-20
4.423009999999999664e+00 4.384431669090695753e-21 -2.581990296939236397e-21 1.135085363512062866e-20
4.428010000000000446e+00 3.859454803134587655e-21 -2.068196857988304300e-21 9.787106464257479610e-21
4.433009999999999451e+00 3.363422959828241453e-21 -1.617195031364892334e-21 8.344040951021375241e-21
4.438010000000000232e+00 2.906413189924000701e-21 -1.243465963749054448e-21 7.056292343597056226e-21
4.443010000000000126e+00 2.493978630072417025e-21 -9.538344280587426368e-22 5.941791688203576686e-21
4.448010000000000019e+00 2.127812368064622576e-21 -7.465565314258792213e-22 5.002181267555124374e-21
4.453009999999999913e+00 1.806658066901486232e-21 -6.113633914204953003e-22 4.224679525223467764e-21
4.458009999999999806e+00 1.527296366551334626e-21 -5.312624541971258415e-22 3.585855187299795281e-21
4.463009999999999700e+00 1.285462158294367023e-21 -4.863138706445584406e-22 3.057238187233292675e-21
4.468009999999999593e+00 1.076591657588606249e-21 -4.581786283774340925e-22 2.611361943554646591e-21
4.473010000000000375e+00 8.963485087100603669e-22 -4.334400188196019745e-22 2.226137036239722520e-21
4.478009999999999380e+00 7.409247236835995534e-22 -4.045969528704872820e-22 1.886446400237686295e-21
4.483010000000000161e+00 6.071477768448462807e-22 -3.691511313982213356e-22 1.583446685087913803e-21
4.488010000000000055e+00 4.924460769538274415e-22 -3.278902802301508775e-22 1.312782434137805855e-21
4.493009999999999948e+00 3.947313629985042277e-22 -2.832331856861155161e-22 1.072695911683123972e-21
4.498009999999999842e+00 3.122511007533075371e-22 -2.380155069849316280e-22 8.625177084915467492e-22
4.503009999999999735e+00 2.434509788814689198e-22 -1.947604981730277439e-22 6.816624559359655364e-22
4.508010000000000517e+00 1.868716535744298266e-22 -1.553368326450525033e-22 5.290801397939121800e-22
4.513009999999999522e+00 1.410887838886547772e-22 -1.208772590406006604e-22 4.030548268179101914e-22
4.518010000000000304e+00 1.046936663394227363e-22 -9.184929492827458317e-23 3.012366276071200558e-22
4.523009999999999309e+00 7.630452902907312065e-23 -6.819809890048621440e-23 2.208071569586324675e-22
4.528010000000000090e+00 5.459567947166444363e-23 -4.950870732649455936e-23 1.587000662698234466e-22
4.533009999999999984e+00 3.833229559187254093e-23 -3.515623853516904165e-23 1.118208297189141117e-22
4.538009999999999877e+00 2.640141451999770943e-23 -2.442825510478105492e-23 7.723108414477647083e-23
4.543009999999999771e+00 1.783332888559873390e-23 -1.661407463209229783e-23 5.228073240328976269e-23
4.548009999999999664e+00 1.181113201443535346e-23 -1.106244840401280672e-23 3.468471243288351365e-23
4.553010000000000446e+00 7.668928123530023350e-24 -7.212639896342985920e-24 2.255049614340303115e-23
4.558009999999999451e+00 4.880981607366457092e-24 -4.605373721441064775e-24 1.436733693617397969e-23
4.563010000000000232e+00 3.044852898779161906e-24 -2.880114326625177846e-24 8.969820124183501290e-24
4.568010000000000126e+00 1.861567469402031224e-24 -1.764270090134522102e-24 5.487405028938584917e-24
4.573010000000000019e+00 1.115369098092247518e-24 -1.058666405387525686e-24 3.289404601572020722e-24
4.578009999999999913e+00 6.548858304808968915e-25 -6.223201291555485540e-25 1.932091790117342153e-24
4.583009999999999806e+00 3.767940423497897933e-25 -3.583820669176966823e-25 1.111970151617276223e-24
4.588009999999999700e+00 2.124328604192780109e-25 -2.021946392230242736e-25 6.270603600615802495e-25
4.593009999999999593e+00 1.173570315129753900e-25 -1.117620171088610679e-25 3.464760801348118709e-25
4.598010000000000375e+00 6.352708328799989814e-26 -6.052405741521773117e-26 1.875782239912175389e-25
4.603009999999999380e+00 3.369499357305623400e-26 -3.211273098198898536e-26 9.950271812810145911e-26
4.608010000000000161e+00 1.751152872744290514e-26 -1.669347143148324535e-26 5.171652888636906137e-26
4.613010000000000055e+00 8.917261841800401997e-27 -8.502370309738944606e-27 2.633689399333974716e-26
4.618009999999999948e+00 4.449232271716904552e-27 -4.242874726221557741e-27 1.314133926965536756e-26
4.623009999999999842e+00 2.175117208034959248e-27 -2.074481100008801254e-27 6.424715516078719392e-27
4.628009999999999735e+00 1.041891910765218727e-27 -9.937784575353264459e-28 3.077562279065764080e-27
4.633010000000000517e+00 4.889943436047126789e-28 -4.664465095979515387e-28 1.444435196807376807e-27
4.638009999999999522e+00 2.248667293715927021e-28 -2.145098993495864381e-28 6.642433580927718872e-28
4.643010000000000304e+00 1.013178622327463802e-28 -9.665556544124269673e-29 2.992912899067354796e-28
4.648009999999999309e+00 4.472864026888428728e-29 -4.267180940674574271e-29 1.321290899445143173e-28
4.653010000000000090e+00 1.934745234646673147e-29 -1.845824502170141575e-29 5.715314971463487308e-29
4.658009999999999984e+00 8.199737242969802940e-30 -7.823035295539422693e-30 2.422250978147902857e-29
4.663009999999999877e+00 3.404974582947114374e-30 -3.248598219816119336e-30 1.005854738571034879e-29
4.668009999999999771e+00 1.385368760433212867e-30 -1.321760508741165551e-30 4.092498029607591461e-30
4.673009999999999664e+00 5.522736460077169896e-31 -5.269213268868658347e-31 1.631468618902299901e-30
4.678010000000000446e+00 2.157150944242050560e-31 -2.058141140022440338e-31 6.372443028506541020e-31
4.683009999999999451e+00 8.255510598154131422e-32 -7.876640236976943160e-32 2.438766143328520491e-31
4.688010000000000232e+00 3.095597267632959778e-32 -2.953543876821840407e-32 9.144738412087759963e-32
4.693010000000000126e+00 1.137318287156384389e-32 -1.085131747833099785e-32 3.359768322145868426e-32
4.698010000000000019e+00 4.094082559872432858e-33 -3.906233391065098733e-33 1.209439851080996377e-32
4.703009999999999913e+00 1.444003150656449209e-33 -1.377750636282015532e-33 4.265756937594913950e-33
4.708009999999999806e+00 4.990184792290683072e-34 -4.761236960304446649e-34 1.474160654488581279e-33
4.713009999999999700e+00 1.689670560666814031e-34 -1.612151082816722370e-34 4.991492204150350646e-34
4.718009999999999593e+00 5.605629000072340113e-35 -5.348456493229416975e-35 1.655971449337409613e-34
4.723010000000000375e+00 1.822147615699565352e-35 -1.738553239343465732e-35 5.382848470742596435e-35
4.728009999999999380e+00 5.803361775392632596e-36 -5.537125047610208459e-36 1.714384859839547365e-35
4.733010000000000161e+00 1.810975632797531937e-36 -1.727895552325885438e-36 5.349846817920949313e-36
4.738010000000000055e+00 5.537100891546943015e-37 -5.283083401649550605e-37 1.635728518474343747e-36
4.743009999999999948e+00 1.658781298594865363e-37 -1.582684235670569165e-37 4.900246832860299890e-37
4.748009999999999842e+00 4.868920504070754022e-38 -4.645558358842356420e-38 1.438339936698386342e-37
4.753009999999999735e+00 1.400274223104122151e-38 -1.336036738420766610e-38 4.136585184629011173e-38
4.758010000000000517e+00 3.945757216199209812e-39 -3.764746342939435952e-39 1.165626077533785558e-38
4.763009999999999522e+00 1.089392742934791322e-39 -1.039417155650830811e-39 3.218202641520413292e-39
4.768010000000000304e+00 2.946968190581057876e-40 -2.811777060777745687e-40 8.705713441939861846e-40
4.773009999999999309e+00 7.810939414392214496e-41 -7.452615749161627002e-41 2.307449457794605701e-40
4.778010000000000090e+00 2.028466969790128795e-41 -1.935411961041540109e-41 5.992345900621797698e-41
4.783009999999999984e+00 5.161423096550200006e-42 -4.924645309168338083e-42 1.524749150226873873e-41
4.788009999999999877e+00 1.286790453816352060e-42 -1.227759597731753344e-42 3.801340505364457782e-42
4.793009999999999771e+00 3.143279849753815030e-43 -2.999083552352113436e-43 9.285643251859743894e-43
4.798009999999999664e+00 7.523070208254022502e-44 -7.177953466660901740e-44 2.222409388316894475e-43
4.803010000000000446e+00 1.764184610572096544e-44 -1.683253625392845376e-44 5.211622846537038713e-44
4.808009999999999451e+00 4.053496400059906635e-45 -3.867544551319057308e-45 1.197453735143887058e-44
4.813010000000000232e+00 9.125410327412224715e-46 -8.706787369914990475e-46 2.695760802473944146e-45
4.818010000000000126e+00 2.012852074611790158e-46 -1.920513653175001089e-46 5.946217802398581406e-46
4.823010000000000019e+00 4.350189391178212388e-47 -4.150626995119912470e-47 1.285100577747633676e-46
4.828009999999999913e+00 9.211732497214754212e-48 -8.789149683609990766e-48 2.721261467803949676e-47
4.833009999999999806e+00 1.911222802257305562e-48 -1.823546584674902434e-48 5.645992189189513861e-48
4.838009999999999700e+00 3.885242815495666253e-49 -3.707009603309311052e-49 1.147749523430064356e-48
4.843009999999999593e+00 7.738590417574734571e-50 -7.383587179508271523e-50 2.286076801465774256e-49
4.848010000000000375e+00 1.510227603299684244e-50 -1.440946811054076098e-50 4.461402017653444823e-50
4.853009999999999380e+00 2.887751338524677421e-51 -2.755277467740153878e-51 8.530780144789508720e-51
4.858010000000000161e+00 5.410208858504369357e-52 -5.162018757057741273e-52 1.598243647406648073e-51
4.863010000000000055e+00 9.931277470409335450e-53 -9.475686051213696364e-53 2.933824099203236726e-52
4.868009999999999948e+00 1.786212185729942578e-53 -1.704270769915420193e-53 5.276695141375305812e-53
4.873009999999999842e+00 3.147732565661452175e-54 -3.003332217734175522e-54 9.298797349057079872e-54
4.878009999999999735e+00 5.434998816464081879e-55 -5.185671499380626600e-55 1.605566913230879108e-54
4.883010000000000517e+00 9.194707705832630009e-56 -8.772905996084528258e-56 2.716232140774978828e-55
4.888009999999999522e+00 1.524099249202777082e-56 -1.454182109099436030e-56 4.502380607504989967e-56
4.893010000000000304e+00 2.475286183819982861e-57 -2.361733913173399218e-57 7.312306280813364941e-57
4.898009999999999309e+00 3.938895270443288008e-58 -3.758200810233057688e-58 1.163599135111963300e-57
4.903010000000000090e+00 6.141299772850542290e-59 -5.859571326311352967e-59 1.814217087201243666e-58
4.908009999999999984e+00 9.381731672506880129e-60 -8.951350355141134986e-60 2.771481370015489524e-59
4.913009999999999877e+00 1.404243962688917076e-60 -1.339825112623207910e-60 4.148313038001041784e-60
4.918009999999999771e+00 2.059391759236244739e-61 -1.964918396780694420e-61 6.083701915253184243e-61
4.923009999999999664e+00 2.959185723337074458e-62 -2.823434852239266388e-62 8.741806298913415303e-62
4.928010000000000446e+00 4.166221184016984004e-63 -3.975098284837114810e-63 1.230754065287108282e-62
4.933009999999999451e+00 5.747106828327545716e-64 -5.483461748045392577e-64 1.697767540470048468e-63
4.938010000000000232e+00 7.767711093567574675e-65 -7.411372004095602369e-65 2.294679419123075341e-64
4.943010000000000126e+00 1.028664390679457429e-65 -9.814750284783271545e-66 3.038803809837242012e-65
4.948010000000000019e+00 1.334723156208321486e-66 -1.273493531642010110e-66 3.942939844058652818e-66
4.953009999999999913e+00 1.696858121822638478e-67 -1.619015772834543517e-67 5.012732016479820803e-67
4.958009999999999806e+00 2.113667721172140409e-68 -2.016704481721619482e-68 6.244039924065900299e-68
4.963009999999999700e+00 2.579673522255768788e-69 -2.461332546085477077e-69 7.620679590597014139e-69
4.968009999999999593e+00 3.084818554149627714e-70 -2.943304352513356992e-70 9.112941460812612421e-70
4.973010000000000375e+00 3.614359522821154384e-71 -3.448552946746667730e-71 1.067727199238897690e-70
4.978009999999999380e+00 4.149253058857599852e-72 -3.958908562526566029e-72 1.225741468024176573e-71
4.983010000000000161e+00 4.667081049759457957e-73 -4.452981504823004915e-73 1.378714360434192083e-72
4.988010000000000055e+00 5.143486573860314044e-74 -4.907532211147259756e-74 1.519450535886788863e-73
4.993009999999999948e+00 5.554010869274172623e-75 -5.299223950649973852e-75 1.640724568919832008e-74
4.998009999999999842e+00 5.876147483277676499e-76 -5.606582740632220961e-76 1.735887770718757396e-75
5.003009999999999735e+00 6.091377248646548174e-77 -5.811938969562548870e-77 1.799469346685564522e-76
5.008010000000000517e+00 6.186929305504398187e-78 -5.903107633104284069e-78 1.827696624411308140e-77
5.013009999999999522e+00 6.157035500280184168e-79 -5.874585188273061100e-79 1.818865618883342944e-78
5.018010000000000304e+00 6.003506829370029594e-80 -5.728099553091145878e-80 1.773511321183120507e-79
5.023009999999999309e+00 5.735551816741815806e-81 -5.472436816010658867e-81 1.694354044949428954e-80
5.028010000000000090e+00 5.368862154931974206e-82 -5.122568822581082391e-82 1.586029313244503197e-81
5.033009999999999984e+00 4.924091868117949404e-83 -4.698202106004435058e-83 1.454638584224033533e-82
5.038009999999999877e+00 4.424934918199906009e-84 -4.221943681884810638e-84 1.307181351828462357e-83
5.043009999999999771e+00 3.896049583903778933e-85 -3.717320645196121379e-85 1.150941981300367925e-84
5.048009999999999664e+00 3.361080471838179558e-86 -3.206892920395298571e-86 9.929053864071658402e-86
5.053010000000000446e+00 2.840993192554094384e-87 -2.710664333219816291e-87 8.392650718328004614e-87
5.058009999999999451e+00 2.352872115943919551e-88 -2.244935518336460621e-88 6.950679750224300281e-88
5.063010000000000232e+00 1.909252201421534753e-89 -1.821666401411649770e-89 5.640170804254719625e-89
5.068010000000000126e+00 1.517976766411855648e-90 -1.448340492386066838e-90 4.484294025209777698e-90
5.073010000000000019e+00 1.182507206721222852e-91 -1.128260397608770857e-91 3.493274811051216561e-91
5.078009999999999913e+00 9.025667186376274453e-93 -8.611620115720791393e-93 2.666295448847334200e-92
5.083009999999999806e+00 6.749812075336419697e-94 -6.440168493365570208e-94 1.993979264403841067e-93
5.088010000000000588e+00 4.945849482117713746e-95 -4.718961602508817274e-95 1.461066056674424410e-94
5.093009999999999593e+00 3.550806091404467734e-96 -3.387914990918288409e-96 1.048952717372722346e-95
5.098010000000000375e+00 2.497755158199767028e-97 -2.383172137896570809e-97 7.378682454296105384e-97
5.103009999999999380e+00 1.721510278696544063e-98 -1.642537026827370506e-98 5.085557584220458632e-98
5.108010000000000161e+00 1.162535498180242860e-99 -1.109204879222713011e-99 3.434275875583198935e-99
5.113010000000000055e+00 7.692007042868325859e-101 -7.339140831673854587e-101 2.272315491741050504e-100
5.118009999999999948e+00 4.986662440226410891e-102 -4.757902290634597734e-102 1.473122717108742031e-101
5.123009999999999842e+00 3.167503588289785087e-103 -3.022196260317323382e-103 9.357203436896894548e-103
5.128009999999999735e+00 1.971338064065510313e-104 -1.880904112331811010e-104 5.823580240462831636e-104
5.133010000000000517e+00 1.202103736603349492e-105 -1.146957948432102125e-105 3.551165421638801302e-105
5.138009999999999522e+00 7.182235378416752384e-107 -6.852754636685249999e-107 2.121722539351875356e-106
5.143010000000000304e+00 4.204498171141406609e-108 -4.011619338431552347e-108 1.242061568071436557e-107
5.148009999999999309e+00 2.411601521922443848e-109 -2.300970748028352121e-109 7.124173791873240289e-109
5.153010000000000090e+00 1.355294818445365646e-110 -1.293121481243379674e-110 4.003711118134111261e-110
5.158009999999999984e+00 7.462749326293057982e-112 -7.120400175390554001e-112 2.204589882797667089e-111
5.163009999999999877e+00 4.026250365028946116e-113 -3.841548543552462781e-113 1.189404927361035501e-112
5.168009999999999771e+00 2.128332847754373286e-114 -2.030696854448316643e-114 6.287362549957062854e-114
5.173009999999999664e+00 1.102338982156654366e-115 -1.051769842279678004e-115 3.256447806592986736e-115
5.178010000000000446e+00 5.594066578877747539e-117 -5.337442128606589542e-117 1.652557528636208603e-116
5.183009999999999451e+00 2.781486416741052791e-118 -2.653887395069090842e-118 8.216860228551197305e-118
5.188010000000000232e+00 1.355074283189727938e-119 -1.292911062910403740e-119 4.003059629289859342e-119
5.193010000000000126e+00 6.468239771036585214e-121 -6.171513149703201130e-121 1.910799269177637156e-120
5.198010000000000019e+00 3.025143390353131213e-122 -2.886366751106116217e-122 8.936653531812378643e-122
5.203009999999999913e+00 1.386253534845564899e-123 -1.322659985090670888e-123 4.095167054781801023e-123
5.208009999999999806e+00 6.224095040890871300e-125 -5.938568412671094081e-125 1.838675849445283773e-124
5.213010000000000588e+00 2.738083019915802025e-126 -2.612475103049807930e-126 8.088641142881411979e-126
5.218009999999999593e+00 1.180195231796129933e-127 -1.126054483147234447e-127 3.486444946739494109e-127
5.223010000000000375e+00 4.984228528606242327e-129 -4.755580033250708054e-129 1.472403709046319143e-128
5.228009999999999380e+00 2.062428421796505645e-130 -1.967815754516958696e-130 6.092672598109970385e-130
5.233010000000000161e+00 8.361740213353992515e-132 -7.978150394515567261e-132 2.470163082122355104e-131
5.238010000000000055e+00 3.321630376183800696e-133 -3.169252574226530122e-133 9.812513326594130732e-133
5.243009999999999948e+00 1.292834055554218211e-134 -1.233526068400281947e-134 3.819194179508718125e-134
5.248009999999999842e+00 4.930274628124107639e-136 -4.704101235604107794e-136 1.456465049185232383e-135
5.253009999999999735e+00 1.842197913274564898e-137 -1.757688188529822444e-137 5.442084015078952478e-137
5.258010000000000517e+00 6.744322173263787472e-139 -6.434930437259023569e-139 1.992357478378659851e-138
5.263009999999999522e+00 2.419230101549048635e-140 -2.308249371138456222e-140 7.146709574236553958e-140
5.268010000000000304e+00 8.502622435391580778e-142 -8.112569729086035375e-142 2.511781459986919547e-141
5.273009999999999309e+00 2.927962151145538782e-143 -2.793643642980198451e-143 8.649567945271275104e-143
5.278010000000000090e+00 9.879042864379106627e-145 -9.425847696154132449e-145 2.918393342491234855e-144
5.283009999999999984e+00 3.265886807897213978e-146 -3.116066208712903848e-146 9.647839824507332248e-146
5.288009999999999877e+00 1.057850350949743218e-147 -1.009322100355329655e-147 3.125022802254816092e-147
5.293009999999999771e+00 3.357253905921106868e-149 -3.203241895895988066e-149 9.917749707738201367e-149
5.298009999999999664e+00 1.043953100282520828e-150 -9.960623777300896283e-151 3.083968578295131421e-150
5.303010000000000446e+00 3.180640878230187485e-152 -3.034730884958466212e-152 9.396012641418841183e-152
5.308009999999999451e+00 9.494784923256483265e-154 -9.059217357691070726e-154 2.804878720420403461e-153
5.313010000000000232e+00 2.777106110504440131e-155 -2.649708032754753000e-155 8.203920253763633263e-155
5.318010000000000126e+00 7.958599748989013178e-157 -7.593503757240282253e-157 2.351070325521830990e-156
5.323010000000000019e+00 2.234692137667640451e-158 -2.132176981914650688e-158 6.601561257249931994e-158
5.328009999999999913e+00 6.148024442877810684e-160 -5.865975883707999821e-160 1.816202476946362119e-159
5.333009999999999806e+00 1.657258736812297619e-161 -1.577547360800569947e-161 4.892064834425165382e-161
5.338010000000000588e+00 4.377053916674654202e-163 4.377053916674654202e-163 4.377053916674654202e-163
5.343009999999999593e+00 1.132688060435898332e-164 1.132688060435898332e-164 1.132688060435898332e-164
5.348010000000000375e+00 2.871941546682611993e-166 2.871941546682611993e-166 2.871941546682611993e-166
5.353009999999999380e+00 7.134732868767980045e-168 7.134732868767980045e-168 7.134732868767980045e-168
5.358010000000000161e+00 1.736667534711139158e-169 1.736667534711139158e-169 1.736667534711139158e-169
5.363010000000000055e+00 4.141832210752832939e-171 4.141832210752832939e-171 4.141832210752832939e-171
5.368009999999999948e+00 9.678435590166541272e-173 9.678435590166541272e-173 9.678435590166541272e-173
5.373009999999999842e+00 2.215923046792000711e-174 2.215923046792000711e-174 2.215923046792000711e-174
5.378009999999999735e+00 4.970968738398720559e-176 4.970968738398720559e-176 4.970968738398720559e-176
5.383010000000000517e+00 1.092607649592829921e-177 1.092607649592829921e-177 1.092607649592829921e-177
5.388009999999999522e+00 2.353012795994183553e-179 2.353012795994183553e-179 2.353012795994183553e-179
5.393010000000000304e+00 4.965022128014468196e-181 4.965022128014468196e-181 4.965022128014468196e-181
5.398009999999999309e+00 1.026490501786610849e-182 1.026490501786610849e-182 1.026490501786610849e-182
5.403010000000000090e+00 2.079340101102140371e-184 2.079340101102140371e-184 2.079340101102140371e-184
5.408009999999999984e+00 4.126985762371489743e-186 4.126985762371489743e-186 4.126985762371489743e-186
5.413009999999999877e+00 8.025595358392965445e-188 8.025595358392965445e-188 8.025595358392965445e-188
5.418009999999999771e+00 1.529179246544267021e-189 1.529179246544267021e-189 1.529179246544267021e-189
5.423009999999999664e+00 2.854804539111272660e-191 2.854804539111272660e-191 2.854804539111272660e-191
5.428010000000000446e+00 5.221931964925638489e-193 5.221931964925638489e-193 5.221931964925638489e-193
5.433009999999999451e+00 9.358858630978664874e-195 9.358858630978664874e-195 9.358858630978664874e-195
5.438010000000000232e+00 1.643430763779852455e-196 1.643430763779852455e-196 1.643430763779852455e-196
5.443010000000000126e+00 2.827592264719934675e-198 2.827592264719934675e-198 2.827592264719934675e-198
