1.627634037539999917e+04 2.375960531778942540e-198 2.375960531778942540e-198 2.375960531778942540e-198
1.631666807539999718e+04 1.393286301818903795e-196 1.393286301818903795e-196 1.393286301818903795e-196
1.635699577539999700e+04 8.005315798676400946e-195 8.005315798676400946e-195 8.005315798676400946e-195
1.639732347540000046e+04 4.506646902423929079e-193 4.506646902423929079e-193 4.506646902423929079e-193
1.643765117539999846e+04 2.485796447899572252e-191 2.485796447899572252e-191 2.485796447899572252e-191
1.647797887539999647e+04 1.343428531148594004e-189 1.343428531148594004e-189 1.343428531148594004e-189
1.651830657539999811e+04 7.113781988823666319e-188 7.113781988823666319e-188 7.113781988823666319e-188
1.655863427539999975e+04 3.690825581125846355e-186 3.690825581125846355e-186 3.690825581125846355e-186
1.659896197539999775e+04 1.876218811081338387e-184 1.876218811081338387e-184 1.876218811081338387e-184
1.663928967539999940e+04 9.345024631291362083e-183 9.345024631291362083e-183 9.345024631291362083e-183
1.667961737539999740e+04 4.560520614971486559e-181 4.560520614971486559e-181 4.560520614971486559e-181
1.671994507539999904e+04 2.180647221141166658e-179 2.180647221141166658e-179 2.180647221141166658e-179
1.676027277540000068e+04 1.021629503212702090e-177 1.021629503212702090e-177 1.021629503212702090e-177
1.680060047539999869e+04 4.689628860263552083e-176 4.689628860263552083e-176 4.689628860263552083e-176
1.684092817539999669e+04 2.109213606239559140e-174 2.109213606239559140e-174 2.109213606239559140e-174
1.688125587540000197e+04 9.294792682320327336e-173 9.294792682320327336e-173 9.294792682320327336e-173
1.692158357539999997e+04 4.013247219878282203e-171 4.013247219878282203e-171 4.013247219878282203e-171
1.696191127539999798e+04 1.697810414862600694e-169 1.697810414862600694e-169 1.697810414862600694e-169
1.700223897539999598e+04 7.037518640467722027e-168 7.037518640467722027e-168 7.037518640467722027e-168
1.704256667540000126e+04 2.858163178351364693e-166 2.858163178351364693e-166 2.858163178351364693e-166
1.708289437539999926e+04 1.137343345636059780e-164 1.137343345636059780e-164 1.137343345636059780e-164
1.712322207539999727e+04 4.434383856053404913e-163 4.434383856053404913e-163 4.434383856053404913e-163
1.716354977539999891e+04 1.693994960977682730e-161 -1.656376141561285061e-161 5.044366063516650718e-161
1.720387747540000055e+04 6.340566975139945051e-160 -6.150293886844504616e-160 1.883142783712439472e-159
1.724420517539999855e+04 2.325312039787157952e-158 -2.255465755417182721e-158 6.906089834991498625e-158
1.728453287540000019e+04 8.355483150984221454e-157 -8.104225677793783574e-157 2.481519197976222390e-156
1.732486057539999820e+04 2.941704830100856507e-155 -2.853141189395516165e-155 8.736550849597229178e-155
1.736518827539999984e+04 1.014761157518940164e-153 -9.841729589692991380e-154 3.013695274007179333e-153
1.740551597540000148e+04 3.429776425907071097e-152 -3.326258516330039295e-152 1.018581136814418149e-151
1.744584367539999948e+04 1.135808305842332920e-150 -1.101480860805586371e-150 3.373097472490252211e-150
1.748617137539999749e+04 3.685373793420541889e-149 -3.573833146915822670e-149 1.094458073375690558e-148
1.752649907539999549e+04 1.171643105662395963e-147 -1.136129736445408635e-147 3.479415947770200560e-147
1.756682677540000077e+04 3.649609990575267968e-146 -3.538815274404891685e-146 1.083803525555542718e-145
1.760715447539999877e+04 1.113871040986372596e-144 -1.080000966794786613e-144 3.307743048767531664e-144
1.764748217539999678e+04 3.330893406227719458e-143 -3.229435777372475107e-143 9.891222589827914933e-143
1.768780987539999842e+04 9.759418639223390470e-142 -9.461617516045865631e-142 2.898045479449264803e-141
1.772813757540000006e+04 2.801719026006279503e-140 -2.716066004853132903e-140 8.319504056865691442e-140
1.776846527539999806e+04 7.880661213855319063e-139 -7.639262189346356173e-139 2.340058461705699430e-138
1.780879297539999970e+04 2.171891937100404398e-137 -2.105225596547116263e-137 6.449009470747924583e-137
1.784912067539999771e+04 5.864773937832106853e-136 -5.684365067003649668e-136 1.741391294266786337e-135
1.788944837539999935e+04 1.551678995486814471e-134 -1.503838982607677692e-134 4.607196973581306879e-134
1.792977607540000099e+04 4.022444511313664246e-133 -3.898133712876644582e-133 1.194302273550397307e-132
1.797010377539999899e+04 1.021682264547643454e-131 -9.900294222579605176e-132 3.033393951353247550e-131
1.801043147539999700e+04 2.542607346315977573e-130 -2.463629539993701512e-130 7.548844232625655858e-130
1.805075917539999864e+04 6.199839271604593187e-129 -6.006736634708038188e-129 1.840641517791722584e-128
1.809108687540000028e+04 1.481219075451915088e-127 -1.434952803720488039e-127 4.397390954624318419e-127
1.813141457539999828e+04 3.467336077495082023e-126 -3.358709415764045841e-126 1.029338157075420923e-125
1.817174227539999629e+04 7.952623154032814566e-125 -7.702699967713914570e-125 2.360794627577954475e-124
1.821206997539999793e+04 1.787157135959150062e-123 -1.730809266089449304e-123 5.305123538007749765e-123
1.825239767539999957e+04 3.935074856181422422e-122 -3.810579818734268125e-122 1.168072953109711351e-121
1.829272537539999757e+04 8.489482804453138061e-121 -8.219936735608685815e-121 2.519890234451496194e-120
1.833305307539999922e+04 1.794516682192194129e-119 -1.737326256613192485e-119 5.326359620997580468e-119
1.837338077540000086e+04 3.716651652510565799e-118 -3.597739550634961544e-118 1.103104285565609358e-117
1.841370847539999886e+04 7.542136181133858200e-117 -7.299841254114855027e-117 2.238411361638257143e-116
1.845403617540000050e+04 1.499598853171589883e-115 -1.451217126673477747e-115 4.450414833016657287e-115
1.849436387539999851e+04 2.921420793316754505e-114 -2.826744659385631544e-114 8.669586246019139832e-114
1.853469157539999651e+04 5.576368826855856053e-113 -5.394806717745344240e-113 1.654754437145705519e-112
1.857501927539999815e+04 1.042911121839741428e-111 -1.008788765700535308e-111 3.094611009380018164e-111
1.861534697539999979e+04 1.911092110034663186e-110 -1.848244968376191983e-110 5.670429188445518651e-110
1.865567467539999780e+04 3.431267173445931829e-109 -3.317826574056935616e-109 1.018036092094879975e-108
1.869600237539999580e+04 6.036234923353060643e-108 -5.835560607121731493e-108 1.790803045382785202e-107
1.873633007540000108e+04 1.040438718561856536e-106 -1.005648328515985590e-106 3.086525765639698541e-106
1.877665777539999908e+04 1.757137497773246350e-105 -1.698025579524384430e-105 5.212300575070877129e-105
1.881698547539999709e+04 2.907595299475658642e-104 -2.809161744486404547e-104 8.624352343437721832e-104
1.885731317539999873e+04 4.714126637037519846e-103 -4.553481401555199792e-103 1.398173467563023948e-102
1.889764087540000037e+04 7.488722160602938244e-102 -7.231769349260591577e-102 2.220921367046646806e-101
1.893796857539999837e+04 1.165610615147264590e-100 -1.125329257079005232e-100 3.456550487373534412e-100
1.897829627540000001e+04 1.777619043715300426e-99 -1.715728474692992832e-99 5.270966562123593887e-99
1.901862397539999802e+04 2.656216359926403466e-98 -2.563015699407812143e-98 7.875448419260619074e-98
1.905895167539999966e+04 3.888909952821810696e-97 -3.751349938839036019e-97 1.152916984448265689e-96
1.909927937540000130e+04 5.578689053053881771e-96 -5.379691032731588813e-96 1.653706913883935069e-95
1.913960707539999930e+04 7.841089285927946001e-95 -7.558930688722979482e-95 2.324110926057887148e-94
1.917993477539999731e+04 1.079843390261968349e-93 -1.040630350779180446e-93 3.200317131303117358e-93
1.922026247539999531e+04 1.457086866047205001e-92 -1.403671631162150523e-92 4.317845363256560355e-92
1.926059017540000059e+04 1.926418223023111602e-91 -1.855099765393820805e-91 5.707936211440043737e-91
1.930091787539999859e+04 2.495493002771703209e-90 -2.402157760043547720e-90 7.393143765586953701e-90
1.934124557539999660e+04 3.167400402989190859e-89 -3.047670935582705216e-89 9.382471741561086236e-89
1.938157327540000188e+04 3.939041975133507424e-88 -3.788494718384576494e-88 1.166657866865159190e-87
1.942190097539999988e+04 4.799759610954334604e-87 -4.614207561447407326e-87 1.421372678335607743e-86
1.946222867539999788e+04 5.730464406671772109e-86 -5.506290817600090925e-86 1.696721963094363443e-85
1.950255637539999952e+04 6.703503400760721112e-85 -6.438022351611558652e-85 1.984502915313300202e-84
1.954288407539999753e+04 7.683441163959942047e-84 -7.375251877046775107e-84 2.274213420496666103e-83
1.958321177539999917e+04 8.628829308065744985e-83 -8.278125129234823155e-83 2.553578374536631459e-82
1.962353947540000081e+04 9.494900569523955624e-82 -9.103692240779005023e-82 2.809349337982691393e-81
1.966386717539999881e+04 1.023697576805577277e-80 -9.809193048826886359e-81 3.028314458493843191e-80
1.970419487539999682e+04 1.081423815824867713e-79 -1.035568415532904901e-79 3.198416047182640177e-79
1.974452257539999846e+04 1.119343773462519808e-78 -1.071158556570427193e-78 3.309846103495467050e-78
1.978485027540000010e+04 1.135205973600599427e-77 -1.085569944205829225e-77 3.355981891407027887e-77
1.982517797539999810e+04 1.128053775208235827e-76 -1.077930000869595086e-76 3.334037551286066893e-76
1.986550567539999611e+04 1.098320890630978451e-75 -1.048700810847078123e-75 3.245342592109035024e-75
1.990583337540000139e+04 1.047787847769734011e-74 -9.996328525228855946e-75 3.095208548062353419e-74
1.994616107539999939e+04 9.794054736574816861e-74 -9.335914497092746141e-74 2.892402397024238144e-73
1.998648877539999739e+04 8.970097347642460000e-73 -8.542798697944243464e-73 2.648299339322916346e-72
2.002681647539999904e+04 8.049662423378329471e-72 -7.658962683571546212e-72 2.375828753032820515e-71
2.006714417540000068e+04 7.077901338694037970e-71 -6.727685716289856726e-71 2.088348839367793347e-70
2.010747187539999868e+04 6.097869565364315345e-70 -5.790110609223522900e-70 1.798584973995215488e-69
2.014779957540000032e+04 5.147531725808056253e-69 -4.882394690669125916e-69 1.517745814228523842e-68
2.018812727539999833e+04 4.257628052843187225e-68 -4.033696120470092709e-68 1.254895222615646633e-67
2.022845497539999633e+04 3.450521395284788516e-67 -3.265104747945609034e-67 1.016614753851518607e-66
2.026878267539999797e+04 2.740000292275615268e-66 -2.589488923782247903e-66 8.069489508333477912e-66
2.030911037539999961e+04 2.131895722593205859e-65 -2.012117386146251791e-65 6.275908831332663931e-65
2.034943807539999762e+04 1.625291954911745201e-64 -1.531842702244518156e-64 4.782426612068008557e-64
2.038976577539999926e+04 1.214080640859404788e-63 -1.142604377195260276e-63 3.570765658914069717e-63
2.043009347540000090e+04 8.886179398369235426e-63 -8.350215107261783400e-63 2.612257390400025641e-62
2.047042117539999890e+04 6.372864992620977120e-62 -5.978864195256868509e-62 1.872459418049882275e-61
2.051074887539999690e+04 4.478238260768274884e-61 -4.194286552744431036e-61 1.315076307428098011e-60
2.055107657539999855e+04 3.083424243431461243e-60 -2.882803147067873186e-60 9.049651633930795120e-60
2.059140427540000019e+04 2.080241643373574411e-59 -1.941281031120590287e-59 6.101764317867739109e-59
2.063173197539999819e+04 1.375148348771663698e-58 -1.280788375045227789e-58 4.031085072588555009e-58
2.067205967539999983e+04 8.907205336637528264e-58 -8.279056525991892322e-58 2.609346719926695026e-57
2.071238737540000147e+04 5.653149214935002002e-57 -5.243215837075883414e-57 1.654951426694588742e-56
2.075271507539999948e+04 3.515583951925590625e-56 -3.253320897954438231e-56 1.028448880180561993e-55
2.079304277539999748e+04 2.142217434376359718e-55 -1.977730711095367995e-55 6.262165579848087431e-55
2.083337047539999912e+04 1.279056517595799838e-54 -1.177923951052427736e-54 3.736036986244027411e-54
2.087369817539999713e+04 7.483023955451184621e-54 -6.873467491002636959e-54 2.183951540190500852e-53
2.091402587539999877e+04 4.289699854399570111e-53 -3.929539726487187043e-53 1.250893943528632634e-52
2.095435357540000041e+04 2.409573918397830200e-52 -2.200965459209886983e-52 7.020113296005547012e-52
2.099468127539999841e+04 1.326228750798056509e-51 -1.207783298964172827e-51 3.860240800560285697e-51
2.103500897539999642e+04 7.152580872125593389e-51 -6.493330405925393519e-51 2.079849215017657911e-50
2.107533667540000170e+04 3.779850670345138724e-50 -3.420164875480972518e-50 1.097986621617124949e-49
2.111566437539999970e+04 1.957291316092206409e-49 -1.764923712468249770e-49 5.679506344652662208e-49
2.115599207539999770e+04 9.931314901158934710e-49 -8.922825707310383626e-49 2.878545550962825305e-48
2.119631977539999934e+04 4.937760859136419503e-48 -4.419514887369337814e-48 1.429503660564217561e-47
2.123664747539999735e+04 2.405619834956784732e-47 -2.144571720926034364e-47 6.955811390839603827e-47
2.127697517539999899e+04 1.148416113255627262e-46 -1.019526012410101545e-46 3.316358238921356069e-46
2.131730287539999699e+04 5.372156588543259783e-46 -4.748382586050226455e-46 1.549269576313674758e-45
2.135763057539999863e+04 2.462504270482751319e-45 -2.166609083229737336e-45 7.091617624195239974e-45
2.139795827540000028e+04 1.106079084217191433e-44 -9.685021636910942148e-45 3.180660332125477206e-44
2.143828597539999828e+04 4.868309927346874034e-44 -4.241343388990944138e-44 1.397796324368469320e-43
2.147861367539999992e+04 2.099690004671555680e-43 -1.819644756560643568e-43 6.019024765903754929e-43
2.151894137539999792e+04 8.873995857126371157e-43 -7.647994294458362435e-43 2.539598600871110475e-42
2.155926907539999593e+04 3.675128937383518500e-42 -3.149079382814814866e-42 1.049933725758185123e-41
2.159959677540000121e+04 1.491480511819774541e-41 -1.270258211679735279e-41 4.253219235319284360e-41
2.163992447539999921e+04 5.931392238288682750e-41 -5.019609192050253505e-41 1.688239366862761900e-40
2.168025217539999721e+04 2.311491337060192867e-40 -1.943185846088499156e-40 6.566168520208884481e-40
2.172057987540000249e+04 8.827283159722121516e-40 -7.369232481339099819e-40 2.502379880078334285e-39
2.176090757540000050e+04 3.303419291756930034e-39 -2.737729387062721648e-39 9.344567970576581716e-39
2.180123527539999850e+04 1.211448584677319823e-38 -9.963590755956364986e-39 3.419256244950276145e-38
2.184156297540000014e+04 4.353652914355786281e-38 -3.552180468752592722e-38 1.225948629746416424e-37
2.188189067539999814e+04 1.533250567357791369e-37 -1.240579306848897322e-37 4.307080441564480268e-37
2.192221837539999979e+04 5.291588524609326807e-37 -4.244249731664391588e-37 1.482742678088304437e-36
2.196254607539999779e+04 1.789681650480320437e-36 -1.422396462404777295e-36 5.001759763365418502e-36
2.200287377539999943e+04 5.931787448281334072e-36 -4.669604818500752172e-36 1.653317971506341898e-35
2.204320147539999743e+04 1.926721053942863260e-35 -1.501674056398965652e-35 5.355116164284692439e-35
2.208352917539999908e+04 6.133086161032623696e-35 -4.730462886338831998e-35 1.699663520840407939e-34
2.212385687540000072e+04 1.913241731594454102e-34 -1.459689004982320428e-34 5.286172468171228846e-34
2.216418457539999872e+04 5.849178546465357808e-34 -4.412067129925448973e-34 1.611042422285616544e-33
2.220451227539999672e+04 1.752499750052184320e-33 -1.306307300782948149e-33 4.811306800887316789e-33
2.224483997539999837e+04 5.145919672788205822e-33 -3.788493404123050925e-33 1.408033274969946325e-32
2.228516767540000001e+04 1.480859954763337921e-32 -1.076222949452776210e-32 4.037942858979451779e-32
2.232549537539999801e+04 4.176524344379068736e-32 -2.994671952287171548e-32 1.134772064104530847e-31
2.236582307539999965e+04 1.154437095038400122e-31 -8.162149377493751622e-32 3.125089127826175406e-31
2.240615077540000129e+04 3.127404340017416633e-31 -2.179040841716918300e-31 8.433849521751751128e-31
2.244647847539999930e+04 8.303489957776533029e-31 -5.698091009059387114e-31 2.230507092461245317e-30
2.248680617539999730e+04 2.160750443875836987e-30 -1.459468243133850500e-30 5.780969130885524473e-30
2.252713387539999894e+04 5.510872940379316301e-30 -3.661506390652912251e-30 1.468325227141154485e-29
2.256746157539999695e+04 1.377566662685051308e-29 -8.997546542713678540e-30 3.654887979641470471e-29
2.260778927539999859e+04 3.375094640982962464e-29 -2.165646821345646729e-29 8.915836103311571097e-29
2.264811697540000023e+04 8.104852551708098650e-29 -5.105654105659134206e-29 2.131535920907533151e-28
2.268844467539999823e+04 1.907633298036582976e-28 -1.179009965625333675e-28 4.994276561698499403e-28
2.272877237539999987e+04 4.400885938975336123e-28 -2.666792886600062304e-28 1.146856476455073455e-27
2.276910007540000151e+04 9.951433418642600606e-28 -5.908424973947208855e-28 2.581129181123240827e-27
2.280942777539999952e+04 2.205648898240194478e-27 -1.282246228296335807e-27 5.693544024776725122e-27
2.284975547539999752e+04 4.791784245523383895e-27 -2.725819246661203399e-27 1.230938773770797191e-26
2.289008317539999916e+04 1.020406465957517583e-26 -5.676224255272501323e-27 2.608435357442285299e-26
2.293041087540000080e+04 2.129948807483619260e-26 -1.157903781988023119e-26 5.417801396955261064e-26
2.297073857539999881e+04 4.358028716708090461e-26 -2.313941452847757250e-26 1.102999888626393760e-25
2.301106627539999681e+04 8.740593020755404259e-26 -4.530217862866068623e-26 2.201140390437687714e-25
2.305139397539999845e+04 1.718408891710817220e-25 -8.689528603491441938e-26 4.305770643770778403e-25
2.309172167540000009e+04 3.311706259116799877e-25 -1.633094993974244685e-25 8.256507512207843980e-25
2.313204937539999810e+04 6.256358748444050910e-25 -3.007440117447105588e-25 1.552015761433520741e-24
2.317237707539999974e+04 1.158619489754802258e-24 -5.427376516211022115e-25 2.859976631130706728e-24
2.321270477539999774e+04 2.103362558331997190e-24 -9.599148330894496265e-25 5.166639949753444007e-24
2.325303247539999575e+04 3.743228175653946304e-24 -1.664076044541103592e-24 9.150532395848995465e-24
2.329336017540000103e+04 6.530433431102612353e-24 -2.827906527706035633e-24 1.588877338991126107e-23
2.333368787539999903e+04 1.116878451502488892e-23 -4.711594701956824923e-24 2.704916373200660276e-23
2.337401557539999703e+04 1.872589788487062646e-23 -7.697455519154081413e-24 4.514925128889533433e-23
2.341434327540000231e+04 3.077916635967194911e-23 -1.233314389199160386e-23 7.389147661133549620e-23
2.345467097540000032e+04 4.959674445984914294e-23 -1.938312402813457439e-23 1.185766129478328485e-22
2.349499867539999832e+04 7.834951513664420071e-23 -2.988666130367352642e-23 1.865856915769619278e-22
2.353532637539999632e+04 1.213419868420646196e-22 -4.521870374723788200e-23 2.879026774313671212e-22
2.357565407539999796e+04 1.842394095023481802e-22 -6.714767535690910011e-23 4.356264943616054369e-22
2.361598177539999961e+04 2.742558317512815451e-22 -9.788156536846502821e-23 6.463932288710281185e-22
2.365630947539999761e+04 4.002550000762535172e-22 -1.400910291820310631e-22 9.406010293345381445e-22
2.369663717539999925e+04 5.727055715037455304e-22 -1.968958965155619601e-22 1.342307039523052927e-21
2.373696487540000089e+04 8.034275729865913223e-22 -2.717999995352895544e-22 1.878655145508472199e-21
2.377729257539999890e+04 1.105072270641946556e-21 -3.685591709339017921e-22 2.578703712217794905e-21
2.381762027540000054e+04 1.490296053296876637e-21 -4.909692610008010205e-22 3.471561367594554295e-21
2.385794797539999854e+04 1.970622511712924472e-21 -6.425657194994832075e-22 4.583810742925332527e-21
2.389827567539999654e+04 2.555034860934555160e-21 -8.262341998212136375e-22 5.936303921690324334e-21
2.393860337540000182e+04 3.248398881808397104e-21 -1.043742994717849030e-21 7.540540758334643613e-21
2.397893107539999983e+04 4.049876441115823548e-21 -1.295222610864229664e-21 9.394975493095876761e-21
2.401925877539999783e+04 4.951539926407273506e-21 -1.578634379502164953e-21 1.148171423231671272e-20
2.405958647539999583e+04 5.937425592191157100e-21 -1.889286697923622864e-21 1.376413788230593631e-20
2.409991417540000111e+04 6.983256958801126340e-21 -2.219471400076417792e-21 1.618598531767867198e-20
2.414024187539999912e+04 8.057020396677623994e-21 -2.558300352035556884e-21 1.867234114539080487e-20
2.418056957539999712e+04 9.120483404863724531e-21 -2.891820185424474478e-21 2.113278699515192505e-20
2.422089727539999876e+04 1.013162037716960389e-20 -3.203468609109373024e-21 2.346670936344858080e-20
2.426122497539999677e+04 1.104776831253153624e-20 -3.474908426836099866e-21 2.557044505189917235e-20
2.430155267539999841e+04 1.182920011235308888e-20 -3.687237384021012024e-21 2.734563760872719129e-20
2.434188037540000005e+04 1.244270231703165223e-20 -3.822528224358477284e-21 2.870793285842178476e-20
2.438220807540000169e+04 1.286470064286306749e-20 -3.865610791956739318e-21 2.959501207768287280e-20
2.442253577539999969e+04 1.308350496364362630e-20 -3.805973694451431438e-21 2.997298362173868705e-20
2.446286347540000133e+04 1.310034695757459256e-20 -3.639641153362003850e-21 2.984033506851119198e-20
2.450319117539999934e+04 1.292904553683929967e-20 -3.370868773954239200e-21 2.922895984763283703e-20
2.454351887539999734e+04 1.259433161508105854e-20 -3.013486293870920748e-21 2.820214952403303633e-20
2.458384657539999898e+04 1.212906086437327526e-20 -2.591665604928689852e-21 2.684978733367524037e-20
2.462417427539999699e+04 1.157070561756345306e-20 -2.139759720020612891e-21 2.528117095514751902e-20
2.466450197539999863e+04 1.095761559681815428e-20 -1.700594988191770668e-21 2.361582618182807922e-20
2.470482967539999663e+04 1.032555422708318191e-20 -1.321251099155465079e-21 2.197235955332182890e-20
2.474515737540000191e+04 9.704950879815244945e-21 -1.045311026252776736e-21 2.045521278588326663e-20
2.478548507539999991e+04 9.119173083216183917e-21 -9.017440935340522584e-22 1.914009025996641859e-20
2.482581277539999792e+04 8.583942754136713078e-21 -8.937661624662883755e-22 1.806165167073971453e-20
2.486614047539999956e+04 8.107830252232759618e-21 -9.943006068503843626e-22 1.720996111131590510e-20
2.490646817539999756e+04 7.693593477853013741e-21 -1.153008642586894369e-21 1.654019559829292185e-20
2.494679587539999557e+04 7.340014452054170097e-21 -1.312313538482391257e-21 1.599234244259073145e-20
2.498712357540000085e+04 7.043840223248824971e-21 -1.424232164121892097e-21 1.551191261061954204e-20
2.502745127539999885e+04 6.801462603312920778e-21 -1.461848201868509505e-21 1.506477340849434956e-20
2.506777897540000049e+04 6.610062863629761076e-21 -1.424488008033501997e-21 1.464461373529302340e-20
2.510810667540000213e+04 6.468082850174958965e-21 -1.338075142118614935e-21 1.427424084246853211e-20
2.514843437540000014e+04 6.375035888699042289e-21 -1.250996456994433844e-21 1.400106823439251692e-20
2.518876207539999814e+04 6.330810461799253920e-21 -1.223615455989830252e-21 1.388523637958833809e-20
2.522908977539999614e+04 6.334721427244418367e-21 -1.310084056032978924e-21 1.397952691052181415e-20
2.526941747539999778e+04 6.384609695657513975e-21 -1.537387954039259301e-21 1.430660734535428800e-20
2.530974517539999943e+04 6.476274581201181581e-21 -1.893620761446107676e-21 1.484616992384847084e-20
2.535007287539999743e+04 6.603447890625263226e-21 -2.333120230902246305e-21 1.554001601215277351e-20
2.539040057540000271e+04 6.758400271438505440e-21 -2.792559543898301426e-21 1.630936008677531080e-20
2.543072827540000071e+04 6.933131262176157540e-21 -3.206743550037098103e-21 1.707300607438941469e-20
2.547105597539999872e+04 7.120961366756474605e-21 -3.518700440241052982e-21 1.776062317375400219e-20
2.551138367540000036e+04 7.318242591348372277e-21 -3.684827487787639032e-21 1.832131267048438509e-20
2.555171137539999836e+04 7.525852686828666115e-21 -3.677570999501534083e-21 1.872927637315886481e-20
2.559203907539999636e+04 7.750147914148678372e-21 -3.487436082741466834e-21 1.898773191103882207e-20
2.563236677539999801e+04 8.003118435908478821e-21 -3.125073003456139664e-21 1.913130987527309731e-20
2.567269447539999965e+04 8.301607598675798598e-21 -2.623173688552151909e-21 1.922638888590375061e-20
2.571302217539999765e+04 8.665601207736729968e-21 -2.036593688017289530e-21 1.936779610349074947e-20
2.575334987539999929e+04 9.115740807290945108e-21 -1.437410141569364076e-21 1.966889175615125279e-20
2.579367757540000093e+04 9.670341616947158391e-21 -9.010845120178607611e-22 2.024176774591217905e-20
2.583400527539999894e+04 1.034228141238933894e-20 -4.843074467615026402e-22 2.116887027154017901e-20
2.587433297539999694e+04 1.113615934999435350e-20 -2.049975187686113951e-22 2.247731621875731990e-20
2.591466067539999858e+04 1.204610082212818596e-20 -3.903043655191176652e-23 2.413123208080828369e-20
2.595498837539999658e+04 1.305451193956477298e-20 6.383900043609430243e-23 2.604518487869345317e-20
2.599531607539999823e+04 1.413197790873645136e-20 1.572809634857018455e-22 2.810667485398719786e-20
2.603564377539999987e+04 1.523836985682755923e-20 2.814753724923176270e-22 3.019526434116280084e-20
2.607597147540000151e+04 1.632509162070315594e-20 4.556434059181384141e-22 3.219453983548817648e-20
2.611629917539999951e+04 1.733827680910719859e-20 6.779267159553922576e-22 3.399862690225900793e-20
2.615662687540000115e+04 1.822264879739450395e-20 9.296189787648335738e-22 3.551567861602417433e-20
2.619695457539999916e+04 1.892569006788647832e-20 1.181574547627627556e-21 3.666980558814533209e-20
2.623728227539999716e+04 1.940173677176601509e-20 1.401317046897986833e-21 3.740215649663404335e-20
2.627760997539999516e+04 1.961562097467056714e-20 1.559695780007824787e-21 3.767154616933330949e-20
2.631793767540000044e+04 1.954552578335814434e-20 1.636132706117004005e-21 3.745491886059928468e-20
2.635826537539999845e+04 1.918479414968256560e-20 1.621777094308572260e-21 3.674781120505656194e-20
2.639859307540000009e+04 1.854253469230993002e-20 1.520295633133209646e-21 3.556477375148665039e-20
2.643892077540000173e+04 1.764298840378537044e-20 1.346497632124436738e-21 3.393947917544630715e-20
2.647924847539999973e+04 1.652374657631748798e-20 1.123392940353681800e-21 3.192410021228129416e-20
2.651957617539999774e+04 1.523302830693966409e-20 8.784920469782594732e-22 2.958756456690107172e-20
2.655990387539999938e+04 1.382632052093766319e-20 6.401462650521899635e-22 2.701249477682313792e-20
2.660023157539999738e+04 1.236274138824830277e-20 4.345288185587435157e-22 2.429095395793786353e-20
2.664055927539999539e+04 1.090150058341445566e-20 2.835490609291176126e-22 2.151945210589979522e-20
2.668088697540000067e+04 9.498794946196118201e-21 2.036344708205909187e-22 1.879395542157164548e-20
2.672121467539999867e+04 8.205401158444109046e-21 2.049249623665856844e-22 1.620587735452163241e-20
2.676154237540000031e+04 7.065120329643656737e-21 2.899585480543779347e-22 1.384028211123293629e-20
2.680187007539999831e+04 6.114109742040248118e-21 4.503354049855251450e-22 1.177788407909497109e-20
2.684219777539999995e+04 5.381022596701908126e-21 6.594930392952229729e-22 1.010255215410859328e-20
2.688252547539999796e+04 4.887783311157493561e-21 8.624377895722147272e-22 8.913128832742772395e-21
2.692285317539999596e+04 4.650764487430931014e-21 9.779139580777967379e-22 8.323615016784065290e-21
2.696318087539999760e+04 4.682106197367965852e-21 9.470567972742299091e-22 8.417155597461701795e-21
2.700350857539999924e+04 4.990926411174466454e-21 8.001091487471181564e-22 9.181743673601815503e-21
2.704383627539999725e+04 5.584206295833767661e-21 6.331569108996745819e-22 1.053525568076785999e-20
2.708416397540000253e+04 6.467186922540085632e-21 5.332040397956610037e-22 1.240116980528450951e-20
2.712449167540000053e+04 7.643176758031564964e-21 5.490800529264510043e-22 1.473727346313667742e-20
2.716481937539999853e+04 9.112737161807512154e-21 6.963205408955120260e-22 1.752915378271951078e-20
2.720514707540000018e+04 1.087228428190501923e-20 9.655068600892868948e-22 2.077906170372075006e-20
2.724547477539999818e+04 1.291222062480885461e-20 1.327348112000501011e-21 2.449709313761720671e-20
2.728580247539999618e+04 1.521478807697830299e-20 1.736773587464050397e-21 2.869280256649255708e-20
2.732613017539999782e+04 1.775191273612372114e-20 2.138514608239145565e-21 3.336531086400829972e-20
2.736645787539999947e+04 2.048338139991173810e-20 2.474907239011069748e-21 3.849185556081240645e-20
2.740678557540000111e+04 2.335573488210740925e-20 2.694936769240152329e-21 4.401653299497466917e-20
2.744711327539999911e+04 2.630226578093343128e-20 2.762658100274315849e-21 4.984187346159254672e-20
2.748744097540000075e+04 2.924445029904203813e-20 2.663278388450615290e-21 5.582562220963346398e-20
2.752776867539999876e+04 3.209501480613698438e-20 2.405988271416270928e-21 6.178404134085770384e-20
2.756809637539999676e+04 3.476264065485998101e-20 2.023469935839558005e-21 6.750181137388041004e-20
2.760842407539999840e+04 3.715806443853042488e-20 1.568546330407649207e-21 7.274758254665320658e-20
2.764875177539999640e+04 3.920107066615267413e-20 1.108662569750581541e-21 7.729347876255476070e-20
2.768907947539999805e+04 4.082764614294246826e-20 7.189458091609573891e-22 8.093634647672397312e-20
2.772940717539999969e+04 4.199641891920112936e-20 4.745739259491020520e-22 8.351826391245315667e-20
2.776973487540000133e+04 4.269347972005970435e-20 4.431199182632413204e-22 8.494383952185616739e-20
2.781006257539999933e+04 4.293480183207370421e-20 6.774152310839330709e-22 8.519218843306347535e-20
2.785039027540000097e+04 4.276573259076944559e-20 1.209289886452559384e-21 8.432217529508633180e-20
2.789071797539999898e+04 4.225739504615438970e-20 2.044341850986179110e-21 8.247044824132260029e-20
2.793104567539999698e+04 4.150025868486461740e-20 3.157767147572171351e-21 7.984275022215705742e-20
2.797137337539999498e+04 4.059554661534013741e-20 4.491432613667733690e-21 7.669966061701253511e-20
2.801170107540000026e+04 3.964547564499739631e-20 5.953069502207038045e-21 7.333788178778774856e-20
2.805202877539999827e+04 3.874351874939993358e-20 7.419957982478481582e-21 7.006707951632138557e-20
2.809235647539999991e+04 3.796590152159365652e-20 8.751431468951568786e-21 6.718037157423574426e-20
2.813268417540000155e+04 3.736538781670593539e-20 9.814726064088249754e-21 6.491604956932362103e-20
2.817301187539999955e+04 3.696809639428378301e-20 1.052246110437092416e-20 6.341373168419664186e-20
2.821333957539999756e+04 3.677366686887608410e-20 1.086617266660119101e-20 6.268116107115097718e-20
2.825366727539999920e+04 3.675862485994453937e-20 1.092236425659539839e-20 6.259488546329368036e-20
2.829399497539999720e+04 3.688235600649253354e-20 1.082330186936030531e-20 6.294141014362476478e-20
2.833432267539999884e+04 3.709475583625349189e-20 1.071158734878341549e-20 6.347792432372356228e-20
2.837465037540000048e+04 3.734443128361774469e-20 1.070365587365309035e-20 6.398520669358239602e-20
2.841497807540000213e+04 3.758631864895863699e-20 1.087207001229823156e-20 6.430056728561904243e-20
2.845530577540000013e+04 3.778774944509889867e-20 1.124264535618364644e-20 6.433285353401415392e-20
2.849563347539999813e+04 3.793230542836780034e-20 1.179940720679335526e-20 6.406520364994225145e-20
2.853596117539999977e+04 3.802119637135142904e-20 1.249314103821741980e-20 6.354925170448543226e-20
2.857628887539999778e+04 3.807229312831787959e-20 1.325249337924679776e-20 6.289209287738896142e-20
2.861661657539999578e+04 3.811727916190578769e-20 1.399823207512110325e-20 6.223632624869047515e-20
2.865694427540000106e+04 3.819758763104752933e-20 1.466078191909676380e-20 6.173439334299829787e-20
2.869727197539999906e+04 3.835984002584242945e-20 1.519827585215185303e-20 6.152140419953300285e-20
2.873759967539999707e+04 3.865140427727685593e-20 1.560849945714504834e-20 6.169430909740866052e-20
2.877792737540000235e+04 3.911648755350710472e-20 1.592734610974231040e-20 6.230562899727190506e-20
2.881825507540000035e+04 3.979293701549783873e-20 1.621203898656262447e-20 6.337383504443305601e-20
2.885858277539999835e+04 4.070971188826788813e-20 1.651619181544539986e-20 6.490323196109037038e-20
2.889891047540000000e+04 4.188487008388746781e-20 1.686832907323538033e-20 6.690141109453955829e-20
2.893923817539999800e+04 4.332391056605037492e-20 1.726295733240712161e-20 6.938486379969363124e-20
2.897956587539999600e+04 4.501841927483481277e-20 1.766692942169693821e-20 7.236990912797268132e-20
2.901989357539999764e+04 4.694513695577852831e-20 1.803729668517475328e-20 7.585297722638229732e-20
2.906022127539999929e+04 4.906573406674859456e-20 1.834215852217005754e-20 7.978930961132713760e-20
2.910054897540000093e+04 5.132767035218960222e-20 1.857525458727341041e-20 8.408008611710579404e-20
2.914087667539999893e+04 5.366648230900481914e-20 1.875905333019329410e-20 8.857391128781634418e-20
2.918120437540000057e+04 5.600966375439357330e-20 1.893715971854766928e-20 9.308216779023947131e-20
2.922153207539999858e+04 5.828200936058179075e-20 1.916076990877926218e-20 9.740324881238431330e-20
2.926185977539999658e+04 6.041194341501412833e-20 1.947412976362769913e-20 1.013497570664005575e-19
2.930218747539999822e+04 6.233804420804527489e-20 1.990215902977212835e-20 1.047739293863184214e-19
2.934251517539999986e+04 6.401478614122486508e-20 2.044171800255868300e-20 1.075878542798910532e-19
2.938284287539999787e+04 6.541652027281834588e-20 2.105734504614596808e-20 1.097756954994907237e-19
2.942317057540000314e+04 6.653892009757804225e-20 2.168253132119591643e-20 1.113953088739601801e-19
2.946349827540000115e+04 6.739750317865602730e-20 2.222801931264550806e-20 1.125669870446665465e-19
2.950382597539999915e+04 6.802332681080029996e-20 2.259816201653904523e-20 1.134484916050615547e-19
2.954415367539999716e+04 6.845644669261994620e-20 2.271397899265314026e-20 1.141989143925867461e-19
2.958448137539999880e+04 6.873811934991316749e-20 2.253720945496317700e-20 1.149390292448631520e-19
2.962480907539999680e+04 6.890294260765918540e-20 2.208592973645175987e-20 1.157199554788666170e-19
2.966513677539999844e+04 6.897212592366115760e-20 2.143333551750489783e-20 1.165109163298174174e-19
2.970546447540000008e+04 6.894887431002709669e-20 2.068835668813128515e-20 1.172093919319229203e-19
2.974579217539999809e+04 6.881650887762009095e-20 1.996531385219055084e-20 1.176677039030496311e-19
2.978611987539999973e+04 6.853951331087726006e-20 1.935372742205893139e-20 1.177252991996955767e-19
2.982644757540000137e+04 6.806727382123930391e-20 1.889728723544357437e-20 1.172372604070350274e-19
2.986677527539999937e+04 6.733994074570683988e-20 1.858613387022903961e-20 1.160937476211846401e-19
2.990710297539999738e+04 6.629562519855636314e-20 1.836232309709289950e-20 1.142289273000198208e-19
2.994743067539999902e+04 6.487806393897689900e-20 1.813569953757278906e-20 1.116204283403810029e-19
2.998775837539999702e+04 6.304392238512696735e-20 1.780597404847971197e-20 1.082818707217742227e-19
3.002808607539999866e+04 6.076902572964477710e-20 1.728605795070908263e-20 1.042519935085804716e-19
3.006841377539999667e+04 5.805297422399841877e-20 1.652161857753779203e-20 9.958432987045904551e-20
3.010874147540000195e+04 5.492178055632317515e-20 1.550270768830635008e-20 9.434085342434000623e-20
3.014906917539999995e+04 5.142834626200802121e-20 1.426535922153285458e-20 8.859133330248318784e-20
3.018939687539999795e+04 4.765076266501466818e-20 1.288380756593351687e-20 8.241771776409581346e-20
3.022972457539999959e+04 4.368857856057563791e-20 1.145637409163260222e-20 7.592078302951867359e-20
3.027005227539999760e+04 3.965732074122115933e-20 1.008907455213534623e-20 6.922556693030697845e-20
3.031037997539999560e+04 3.568167992902223147e-20 8.880338574412313138e-21 6.248302128363215282e-20
3.035070767540000088e+04 3.188787478824395128e-20 7.908470165459679652e-21 5.586727941102822591e-20
3.039103537539999888e+04 2.839576981718324218e-20 7.221483876832045415e-21 4.957005575753443894e-20
3.043136307540000053e+04 2.531134098276329690e-20 6.827429793876219093e-21 4.379525217165037170e-20
3.047169077540000217e+04 2.272005417747327000e-20 6.683075438430521476e-21 3.875703291651601852e-20
3.051201847540000017e+04 2.068165171838475407e-20 6.682211086624661747e-21 3.468109235014484338e-20
3.055234617539999817e+04 1.922674263229916138e-20 6.657432115306248767e-21 3.179605314929207550e-20
3.059267387539999982e+04 1.835547624530599157e-20 6.428808412639639171e-21 3.028214407797234548e-20
3.063300157539999782e+04 1.803845505792382465e-20 5.908610832226374807e-21 3.016829928362127750e-20
3.067332927539999946e+04 1.821991483981893087e-20 5.164986275236105217e-21 3.127484340440175501e-20
3.071365697539999746e+04 1.882306347753298613e-20 4.357190077600049604e-21 3.328893687746592567e-20
3.075398467539999911e+04 1.975731838120202035e-20 3.634223883525053193e-21 3.588041287887898750e-20
3.079431237540000075e+04 2.092701102487267196e-20 3.094797202537366475e-21 3.875922484720797443e-20
3.083464007539999875e+04 2.224094125678535696e-20 2.794333422385795706e-21 4.168754909118492123e-20
3.087496777540000039e+04 2.362198113238322223e-20 2.760577444080553649e-21 4.448338482068589082e-20
3.091529547539999840e+04 2.501577887891194323e-20 3.000829854412045403e-21 4.703072790341184106e-20
3.095562317539999640e+04 2.639753713132028798e-20 3.496512536934162156e-21 4.929856172570641080e-20
3.099595087539999804e+04 2.777587452218886738e-20 4.184152384388807865e-21 5.136759665998892991e-20
3.103627857539999968e+04 2.919295441767434841e-20 4.925090682082528775e-21 5.346081815326617106e-20
3.107660627539999768e+04 3.072038769612888877e-20 5.477072082141579621e-21 5.596370331011620393e-20
3.111693397540000296e+04 3.245087074799789818e-20 5.501493271726608953e-21 5.940024822426918740e-20
3.115726167540000097e+04 3.448606093375988472e-20 4.645032646006466442e-21 6.432708922151330902e-20
3.119758937539999897e+04 3.692175191282638827e-20 2.673679904413811420e-21 7.116982392123895911e-20
3.123791707539999697e+04 3.983190826712873660e-20 -4.437374502792468134e-22 8.010755398453672001e-20
3.127824477539999862e+04 4.325346781539005019e-20 -4.560781261705871907e-21 9.106771689248597830e-20
3.131857247539999662e+04 4.717394721738579997e-20 -9.431094174106888626e-21 1.037789886088784886e-19
3.135890017539999826e+04 5.152374285244009806e-20 -1.476979749312736940e-20 1.178172831980075535e-19
3.139922787539999990e+04 5.617459153175947927e-20 -2.028384694344778269e-20 1.326330300069667533e-19
3.143955557540000154e+04 6.094497462821710285e-20 -2.568463296152470510e-20 1.475745822179589228e-19
3.147988327539999955e+04 6.561238928091326138e-20 -3.069549699952541940e-20 1.619202755613519301e-19
3.152021097540000119e+04 6.993148394357556112e-20 -3.506010814096263494e-20 1.749230760281137572e-19
3.156053867539999919e+04 7.365619866961288347e-20 -3.855306486306859301e-20 1.858654622022943600e-19
3.160086637539999720e+04 7.656340150015449146e-20 -4.099181777436601128e-20 1.941186207746749942e-19
3.164119407539999884e+04 7.847518714398880230e-20 -4.224807459214376210e-20 1.991984488801213667e-19
3.168152177540000048e+04 7.927707295647370343e-20 -4.225669020755341308e-20 2.008108361205008199e-19
3.172184947539999848e+04 7.892979743726838762e-20 -4.102041329670373252e-20 1.988800081712405198e-19
3.176217717539999649e+04 7.747323712375046273e-20 -3.860959629742255844e-20 1.935560705449234959e-19
3.180250487540000177e+04 7.502198766879063442e-20 -3.515690556700943601e-20 1.852008809045906928e-19
3.184283257539999977e+04 7.175324362432756929e-20 -3.084799239913148016e-20 1.743544796477866187e-19
3.188316027539999777e+04 6.788858904552277419e-20 -2.590979359147212044e-20 1.616869716825176688e-19
3.192348797539999941e+04 6.367202987742443168e-20 -2.059842384868725110e-20 1.479424836035361024e-19
3.196381567539999742e+04 5.934696074667490019e-20 -1.518830156051352576e-20 1.338822230538633262e-19
3.200414337539999542e+04 5.513472979654165908e-20 -9.962942832683610482e-21 1.202324024257669166e-19
3.204447107540000070e+04 5.121707886828181785e-20 -5.205345906110803342e-21 1.076395036426744390e-19
3.208479877539999870e+04 4.772408095377762740e-20 -1.181824875836370642e-21 9.662998678339162543e-20
3.212512647540000034e+04 4.472839425811029008e-20 1.890544407315966653e-21 8.756624410890460750e-20
3.216545417540000199e+04 4.224583227167433807e-20 3.897683284539981813e-21 8.059398125880868831e-20
3.220578187539999999e+04 4.024152633463715397e-20 4.882917034039808132e-21 7.560013563523450584e-20
3.224610957539999799e+04 3.864041341458423179e-20 5.051595666096625040e-21 7.222923116307183251e-20
3.228643727539999600e+04 3.734045949153770015e-20 4.698336004961997128e-21 6.998258297811340318e-20
3.232676497539999764e+04 3.622693187542864695e-20 4.102997485298606088e-21 6.835086626555868780e-20
3.236709267539999564e+04 3.518613547722394739e-20 3.464637179158923210e-21 6.690763377528896556e-20
3.240742037540000092e+04 3.411728322247741017e-20 2.892211767001432344e-21 6.534235467795338800e-20
3.244774807539999529e+04 3.294152680164032863e-20 2.427912118397817254e-21 6.345514148488284001e-20
3.248807577540000057e+04 3.160757969045238247e-20 2.076516646621151794e-21 6.113864273428361917e-20
3.252840347539999857e+04 3.009377538495421023e-20 1.827493433923888577e-21 5.836005733598452586e-20
3.256873117540000021e+04 2.840678386420646553e-20 1.666823875884644968e-21 5.514674385252828610e-20
3.260905887539999821e+04 2.657752980048937880e-20 1.580165498085230306e-21 5.157489410289352729e-20
3.264938657539999622e+04 2.465509469728505742e-20 1.550426614460940194e-21 4.775976278010917165e-20
3.268971427540000514e+04 2.269952550958126196e-20 1.552996950332033929e-21 4.384605406883048998e-20
3.273004197539999586e+04 2.077450471736813028e-20 1.551752902312594248e-21 3.999725653242366331e-20
3.277036967540000478e+04 1.894076046243606874e-20 1.499009275743148809e-21 3.638251164912898867e-20
3.281069737539999187e+04 1.725092050639394386e-20 1.342673173701168184e-21 3.315916783908671953e-20
3.285102507540000079e+04 1.574626292423498671e-20 1.042446819437773687e-21 3.045007902903219973e-20
3.289135277540000243e+04 1.445552318050284098e-20 5.912820898772127518e-22 2.831976427112846619e-20
3.293168047539999679e+04 1.339562230242796491e-20 2.941026676971651864e-23 2.676183433808621480e-20
3.297200817539999844e+04 1.257392600865990781e-20 -5.630018742960096115e-22 2.571085389161582523e-20
3.301233587540000008e+04 1.199146528010266633e-20 -1.093895868464131896e-21 2.507682642866946305e-20
3.305266357540000172e+04 1.164646734012603528e-20 -1.491697076593098152e-21 2.478463175684516721e-20
3.309299127539999608e+04 1.153756734454731542e-20 -1.727008478201980416e-21 2.480214316729661125e-20
3.313331897539999773e+04 1.166618220703135613e-20 -1.819552670546163322e-21 2.515191708460887558e-20
3.317364667539999937e+04 1.203770112168653604e-20 -1.832005596532024386e-21 2.590740783990509646e-20
3.321397437540000101e+04 1.266134668547071190e-20 -1.852476449413724416e-21 2.717516982035514973e-20
3.325430207539999537e+04 1.354875066808491687e-20 -1.969478247543827319e-21 2.906697958371365956e-20
3.329462977539999702e+04 1.471144240181075583e-20 -2.249520551140901613e-21 3.167240535476241328e-20
3.333495747540000593e+04 1.615755214321200093e-20 -2.729455864040912536e-21 3.504456015046491439e-20
3.337528517539999302e+04 1.788808809778342933e-20 -3.425942277912038353e-21 3.920211847347890003e-20
3.341561287540000194e+04 1.989316698861089626e-20 -4.351748133058431270e-21 4.413808211028022379e-20
3.345594057539999631e+04 2.214858136057033235e-20 -5.526346677573027473e-21 4.982350939871369218e-20
3.349626827539999795e+04 2.461308555424742350e-20 -6.975154557110526755e-21 5.620132566560537375e-20
3.353659597539999959e+04 2.722677901159664711e-20 -8.719183718646237435e-21 6.317274174183953165e-20
3.357692367540000123e+04 2.991094943248660439e-20 -1.076062870079600131e-20 7.058252756576921611e-20
3.361725137539999560e+04 3.256968796131568606e-20 -1.307024147021206848e-20 7.820961739284344060e-20
3.365757907539999724e+04 3.509348038937032033e-20 -1.558060524726356191e-20 8.576756602600419655e-20
3.369790677540000615e+04 3.736479734669127961e-20 -1.818696624296040764e-20 9.291656093634297287e-20
3.373823447539999324e+04 3.926545657782895543e-20 -2.075515272076263424e-20 9.928606587642055112e-20
3.377856217540000216e+04 4.068524002944369322e-20 -2.313475697820496929e-20 1.045052370370923497e-19
3.381888987540000380e+04 4.153096845347561585e-20 -2.517513853214784433e-20 1.082370754390990700e-19
3.385921757539999817e+04 4.173502981895251509e-20 -2.674170829831071131e-20 1.102117679362157535e-19
3.389954527539999981e+04 4.126228485977989176e-20 -2.773019612178789306e-20 1.102547658413476645e-19
3.393987297540000145e+04 4.011437257650417770e-20 -2.807708872989599605e-20 1.083058338829043454e-19
3.398020067539999582e+04 3.833071506526450289e-20 -2.776508505842888753e-20 1.044265151889578873e-19
3.402052837539999746e+04 3.598593960081532048e-20 -2.682317289577680451e-20 9.879505209740744547e-20
3.406085607540000638e+04 3.318392693831108863e-20 -2.532168528369564417e-20 9.168953916031781541e-20
3.410118377539999346e+04 3.004916912730872343e-20 -2.336334022790027035e-20 8.346167848251771720e-20
3.414151147540000238e+04 2.671648931443498184e-20 -2.107171228113907619e-20 7.450469091000903686e-20
3.418183917539999675e+04 2.332037286976560945e-20 -1.857877536365844320e-20 6.521952110318965909e-20
3.422216687539999839e+04 1.998515277359720998e-20 -1.601308607872223949e-20 5.598339162591666247e-20
3.426249457540000003e+04 1.681709348974340281e-20 -1.348988540923284031e-20 4.712407238871964293e-20
3.430282227539999440e+04 1.389907459416415295e-20 -1.110395858564717233e-20 3.890210777397548125e-20
3.434314997540000331e+04 1.128816018895621883e-20 -8.925599621041980223e-21 3.150191999895442088e-20
3.438347767539999768e+04 9.015930871604932418e-21 -6.999567892674756717e-21 2.503142963588462306e-20
3.442380537539999932e+04 7.091119182463762356e-21 -5.346571498675214981e-21 1.952880986360274120e-20
3.446413307539999369e+04 5.503871159906238030e-21 -3.966615560217625032e-21 1.497435788003010034e-20
3.450446077540000260e+04 4.230871328359766406e-21 -2.843550016998841088e-21 1.130529267371837465e-20
3.454478847539999697e+04 3.240604725028205499e-21 -1.950400373061471511e-21 8.431609823117882509e-21
3.458511617539999861e+04 2.498156652123689052e-21 -1.255722064181329795e-21 6.252035368428708275e-21
3.462544387540000025e+04 1.969128816428991955e-21 -7.325652448578284806e-22 4.670822877715812014e-21
3.466577157539999462e+04 1.622440441860978292e-21 -3.729574732240974652e-22 3.617838356946053674e-21
3.470609927540000353e+04 1.431954404414669478e-21 -2.021472001070801657e-22 3.066056008936419122e-21
3.474642697539999790e+04 1.377003402113625866e-21 -2.485485115300169615e-22 3.002555315757268694e-21
3.478675467539999954e+04 1.441983996500819164e-21 -4.718462436062211388e-22 3.355814236607859466e-21
3.482708237540000118e+04 1.615240916350101223e-21 -7.969866639705628657e-22 4.027468496670765687e-21
3.486741007540000282e+04 1.887489247207070169e-21 -1.181169199386814033e-21 4.956147693800954746e-21
3.490773777539999719e+04 2.250027571944204082e-21 -1.610207239689545343e-21 6.110262383577953508e-21
3.494806547539999883e+04 2.692987516364877158e-21 -2.079271577178306221e-21 7.465246609908059784e-21
3.498839317540000047e+04 3.203846893677720968e-21 -2.583024278204077205e-21 8.990718065559519518e-21
3.502872087539999484e+04 3.766403224264574209e-21 -3.112045723891544215e-21 1.064485217242069188e-20
3.506904857540000376e+04 4.360358420144107381e-21 -3.651961535594427067e-21 1.237267837588264183e-20
3.510937627539999812e+04 4.961601373675183035e-21 -4.183812717656154984e-21 1.410701546500652181e-20
3.514970397539999976e+04 5.543194190665562151e-21 -4.685169874098977127e-21 1.577155825543010293e-20
3.519003167540000140e+04 6.076976227510898836e-21 -5.131782214639884773e-21 1.728573466966168169e-20
3.523035937540000305e+04 6.535609543884492389e-21 -5.499593190994377161e-21 1.857081227876336043e-20
3.527068707539999741e+04 6.894814895950082926e-21 -5.766922125236668135e-21 1.955655191713683399e-20
3.531101477539999905e+04 7.135504136223510356e-21 -5.916575072935265941e-21 2.018758334538228665e-20
3.535134247540000069e+04 7.245514261685276083e-21 -5.937637950467764355e-21 2.042866647383831502e-20
3.539167017539999506e+04 7.220694579820886342e-21 -5.826731577313550260e-21 2.026812073695532294e-20
3.543199787540000398e+04 7.065186644038118425e-21 -5.588570805755682318e-21 1.971894409383192067e-20
3.547232557539999107e+04 6.790852972861867622e-21 -5.235758526301983300e-21 1.881746447202572005e-20
3.551265327539999998e+04 6.415934966413168123e-21 -4.787844319411112009e-21 1.761971425223744750e-20
3.555298097540000163e+04 5.963130559395886912e-21 -4.269768837374290831e-21 1.619602995616606390e-20
3.559330867539999599e+04 5.457358392367944954e-21 -3.709882087396924455e-21 1.462459887213281286e-20
3.563363637539999763e+04 4.923505004023954350e-21 -3.137754682245674148e-21 1.298476469029358360e-20
3.567396407539999927e+04 4.384431669090695753e-21 -2.581990296939236397e-21 1.135085363512062866e-20
3.571429177540000092e+04 3.859454803134587655e-21 -2.068196857988304300e-21 9.787106464257479610e-21
3.575461947539999528e+04 3.363422959828241453e-21 -1.617195031364892334e-21 8.344040951021375241e-21
3.579494717540000420e+04 2.906413189924000701e-21 -1.243465963749054448e-21 7.056292343597056226e-21
3.583527487539999856e+04 2.493978630072417025e-21 -9.538344280587426368e-22 5.941791688203576686e-21
3.587560257540000021e+04 2.127812368064622576e-21 -7.465565314258792213e-22 5.002181267555124374e-21
3.591593027540000185e+04 1.806658066901486232e-21 -6.113633914204953003e-22 4.224679525223467764e-21
3.595625797539999621e+04 1.527296366551334626e-21 -5.312624541971258415e-22 3.585855187299795281e-21
3.599658567539999785e+04 1.285462158294367023e-21 -4.863138706445584406e-22 3.057238187233292675e-21
3.603691337539999950e+04 1.076591657588606249e-21 -4.581786283774340925e-22 2.611361943554646591e-21
3.607724107540000114e+04 8.963485087100603669e-22 -4.334400188196019745e-22 2.226137036239722520e-21
3.611756877539999550e+04 7.409247236835995534e-22 -4.045969528704872820e-22 1.886446400237686295e-21
3.615789647540000442e+04 6.071477768448462807e-22 -3.691511313982213356e-22 1.583446685087913803e-21
3.619822417539999878e+04 4.924460769538274415e-22 -3.278902802301508775e-22 1.312782434137805855e-21
3.623855187540000043e+04 3.947313629985042277e-22 -2.832331856861155161e-22 1.072695911683123972e-21
3.627887957540000207e+04 3.122511007533075371e-22 -2.380155069849316280e-22 8.625177084915467492e-22
3.631920727539999643e+04 2.434509788814689198e-22 -1.947604981730277439e-22 6.816624559359655364e-22
3.635953497540000535e+04 1.868716535744298266e-22 -1.553368326450525033e-22 5.290801397939121800e-22
3.639986267539999244e+04 1.410887838886547772e-22 -1.208772590406006604e-22 4.030548268179101914e-22
3.644019037540000136e+04 1.046936663394227363e-22 -9.184929492827458317e-23 3.012366276071200558e-22
3.648051807539999572e+04 7.630452902907312065e-23 -6.819809890048621440e-23 2.208071569586324675e-22
3.652084577539999736e+04 5.459567947166444363e-23 -4.950870732649455936e-23 1.587000662698234466e-22
3.656117347539999901e+04 3.833229559187254093e-23 -3.515623853516904165e-23 1.118208297189141117e-22
3.660150117540000065e+04 2.640141451999770943e-23 -2.442825510478105492e-23 7.723108414477647083e-23
3.664182887539999501e+04 1.783332888559873390e-23 -1.661407463209229783e-23 5.228073240328976269e-23
3.668215657539999665e+04 1.181113201443535346e-23 -1.106244840401280672e-23 3.468471243288351365e-23
3.672248427540000557e+04 7.668928123530023350e-24 -7.212639896342985920e-24 2.255049614340303115e-23
3.676281197539999266e+04 4.880981607366457092e-24 -4.605373721441064775e-24 1.436733693617397969e-23
3.680313967540000158e+04 3.044852898779161906e-24 -2.880114326625177846e-24 8.969820124183501290e-24
3.684346737540000322e+04 1.861567469402031224e-24 -1.764270090134522102e-24 5.487405028938584917e-24
3.688379507539999759e+04 1.115369098092247518e-24 -1.058666405387525686e-24 3.289404601572020722e-24
3.692412277539999923e+04 6.548858304808968915e-25 -6.223201291555485540e-25 1.932091790117342153e-24
3.696445047540000087e+04 3.767940423497897933e-25 -3.583820669176966823e-25 1.111970151617276223e-24
3.700477817539999523e+04 2.124328604192780109e-25 -2.021946392230242736e-25 6.270603600615802495e-25
3.704510587539999688e+04 1.173570315129753900e-25 -1.117620171088610679e-25 3.464760801348118709e-25
3.708543357540000579e+04 6.352708328799989814e-26 -6.052405741521773117e-26 1.875782239912175389e-25
3.712576127539999288e+04 3.369499357305623400e-26 -3.211273098198898536e-26 9.950271812810145911e-26
3.716608897540000180e+04 1.751152872744290514e-26 -1.669347143148324535e-26 5.171652888636906137e-26
3.720641667540000344e+04 8.917261841800401997e-27 -8.502370309738944606e-27 2.633689399333974716e-26
3.724674437539999781e+04 4.449232271716904552e-27 -4.242874726221557741e-27 1.314133926965536756e-26
3.728707207539999945e+04 2.175117208034959248e-27 -2.074481100008801254e-27 6.424715516078719392e-27
3.732739977540000109e+04 1.041891910765218727e-27 -9.937784575353264459e-28 3.077562279065764080e-27
3.736772747540000273e+04 4.889943436047126789e-28 -4.664465095979515387e-28 1.444435196807376807e-27
3.740805517539999710e+04 2.248667293715927021e-28 -2.145098993495864381e-28 6.642433580927718872e-28
3.744838287539999874e+04 1.013178622327463802e-28 -9.665556544124269673e-29 2.992912899067354796e-28
3.748871057539999310e+04 4.472864026888428728e-29 -4.267180940674574271e-29 1.321290899445143173e-28
3.752903827540000202e+04 1.934745234646673147e-29 -1.845824502170141575e-29 5.715314971463487308e-29
3.756936597539999639e+04 8.199737242969802940e-30 -7.823035295539422693e-30 2.422250978147902857e-29
3.760969367539999803e+04 3.404974582947114374e-30 -3.248598219816119336e-30 1.005854738571034879e-29
3.765002137539999967e+04 1.385368760433212867e-30 -1.321760508741165551e-30 4.092498029607591461e-30
3.769034907539999404e+04 5.522736460077169896e-31 -5.269213268868658347e-31 1.631468618902299901e-30
3.773067677540000295e+04 2.157150944242050560e-31 -2.058141140022440338e-31 6.372443028506541020e-31
3.777100447539999732e+04 8.255510598154131422e-32 -7.876640236976943160e-32 2.438766143328520491e-31
3.781133217539999896e+04 3.095597267632959778e-32 -2.953543876821840407e-32 9.144738412087759963e-32
3.785165987540000060e+04 1.137318287156384389e-32 -1.085131747833099785e-32 3.359768322145868426e-32
3.789198757540000224e+04 4.094082559872432858e-33 -3.906233391065098733e-33 1.209439851080996377e-32
3.793231527539999661e+04 1.444003150656449209e-33 -1.377750636282015532e-33 4.265756937594913950e-33
3.797264297539999825e+04 4.990184792290683072e-34 -4.761236960304446649e-34 1.474160654488581279e-33
3.801297067539999989e+04 1.689670560666814031e-34 -1.612151082816722370e-34 4.991492204150350646e-34
3.805329837539999426e+04 5.605629000072340113e-35 -5.348456493229416975e-35 1.655971449337409613e-34
3.809362607540000317e+04 1.822147615699565352e-35 -1.738553239343465732e-35 5.382848470742596435e-35
3.813395377539999754e+04 5.803361775392632596e-36 -5.537125047610208459e-36 1.714384859839547365e-35
3.817428147539999918e+04 1.810975632797531937e-36 -1.727895552325885438e-36 5.349846817920949313e-36
3.821460917540000082e+04 5.537100891546943015e-37 -5.283083401649550605e-37 1.635728518474343747e-36
3.825493687540000246e+04 1.658781298594865363e-37 -1.582684235670569165e-37 4.900246832860299890e-37
3.829526457539999683e+04 4.868920504070754022e-38 -4.645558358842356420e-38 1.438339936698386342e-37
3.833559227539999847e+04 1.400274223104122151e-38 -1.336036738420766610e-38 4.136585184629011173e-38
3.837591997540000739e+04 3.945757216199209812e-39 -3.764746342939435952e-39 1.165626077533785558e-38
3.841624767539999448e+04 1.089392742934791322e-39 -1.039417155650830811e-39 3.218202641520413292e-39
3.845657537540000340e+04 2.946968190581057876e-40 -2.811777060777745687e-40 8.705713441939861846e-40
3.849690307539999776e+04 7.810939414392214496e-41 -7.452615749161627002e-41 2.307449457794605701e-40
3.853723077539999940e+04 2.028466969790128795e-41 -1.935411961041540109e-41 5.992345900621797698e-41
3.857755847540000104e+04 5.161423096550200006e-42 -4.924645309168338083e-42 1.524749150226873873e-41
3.861788617539999541e+04 1.286790453816352060e-42 -1.227759597731753344e-42 3.801340505364457782e-42
3.865821387539999705e+04 3.143279849753815030e-43 -2.999083552352113436e-43 9.285643251859743894e-43
3.869854157539999869e+04 7.523070208254022502e-44 -7.177953466660901740e-44 2.222409388316894475e-43
3.873886927540000033e+04 1.764184610572096544e-44 -1.683253625392845376e-44 5.211622846537038713e-44
3.877919697539999470e+04 4.053496400059906635e-45 -3.867544551319057308e-45 1.197453735143887058e-44
3.881952467540000362e+04 9.125410327412224715e-46 -8.706787369914990475e-46 2.695760802473944146e-45
3.885985237539999798e+04 2.012852074611790158e-46 -1.920513653175001089e-46 5.946217802398581406e-46
3.890018007539999962e+04 4.350189391178212388e-47 -4.150626995119912470e-47 1.285100577747633676e-46
3.894050777540000126e+04 9.211732497214754212e-48 -8.789149683609990766e-48 2.721261467803949676e-47
3.898083547539999563e+04 1.911222802257305562e-48 -1.823546584674902434e-48 5.645992189189513861e-48
3.902116317539999727e+04 3.885242815495666253e-49 -3.707009603309311052e-49 1.147749523430064356e-48
3.906149087539999891e+04 7.738590417574734571e-50 -7.383587179508271523e-50 2.286076801465774256e-49
3.910181857540000055e+04 1.510227603299684244e-50 -1.440946811054076098e-50 4.461402017653444823e-50
3.914214627539999492e+04 2.887751338524677421e-51 -2.755277467740153878e-51 8.530780144789508720e-51
3.918247397540000384e+04 5.410208858504369357e-52 -5.162018757057741273e-52 1.598243647406648073e-51
3.922280167539999820e+04 9.931277470409335450e-53 -9.475686051213696364e-53 2.933824099203236726e-52
3.926312937539999984e+04 1.786212185729942578e-53 -1.704270769915420193e-53 5.276695141375305812e-53
3.930345707540000149e+04 3.147732565661452175e-54 -3.003332217734175522e-54 9.298797349057079872e-54
3.934378477539999585e+04 5.434998816464081879e-55 -5.185671499380626600e-55 1.605566913230879108e-54
3.938411247540000477e+04 9.194707705832630009e-56 -8.772905996084528258e-56 2.716232140774978828e-55
3.942444017539999913e+04 1.524099249202777082e-56 -1.454182109099436030e-56 4.502380607504989967e-56
3.946476787540000078e+04 2.475286183819982861e-57 -2.361733913173399218e-57 7.312306280813364941e-57
3.950509557539999514e+04 3.938895270443288008e-58 -3.758200810233057688e-58 1.163599135111963300e-57
3.954542327540000406e+04 6.141299772850542290e-59 -5.859571326311352967e-59 1.814217087201243666e-58
3.958575097539999842e+04 9.381731672506880129e-60 -8.951350355141134986e-60 2.771481370015489524e-59
3.962607867540000007e+04 1.404243962688917076e-60 -1.339825112623207910e-60 4.148313038001041784e-60
3.966640637539999443e+04 2.059391759236244739e-61 -1.964918396780694420e-61 6.083701915253184243e-61
3.970673407539999607e+04 2.959185723337074458e-62 -2.823434852239266388e-62 8.741806298913415303e-62
3.974706177540000499e+04 4.166221184016984004e-63 -3.975098284837114810e-63 1.230754065287108282e-62
3.978738947539999208e+04 5.747106828327545716e-64 -5.483461748045392577e-64 1.697767540470048468e-63
3.982771717540000100e+04 7.767711093567574675e-65 -7.411372004095602369e-65 2.294679419123075341e-64
3.986804487540000264e+04 1.028664390679457429e-65 -9.814750284783271545e-66 3.038803809837242012e-65
3.990837257539999700e+04 1.334723156208321486e-66 -1.273493531642010110e-66 3.942939844058652818e-66
3.994870027539999865e+04 1.696858121822638478e-67 -1.619015772834543517e-67 5.012732016479820803e-67
3.998902797540000029e+04 2.113667721172140409e-68 -2.016704481721619482e-68 6.244039924065900299e-68
4.002935567539999465e+04 2.579673522255768788e-69 -2.461332546085477077e-69 7.620679590597014139e-69
4.006968337539999629e+04 3.084818554149627714e-70 -2.943304352513356992e-70 9.112941460812612421e-70
4.011001107540000521e+04 3.614359522821154384e-71 -3.448552946746667730e-71 1.067727199238897690e-70
4.015033877539999230e+04 4.149253058857599852e-72 -3.958908562526566029e-72 1.225741468024176573e-71
4.019066647540000122e+04 4.667081049759457957e-73 -4.452981504823004915e-73 1.378714360434192083e-72
4.023099417540000286e+04 5.143486573860314044e-74 -4.907532211147259756e-74 1.519450535886788863e-73
4.027132187539999723e+04 5.554010869274172623e-75 -5.299223950649973852e-75 1.640724568919832008e-74
4.031164957539999887e+04 5.876147483277676499e-76 -5.606582740632220961e-76 1.735887770718757396e-75
4.035197727540000051e+04 6.091377248646548174e-77 -5.811938969562548870e-77 1.799469346685564522e-76
4.039230497540000215e+04 6.186929305504398187e-78 -5.903107633104284069e-78 1.827696624411308140e-77
4.043263267539999651e+04 6.157035500280184168e-79 -5.874585188273061100e-79 1.818865618883342944e-78
4.047296037540000543e+04 6.003506829370029594e-80 -5.728099553091145878e-80 1.773511321183120507e-79
4.051328807539999252e+04 5.735551816741815806e-81 -5.472436816010658867e-81 1.694354044949428954e-80
4.055361577540000144e+04 5.368862154931974206e-82 -5.122568822581082391e-82 1.586029313244503197e-81
4.059394347540000308e+04 4.924091868117949404e-83 -4.698202106004435058e-83 1.454638584224033533e-82
4.063427117539999745e+04 4.424934918199906009e-84 -4.221943681884810638e-84 1.307181351828462357e-83
4.067459887539999909e+04 3.896049583903778933e-85 -3.717320645196121379e-85 1.150941981300367925e-84
4.071492657540000073e+04 3.361080471838179558e-86 -3.206892920395298571e-86 9.929053864071658402e-86
4.075525427540000237e+04 2.840993192554094384e-87 -2.710664333219816291e-87 8.392650718328004614e-87
4.079558197539999674e+04 2.352872115943919551e-88 -2.244935518336460621e-88 6.950679750224300281e-88
4.083590967539999838e+04 1.909252201421534753e-89 -1.821666401411649770e-89 5.640170804254719625e-89
4.087623737540000002e+04 1.517976766411855648e-90 -1.448340492386066838e-90 4.484294025209777698e-90
4.091656507540000166e+04 1.182507206721222852e-91 -1.128260397608770857e-91 3.493274811051216561e-91
4.095689277539999603e+04 9.025667186376274453e-93 -8.611620115720791393e-93 2.666295448847334200e-92
4.099722047539999767e+04 6.749812075336419697e-94 -6.440168493365570208e-94 1.993979264403841067e-93
4.103754817540000658e+04 4.945849482117713746e-95 -4.718961602508817274e-95 1.461066056674424410e-94
4.107787587539999367e+04 3.550806091404467734e-96 -3.387914990918288409e-96 1.048952717372722346e-95
4.111820357540000259e+04 2.497755158199767028e-97 -2.383172137896570809e-97 7.378682454296105384e-97
4.115853127539999696e+04 1.721510278696544063e-98 -1.642537026827370506e-98 5.085557584220458632e-98
4.119885897539999860e+04 1.162535498180242860e-99 -1.109204879222713011e-99 3.434275875583198935e-99
4.123918667540000024e+04 7.692007042868325859e-101 -7.339140831673854587e-101 2.272315491741050504e-100
4.127951437540000188e+04 4.986662440226410891e-102 -4.757902290634597734e-102 1.473122717108742031e-101
4.131984207539999625e+04 3.167503588289785087e-103 -3.022196260317323382e-103 9.357203436896894548e-103
4.136016977539999789e+04 1.971338064065510313e-104 -1.880904112331811010e-104 5.823580240462831636e-104
4.140049747540000681e+04 1.202103736603349492e-105 -1.146957948432102125e-105 3.551165421638801302e-105
4.144082517539999390e+04 7.182235378416752384e-107 -6.852754636685249999e-107 2.121722539351875356e-106
4.148115287540000281e+04 4.204498171141406609e-108 -4.011619338431552347e-108 1.242061568071436557e-107
4.152148057539999718e+04 2.411601521922443848e-109 -2.300970748028352121e-109 7.124173791873240289e-109
4.156180827539999882e+04 1.355294818445365646e-110 -1.293121481243379674e-110 4.003711118134111261e-110
4.160213597540000046e+04 7.462749326293057982e-112 -7.120400175390554001e-112 2.204589882797667089e-111
4.164246367540000210e+04 4.026250365028946116e-113 -3.841548543552462781e-113 1.189404927361035501e-112
4.168279137539999647e+04 2.128332847754373286e-114 -2.030696854448316643e-114 6.287362549957062854e-114
4.172311907539999811e+04 1.102338982156654366e-115 -1.051769842279678004e-115 3.256447806592986736e-115
4.176344677540000703e+04 5.594066578877747539e-117 -5.337442128606589542e-117 1.652557528636208603e-116
4.180377447539999412e+04 2.781486416741052791e-118 -2.653887395069090842e-118 8.216860228551197305e-118
4.184410217540000303e+04 1.355074283189727938e-119 -1.292911062910403740e-119 4.003059629289859342e-119
4.188442987539999740e+04 6.468239771036585214e-121 -6.171513149703201130e-121 1.910799269177637156e-120
4.192475757539999904e+04 3.025143390353131213e-122 -2.886366751106116217e-122 8.936653531812378643e-122
4.196508527540000068e+04 1.386253534845564899e-123 -1.322659985090670888e-123 4.095167054781801023e-123
4.200541297539999505e+04 6.224095040890871300e-125 -5.938568412671094081e-125 1.838675849445283773e-124
4.204574067540000397e+04 2.738083019915802025e-126 -2.612475103049807930e-126 8.088641142881411979e-126
4.208606837539999833e+04 1.180195231796129933e-127 -1.126054483147234447e-127 3.486444946739494109e-127
4.212639607539999997e+04 4.984228528606242327e-129 -4.755580033250708054e-129 1.472403709046319143e-128
4.216672377539999434e+04 2.062428421796505645e-130 -1.967815754516958696e-130 6.092672598109970385e-130
4.220705147540000326e+04 8.361740213353992515e-132 -7.978150394515567261e-132 2.470163082122355104e-131
4.224737917539999762e+04 3.321630376183800696e-133 -3.169252574226530122e-133 9.812513326594130732e-133
4.228770687539999926e+04 1.292834055554218211e-134 -1.233526068400281947e-134 3.819194179508718125e-134
4.232803457540000090e+04 4.930274628124107639e-136 -4.704101235604107794e-136 1.456465049185232383e-135
4.236836227539999527e+04 1.842197913274564898e-137 -1.757688188529822444e-137 5.442084015078952478e-137
4.240868997540000419e+04 6.744322173263787472e-139 -6.434930437259023569e-139 1.992357478378659851e-138
4.244901767539999855e+04 2.419230101549048635e-140 -2.308249371138456222e-140 7.146709574236553958e-140
4.248934537540000019e+04 8.502622435391580778e-142 -8.112569729086035375e-142 2.511781459986919547e-141
4.252967307539999456e+04 2.927962151145538782e-143 -2.793643642980198451e-143 8.649567945271275104e-143
4.257000077540000348e+04 9.879042864379106627e-145 -9.425847696154132449e-145 2.918393342491234855e-144
4.261032847539999784e+04 3.265886807897213978e-146 -3.116066208712903848e-146 9.647839824507332248e-146
4.265065617539999948e+04 1.057850350949743218e-147 -1.009322100355329655e-147 3.125022802254816092e-147
4.269098387540000112e+04 3.357253905921106868e-149 -3.203241895895988066e-149 9.917749707738201367e-149
4.273131157539999549e+04 1.043953100282520828e-150 -9.960623777300896283e-151 3.083968578295131421e-150
4.277163927540000441e+04 3.180640878230187485e-152 -3.034730884958466212e-152 9.396012641418841183e-152
4.281196697539999877e+04 9.494784923256483265e-154 -9.059217357691070726e-154 2.804878720420403461e-153
4.285229467540000041e+04 2.777106110504440131e-155 -2.649708032754753000e-155 8.203920253763633263e-155
4.289262237540000206e+04 7.958599748989013178e-157 -7.593503757240282253e-157 2.351070325521830990e-156
4.293295007539999642e+04 2.234692137667640451e-158 -2.132176981914650688e-158 6.601561257249931994e-158
4.297327777539999806e+04 6.148024442877810684e-160 -5.865975883707999821e-160 1.816202476946362119e-159
4.301360547539999970e+04 1.657258736812297619e-161 -1.577547360800569947e-161 4.892064834425165382e-161
4.305393317540000135e+04 4.377053916674654202e-163 4.377053916674654202e-163 4.377053916674654202e-163
4.309426087539999571e+04 1.132688060435898332e-164 1.132688060435898332e-164 1.132688060435898332e-164
4.313458857540000463e+04 2.871941546682611993e-166 2.871941546682611993e-166 2.871941546682611993e-166
4.317491627539999172e+04 7.134732868767980045e-168 7.134732868767980045e-168 7.134732868767980045e-168
4.321524397540000064e+04 1.736667534711139158e-169 1.736667534711139158e-169 1.736667534711139158e-169
4.325557167540000228e+04 4.141832210752832939e-171 4.141832210752832939e-171 4.141832210752832939e-171
4.329589937539999664e+04 9.678435590166541272e-173 9.678435590166541272e-173 9.678435590166541272e-173
4.333622707539999828e+04 2.215923046792000711e-174 2.215923046792000711e-174 2.215923046792000711e-174
4.337655477539999993e+04 4.970968738398720559e-176 4.970968738398720559e-176 4.970968738398720559e-176
4.341688247540000157e+04 1.092607649592829921e-177 1.092607649592829921e-177 1.092607649592829921e-177
4.345721017539999593e+04 2.353012795994183553e-179 2.353012795994183553e-179 2.353012795994183553e-179
4.349753787540000485e+04 4.965022128014468196e-181 4.965022128014468196e-181 4.965022128014468196e-181
4.353786557539999194e+04 1.026490501786610849e-182 1.026490501786610849e-182 1.026490501786610849e-182
4.357819327540000086e+04 2.079340101102140371e-184 2.079340101102140371e-184 2.079340101102140371e-184
4.361852097540000250e+04 4.126985762371489743e-186 4.126985762371489743e-186 4.126985762371489743e-186
4.365884867539999686e+04 8.025595358392965445e-188 8.025595358392965445e-188 8.025595358392965445e-188
4.369917637539999851e+04 1.529179246544267021e-189 1.529179246544267021e-189 1.529179246544267021e-189
4.373950407540000015e+04 2.854804539111272660e-191 2.854804539111272660e-191 2.854804539111272660e-191
4.377983177540000179e+04 5.221931964925638489e-193 5.221931964925638489e-193 5.221931964925638489e-193
4.382015947539999615e+04 9.358858630978664874e-195 9.358858630978664874e-195 9.358858630978664874e-195
4.386048717540000507e+04 1.643430763779852455e-196 1.643430763779852455e-196 1.643430763779852455e-196
4.390081487539999944e+04 2.827592264719934675e-198 2.827592264719934675e-198 2.827592264719934675e-198
