3.55044
-0.00781 -0.00398 -0.03813
3.56785
0.07977 0.01703 0.03904
3.21196
0.02642 -0.00008 -0.02937
3.79263
0.08098 -0.00816 0.02374
3.75748
-0.00090 -0.01183 -0.02708
3.77324
0.01446 0.01726 0.00264
3.64011
-0.05021 -0.00229 -0.04113
3.60992
-0.09936 -0.00444 -0.02435
3.77563
-0.06906 -0.00849 -0.01415
3.7423
-0.02002 0.00048 0.00545
3.96526
0.00314 -0.00645 -0.02048
4.03821
-0.01545 0.01237 0.02273
3.72083
0.12353 0.02514 0.03086
3.97729
0.03958 0.01752 0.00598
3.59404
-0.02355 0.00222 0.04553
3.46133
0.00343 -0.00397 -0.01549
3.14945
0.04162 -0.00368 -0.04319
3.63559
0.00488 0.03391 -0.02292
3.06063
-0.09297 0.00933 -0.00894
4.24084
-0.01674 -0.00146 0.05214
3.51758
-0.03362 0.00563 0.04116
3.27185
-0.02400 -0.00660 0.05591
3.37246
0.01200 0.00350 -0.00536
2.94685
0.01716 -0.00546 0.05262
3.43033
-0.04819 0.00450 0.00021
3.80566
0.09031 0.01251 -0.02693
3.95217
-0.12344 0.02533 0.00601
4.04995
-0.02654 0.00675 -0.00846
3.17566
-0.02598 0.01020 -0.03319
3.6791
-0.02624 -0.00028 -0.02997
3.95494
0.03692 -0.00678 0.04575
3.54876
-0.06142 -0.01468 -0.01374
3.45652
0.03737 0.02164 -0.03540
3.7829
-0.08075 0.02088 0.01712
3.70597
0.04093 -0.01188 -0.01370
4.224
-0.00273 -0.03530 -0.06324
3.50246
0.05182 0.00123 0.00933
3.61327
0.04033 0.03745 -0.03739
3.07558
0.01595 -0.01461 0.01966
3.79471
0.06705 -0.00225 0.03474
4.41214
0.01439 0.02346 -0.03548
3.90664
-0.05704 -0.01679 0.01521
3.03016
-0.01511 0.00112 0.03429
3.60363
-0.07049 -0.01124 0.01468
3.59256
0.00178 0.00262 0.02918
3.45433
-0.10729 -0.00879 0.02915
3.86366
0.02573 0.01617 -0.00879
3.48082
-0.03189 -0.01385 0.02574
4.1296
0.08675 0.01627 -0.06971
3.54691
0.00410 0.00543 0.04635
3.2777
-0.02384 -0.00701 -0.02106
3.23174
-0.02527 0.00852 0.03563
3.33282
-0.10205 -0.03442 0.04323
3.59172
-0.08654 -0.01075 0.02420
3.56413
-0.02524 0.01891 0.02078
3.43789
-0.13744 -0.01520 0.03292
3.73562
-0.01521 0.00114 -0.01774
3.58366
-0.01365 -0.00309 -0.04851
3.55203
0.01942 -0.02331 0.01446
3.85536
0.05262 0.00858 -0.03280
3.50964
-0.08410 -0.00429 0.03809
4.2259
-0.00306 0.00393 0.05327
4.36719
0.03230 0.03122 -0.07807
3.74676
0.03031 0.01751 0.05055
3.1463
0.01976 0.01996 0.04896
3.91352
0.02423 -0.00377 -0.01708
3.48812
-0.02611 0.00954 -0.02160
4.03263
0.01491 0.01717 -0.00276
3.50266
-0.06610 -0.02076 0.02956
3.36389
0.09543 0.01466 -0.03306
3.18298
0.01836 0.00389 0.01843
3.51718
-0.08458 0.00815 0.00072
3.98305
-0.02008 -0.00024 -0.02497
3.40286
-0.01949 -0.00533 -0.02394
2.90298
0.02211 0.00312 -0.03657
3.29864
0.03185 -0.01292 -0.02247
3.967
0.13236 0.01044 0.03293
4.08687
-0.03087 -0.00448 -0.05816
3.37564
-0.04763 0.00836 -0.03738
3.85528
-0.09767 0.01391 0.02822
2.80968
-0.02825 -0.01416 0.04616
3.5481
-0.08076 -0.00685 0.04586
3.69264
-0.01706 0.00475 -0.03369
3.27545
-0.01627 -0.02482 0.03019
3.35817
-0.05497 -0.00396 -0.02674
3.27416
0.01633 0.01404 0.02210
3.79305
0.03259 0.01496 -0.02525
4.32902
-0.02679 -0.00813 -0.00083
4.30305
-0.05823 0.03720 0.06842
3.39412
-0.02908 -0.00555 0.04726
2.84799
0.01698 0.01073 -0.02395
3.14242
-0.04846 0.00972 -0.00772
3.37883
0.00242 -0.00620 -0.05356
3.04438
0.06162 -0.01307 -0.04323
4.38383
0.01473 -0.03191 -0.02588
3.22127
0.01481 -0.01048 -0.01484
3.09489
0.00903 0.01206 0.03957
3.45823
-0.03115 -0.00298 0.02008
3.65766
0.13091 -0.01667 0.00130
3.65994
-0.03324 0.02785 0.03082
4.07498
-0.00419 0.00079 -0.01088
3.19416
-0.11907 -0.00233 -0.03705
3.74995
0.09863 0.01059 -0.02535
3.83208
-0.01366 -0.01515 -0.03272
3.5359
0.08933 0.00669 0.01827
4.04865
-0.04697 -0.03748 -0.04221
3.88772
-0.03873 -0.03550 0.05569
4.36954
0.11572 0.03595 -0.02782
3.09233
0.00356 -0.00417 0.01994
4.35065
-0.00958 -0.00209 -0.04681
4.06276
-0.00303 0.01606 -0.01286
3.99342
0.03503 0.00247 0.05362
3.59342
-0.02004 -0.00077 -0.00983
3.80365
-0.07611 -0.00284 -0.01169
4.60116
-0.01524 -0.00293 0.07056
4.0358
0.00150 0.00118 0.00192
3.77869
0.04585 0.00416 -0.01258
3.27412
0.02262 -0.00990 0.00716
4.30093
-0.00789 -0.01780 0.03171
3.92286
0.03207 0.01963 0.02354
3.39993
-0.02445 -0.00735 0.00101
3.64912
-0.07170 0.00170 0.03813
3.56352
-0.02944 0.01279 -0.04944
3.33292
-0.05292 -0.00119 -0.00384
3.53429
0.01919 -0.02288 -0.02469
4.77394
0.03375 -0.02652 -0.02931
3.06839
-0.04605 -0.00499 0.02595
3.84252
-0.05114 -0.00559 0.01190
3.63585
0.03876 -0.00125 -0.00538
4.21129
0.15292 0.00434 0.06458
3.47637
0.05978 -0.04989 0.04241
3.57086
0.02559 0.00406 -0.02567
3.32947
-0.04029 -0.00151 -0.03917
4.30531
-0.00909 0.00732 0.01550
3.97638
-0.01031 -0.01763 -0.00501
3.88237
0.16679 0.06517 0.04148
3.43861
-0.02915 -0.01429 0.02246
4.28187
0.16273 0.01002 0.02310
3.54824
0.07868 -0.02047 -0.01060
3.48361
-0.00551 0.00687 -0.05356
3.83255
0.01503 -0.01681 0.01697
2.98653
-0.03314 0.02177 -0.04902
3.38515
0.02004 -0.00376 -0.02101
3.55429
0.01151 0.01223 0.04073
3.84552
-0.04005 0.01031 0.05205
3.2871
-0.00981 -0.01147 0.03477
3.39942
0.07150 0.02997 0.01866
3.5244
0.01534 -0.01901 -0.01387
3.80075
0.06066 -0.02511 -0.05190
2.82654
0.00753 0.00183 -0.03293
3.55785
0.01561 0.01695 0.01119
3.40535
0.00074 -0.00100 0.04695
3.90053
0.05629 -0.00915 0.00454
4.15543
0.01522 -0.02199 0.05216
3.16298
0.05156 0.02620 0.01947
3.40992
0.06444 0.01080 -0.06153
3.73249
0.01250 -0.00333 0.02887
3.90678
0.01148 -0.00960 -0.01172
4.14287
-0.01938 0.01272 0.03669
3.89101
-0.00149 -0.00915 -0.03482
3.44378
0.02523 0.00290 0.02237
3.73691
0.09183 0.01323 -0.01923
3.45419
-0.03684 0.02609 0.06698
3.19028
0.03008 -0.01428 0.01602
3.26115
0.04986 -0.01039 0.04489
3.65476
-0.00448 -0.01540 -0.01883
3.09737
-0.08266 -0.03194 -0.04704
3.70054
-0.01425 -0.01572 -0.01170
3.83756
-0.16299 -0.03640 0.01387
2.94343
-0.03809 -0.01972 0.03000
3.46753
-0.08641 -0.00842 0.00902
3.66989
0.01195 -0.00573 0.02935
3.20172
-0.08010 -0.01733 0.03099
3.61888
0.03810 -0.01996 -0.02759
4.29997
-0.03958 -0.01103 -0.03195
2.83375
-0.01654 -0.00463 0.01996
3.47601
0.04163 -0.04554 -0.01098
3.51463
-0.03547 -0.00799 0.03750
3.24536
0.02133 0.01360 -0.03516
3.34033
-0.06915 0.03887 -0.06456
4.04976
0.09215 0.01553 0.01201
3.34353
0.03192 0.01001 0.02861
3.22186
-0.02111 -0.01707 0.02795
3.13946
0.10459 -0.00071 0.04587
4.14995
-0.02936 -0.00141 0.00869
4.10196
-0.07697 -0.01482 0.02200
3.02193
0.02147 -0.00844 0.04344
3.85943
-0.01566 -0.02246 0.00480
3.99638
-0.01300 -0.00066 0.01144
3.86667
0.10295 -0.01393 -0.07137
3.70897
0.06062 0.01254 -0.01866
3.2009
-0.01436 -0.01141 -0.04340
3.14495
-0.02136 -0.00806 0.01253
3.49934
-0.03401 -0.00779 0.01704
3.41467
-0.04287 0.03485 -0.01227
3.57424
0.11814 0.03333 -0.02049
3.1653
0.04918 -0.00679 0.03913
3.91575
0.07024 0.00203 0.00638
3.29828
-0.02605 -0.00314 0.01896
3.18482
0.02270 0.00079 0.01684
3.10026
0.04002 -0.01257 -0.02257
3.9728
0.05769 0.00404 -0.00397
3.40439
0.00855 0.00987 0.03795
3.25012
-0.02688 -0.02143 0.03867
3.96528
-0.05708 0.00632 -0.01664
3.55967
0.05100 -0.00822 0.04958
3.42922
-0.04414 -0.00991 -0.02467
3.35293
-0.01361 0.00250 0.00571
3.24895
0.03718 -0.00696 0.01102
3.80642
-0.06692 0.00805 0.06805
3.33865
0.00555 0.00066 -0.04060
3.81697
0.00006 0.00424 -0.03631
3.93694
0.01299 0.01968 0.00909
3.82145
-0.00792 -0.01578 0.00166
3.00054
-0.01260 -0.00031 0.03926
3.6164
0.00071 0.01486 -0.02459
3.63598
0.04121 0.00826 -0.05688
3.26763
0.04244 0.01396 0.02478
4.03174
0.02235 0.02352 0.02928
3.5547
0.02380 -0.00196 -0.01135
3.42257
0.01066 -0.01678 -0.04483
3.88737
0.02975 0.02145 -0.04095
3.53998
-0.10270 0.01235 0.00973
3.21162
0.02271 -0.00478 0.02509
3.52655
0.04689 0.00945 -0.01782
3.61408
0.07418 -0.00370 -0.00256
3.74041
0.02517 0.00538 0.02097
3.55214
0.05980 0.01504 0.02051
4.01168
0.03319 -0.03098 0.03722
3.9253
-0.01054 0.02620 0.00157
3.78644
-0.03644 0.01596 -0.00320
3.75765
-0.07778 0.00618 -0.02444
2.93252
0.01248 0.00434 0.02996
3.81695
-0.12224 -0.00231 0.02692
3.27004
0.02934 0.00365 0.02989
4.08381
0.03804 -0.02366 -0.04434
3.78002
-0.02067 0.01936 0.01539
3.8232
-0.10623 -0.00757 0.04407
3.96258
-0.07286 -0.02178 0.04039
3.90901
0.01072 0.00155 0.01979
3.1615
0.00974 0.02416 0.05094
2.99719
-0.07646 -0.00887 -0.05702
3.41725
0.01210 0.00481 0.02617
3.73334
-0.07851 -0.01044 0.02377
3.05135
-0.01078 0.01116 -0.01151
3.4322
0.02402 0.00963 -0.02134
3.84197
0.00547 0.00741 0.00155
4.0684
0.06420 -0.01382 0.03969
3.73804
-0.05841 -0.01217 -0.02404
4.28062
0.02488 -0.00019 -0.01627
3.59583
0.03712 -0.00515 -0.00409
3.66749
0.06106 0.00677 0.01119
3.31094
-0.01127 0.00816 -0.03000
4.26441
0.14661 0.00792 0.04725
3.82422
0.02708 -0.01729 0.01718
3.12712
0.03974 0.00128 -0.04020
3.26727
-0.01321 0.00873 0.04744
3.56351
0.01736 -0.01757 -0.01279
2.94191
0.05659 -0.00134 -0.04143
3.45216
0.02151 0.02007 -0.01271
3.52038
-0.02189 -0.01132 -0.01104
3.73871
0.03441 0.01139 -0.00227
3.78392
0.07475 0.01361 0.03093
4.14139
-0.02734 0.00120 0.01278
3.61277
-0.01457 -0.01365 -0.02956
3.84832
-0.01737 -0.00372 -0.01411
3.91532
-0.01489 -0.02110 -0.03832
4.18285
0.00780 -0.01359 0.01119
3.67414
0.02009 0.01037 0.02206
3.61268
0.01451 -0.00037 -0.00595
3.90905
-0.02149 0.00700 -0.01561
3.42002
-0.00871 0.00464 -0.02137
3.83553
-0.11190 -0.03502 0.00661
3.69524
0.12540 0.00961 0.04643
4.38693
-0.13342 0.00213 0.04608
4.0209
0.03511 -0.01374 -0.02824
3.56873
-0.02890 -0.00484 -0.02378
3.5285
-0.02767 0.00072 -0.03444
3.57551
-0.02668 0.07391 0.04333
3.65629
0.00847 -0.01798 -0.03370
3.08585
0.06085 0.02262 -0.00011
3.53377
0.00600 0.01189 -0.05301
3.57029
0.07559 0.01450 -0.04771
3.65417
-0.02003 0.01512 -0.05719
4.11292
0.09805 -0.01174 0.07093
3.62245
-0.09455 -0.00012 0.05542
3.45634
-0.00098 0.00444 -0.02535
3.25088
0.03685 0.01301 0.02754
3.73137
-0.03440 0.01490 -0.03481
3.29744
-0.03893 -0.01563 -0.04020
3.78123
-0.03009 0.00661 -0.03335
4.32593
0.02386 0.01284 -0.04584
3.45304
0.03978 -0.00792 0.01489
3.57738
-0.01143 -0.02167 -0.04680
3.68613
-0.00997 -0.01091 0.02298
3.80783
-0.09989 -0.01847 0.01011
3.68157
-0.08267 -0.01989 0.01727
3.55077
0.11873 0.01456 0.01522
3.68913
0.00273 0.00696 -0.02864
3.63853
-0.07894 -0.01234 -0.03075
3.64881
-0.11116 -0.01468 0.02703
3.05211
-0.00506 0.00222 0.02695
3.75599
-0.08887 0.01157 -0.05519
3.75701
0.08146 -0.00183 -0.03454
3.48675
-0.00551 0.00545 -0.01075
3.60669
0.01330 -0.00124 0.01398
3.44816
-0.07522 -0.04822 0.03254
3.06693
0.03835 -0.00034 -0.04121
3.5512
-0.03150 0.01391 -0.05430
3.70236
-0.03852 -0.01510 0.00472
3.46817
-0.02024 -0.03270 0.02512
2.98405
0.02003 -0.00914 0.03015
3.07465
-0.04633 -0.00055 0.03345
3.70054
-0.01425 -0.01572 -0.01170
3.72058
0.00088 0.01589 -0.03907
4.07962
0.09665 -0.00405 -0.00255
3.45282
0.01070 0.00310 0.02988
4.2533
-0.13159 0.04820 -0.03294
3.38332
0.01572 -0.00294 0.03295
3.84685
0.07861 -0.00027 -0.01374
3.58567
0.00063 0.00967 -0.01337
3.5913
-0.02918 -0.00908 -0.04446
3.25558
-0.01275 0.00525 0.01240
4.51752
-0.01719 -0.01539 0.00750
4.18566
-0.01043 0.00897 -0.01546
4.10383
0.05352 -0.02460 -0.00950
3.5167
0.03716 0.00547 -0.01881
3.57391
-0.04983 0.00309 0.01719
3.65958
0.04380 -0.01920 -0.01041
3.71924
-0.02570 0.01604 0.02045
3.55999
0.02108 -0.00314 -0.01659
3.88834
-0.07227 -0.00429 0.02238
3.12774
-0.00276 0.01542 -0.04198
3.28966
0.09406 -0.03693 0.05703
3.6315
0.12200 0.01511 -0.01251
3.86678
-0.06753 -0.02421 0.03080
3.66203
0.01399 0.02066 0.01040
3.64908
0.06806 -0.02678 0.06408
3.97577
0.04139 -0.00043 0.01304
3.72138
0.00746 -0.00760 0.02118
3.42811
-0.08821 0.01194 0.03212
3.31698
0.08459 -0.00876 0.04579
3.52776
0.01674 0.01400 -0.03268
3.559
-0.06795 -0.02449 0.02291
3.60042
-0.03877 0.02572 0.01667
3.57829
-0.07609 -0.00171 -0.03168
3.40687
0.04926 -0.01849 0.00122
3.4023
0.03418 0.04142 -0.01962
3.24376
0.02696 -0.01817 -0.01041
3.849
0.04949 -0.04231 0.02776
4.15615
0.05054 -0.00698 -0.00430
3.42462
-0.00508 -0.01019 0.03380
3.79956
-0.05832 -0.00604 -0.01973
3.90497
-0.04829 -0.01391 -0.04995
3.51411
-0.06531 0.00311 0.04943
3.66788
0.01118 0.00097 0.00561
3.96184
0.13607 -0.00814 -0.01207
3.33678
-0.01476 0.01232 0.04628
3.38597
0.02632 0.02518 0.04041
3.27131
-0.01484 -0.01155 -0.02082
3.17048
0.02153 0.01431 0.01173
3.26133
0.15892 0.03939 -0.00175
3.43116
-0.14905 -0.00708 0.01743
3.57619
0.05117 0.00226 -0.02475
3.57975
-0.03688 -0.01281 0.02188
3.46642
-0.01204 -0.02973 -0.02150
3.87748
-0.00691 -0.01460 -0.00008
2.81923
-0.02112 -0.00348 0.02614
4.52532
0.01414 0.00279 0.01502
3.98315
-0.09691 0.00715 -0.00614
4.17109
-0.02408 0.01254 -0.05909
3.76019
0.03726 0.02677 0.03657
3.82331
0.01639 -0.00092 -0.01016
3.46316
-0.12612 -0.05932 -0.00252
3.64653
-0.06137 0.01519 0.00570
3.59256
0.00178 0.00262 0.02918
3.73992
0.02270 -0.01306 0.01072
4.05045
-0.04455 -0.00134 -0.01694
4.26622
0.07517 -0.01210 0.00113
3.30516
0.00025 -0.02671 -0.01306
3.56454
-0.01835 0.00530 0.04608
4.21672
0.03635 0.01955 0.01849
4.1323
0.07792 0.01049 0.00327
3.74997
-0.04800 0.00524 -0.00756
3.88819
0.04775 -0.02048 -0.00197
3.63174
-0.11928 -0.02310 -0.00430
3.48821
0.07127 -0.02161 -0.04785
3.75025
0.04646 0.01237 0.00209
3.50324
-0.01024 -0.00449 -0.01015
3.69625
-0.10817 -0.00828 0.03451
3.13283
0.00827 -0.00283 -0.03393
3.68726
0.03950 -0.01437 -0.01590
3.70542
-0.07510 -0.00206 -0.03418
3.37852
-0.04831 -0.03291 0.03648
3.86829
0.09394 -0.00963 -0.01559
3.54684
0.01312 0.00958 0.02989
3.3523
-0.01722 -0.00010 0.05966
3.72574
0.04419 -0.01400 0.00743
3.69621
0.04351 0.01595 0.03148
4.09579
-0.01514 0.00117 0.04883
4.24352
0.05252 0.00768 0.06642
3.35894
0.01282 0.00331 -0.04675
4.61549
-0.02903 0.00651 0.00539
3.22461
0.02884 -0.00095 -0.00804
4.19496
0.03724 -0.00375 0.01540
3.6503
-0.08039 -0.00880 0.01935
3.40522
0.02195 -0.00178 0.02532
3.45193
0.04032 0.00069 0.00690
4.16713
0.05299 0.02325 -0.01764
3.07676
0.04627 -0.00228 0.04528
3.50218
-0.07902 -0.00801 0.00357
3.51265
0.12251 -0.00703 0.00583
3.46817
-0.02024 -0.03270 0.02512
3.6133
-0.05636 -0.01836 -0.00549
3.30153
-0.00685 -0.00182 0.02325
2.78061
-0.03440 -0.00464 -0.01307
4.05154
0.09219 0.00616 0.01886
2.99594
0.00337 0.01080 0.05278
3.70553
-0.05995 -0.02179 -0.00990
3.32462
0.04974 -0.03167 0.01392
3.75529
0.00674 0.01595 -0.05586
2.88757
-0.02751 0.00698 0.02546
4.22758
-0.00840 -0.03094 0.04316
3.61101
-0.06859 -0.00387 -0.02068
3.68116
0.12848 0.01577 0.03391
3.4783
0.00034 -0.03228 0.02476
3.55766
0.00843 -0.01373 -0.02270
3.12676
-0.04101 -0.00051 0.00573
3.66493
0.09215 -0.01585 -0.03320
3.40196
-0.05908 -0.01911 0.00190
2.87079
-0.00789 -0.00120 -0.02737
3.90177
0.04901 0.04225 -0.00309
3.81652
0.06892 0.00338 -0.02984
3.43689
0.04539 0.01700 0.02732
4.16318
0.06456 -0.00970 0.03731
3.23733
0.01640 -0.00139 0.02597
4.067
0.02262 -0.01960 -0.00645
4.15174
-0.07744 -0.02261 0.02879
3.72335
-0.09165 0.01221 0.01821
3.14043
0.00573 -0.01298 -0.03112
3.14633
-0.04010 0.01312 0.05272
3.53125
0.02936 -0.00408 -0.04798
3.62689
-0.02435 0.01642 -0.04372
3.27036
0.00622 -0.00560 -0.02000
3.6939
0.05461 0.00309 0.01838
3.91691
0.05368 -0.01919 -0.01447
3.85349
-0.02665 0.02322 -0.01747
3.10095
-0.02412 -0.00680 0.04178
3.80149
0.02863 0.00333 -0.03459
3.79041
-0.08730 -0.01085 -0.02202
3.66692
-0.08115 -0.00632 -0.02729
3.5255
0.01603 0.00606 -0.02742
3.22475
0.02787 -0.03331 -0.01447
3.29
-0.04540 -0.01383 0.02272
3.74964
0.11155 0.02091 -0.00356
2.72783
0.01834 0.00038 0.03958
3.68309
-0.05562 0.04082 -0.06889
3.12075
-0.03688 0.02422 -0.01713
3.59356
0.09166 0.02652 -0.00716
3.52294
0.04051 -0.00510 0.06653
3.58258
0.07380 0.02323 -0.02593
3.84627
0.05198 0.00291 -0.00751
3.52726
0.12096 0.02681 0.02679
3.48279
-0.02815 -0.01529 0.02659
3.88352
0.02423 0.02519 0.01981
3.31119
-0.01645 -0.01377 -0.02858
2.97264
-0.01129 -0.00410 0.04714
3.71327
0.08087 0.03299 0.03234
3.2647
0.00410 0.01563 -0.04212
3.67289
-0.02596 -0.01414 0.04654
3.38826
-0.02359 -0.00314 0.01586
4.36633
0.00687 -0.00292 -0.03852
3.41659
0.07330 0.01277 -0.02743
3.80137
0.03136 0.00498 0.01173
3.89924
-0.09201 -0.03133 -0.02476
4.0822
0.00518 -0.00253 -0.00425
3.51706
-0.03189 -0.00094 -0.03413
4.03874
-0.06879 0.00131 -0.00933
4.14078
0.02925 0.02192 -0.05724
3.36544
-0.00694 -0.01183 0.03034
3.63876
-0.08239 0.00207 -0.01136
4.04395
0.01809 0.00442 -0.03096
3.84473
-0.00657 -0.00452 -0.00765
3.5828
0.01451 0.00430 0.02642
3.45447
0.01691 0.00334 0.04880
3.5802
-0.03370 -0.00739 0.05134
4.07152
-0.04958 0.00651 -0.04566
3.46922
0.03535 0.00136 -0.04215
3.49643
0.01279 0.01525 -0.00753
4.1158
0.03239 0.00612 0.00479
4.13007
-0.04926 0.00216 -0.03826
3.42779
-0.02528 -0.00088 0.02140
3.56485
-0.14209 -0.01230 0.03604
3.02862
-0.02547 0.00430 0.06436
3.42879
-0.01930 0.00546 0.00666
3.80361
-0.01537 0.00600 0.03746
3.03786
-0.08297 -0.01253 0.00210
3.0813
-0.00779 0.00654 0.04472
3.20888
-0.01150 -0.00322 -0.03177
3.65461
-0.02097 -0.00538 0.05191
3.68532
-0.01267 -0.00593 -0.04749
3.48418
-0.05178 -0.01219 -0.05878
3.26847
0.02249 -0.02037 -0.00215
3.11469
-0.00907 0.01775 0.02075
3.40881
-0.07393 -0.02064 -0.01907
3.29938
0.03294 -0.01064 -0.03579
3.74302
0.02325 -0.00794 0.02073
3.81475
0.01377 -0.04182 -0.00005
3.55182
-0.11582 -0.02120 0.01614
3.70887
0.01393 -0.02006 -0.03977
3.82913
-0.02259 0.00158 0.03839
3.53904
0.00261 0.00591 0.02490
3.42138
-0.03322 0.00193 -0.04528
3.19545
0.02095 0.00543 0.01679
3.3267
-0.01118 -0.02280 0.00940
3.43989
0.02372 -0.02642 -0.00793
3.32169
0.03323 -0.00071 0.03884
4.3668
0.03135 0.02097 -0.00632
3.24245
0.03347 -0.01135 -0.02861
3.26718
-0.04211 0.01007 0.05435
4.39886
-0.04606 -0.01675 0.00545
3.63072
-0.06072 0.00986 -0.00241
3.65336
-0.01952 0.01086 0.02725
3.68619
0.03749 -0.00602 -0.03042
4.02715
-0.05484 -0.01272 -0.04720
3.28387
0.03279 0.01148 0.04249
3.85242
0.23239 -0.01010 0.00354
3.52296
-0.01215 -0.01675 0.02084
4.03929
0.00659 -0.00559 -0.02662
3.66464
-0.03137 -0.00320 0.01919
4.23121
-0.00324 0.02174 -0.04566
3.95209
0.04598 0.00190 0.02304
3.17626
0.04739 0.00409 0.02510
4.13178
-0.01639 -0.03487 0.01492
3.68603
0.01634 0.02344 -0.03760
3.94029
-0.06063 0.01429 0.01869
3.44103
-0.01490 0.01286 -0.01291
3.66203
0.01399 0.02066 0.01040
3.63846
-0.02535 0.01339 -0.03297
3.25905
-0.06156 0.03152 0.05967
2.75348
-0.00885 -0.00442 0.00591
3.95312
-0.01481 -0.00559 -0.00160
2.91576
-0.05294 -0.00903 0.03408
3.54277
-0.00959 -0.03610 -0.04553
3.684
-0.00678 0.01791 0.02148
3.90039
0.06055 0.00373 -0.00553
3.9038
-0.02267 -0.00483 0.03341
2.95654
0.00579 0.05175 -0.00519
3.74809
-0.02287 -0.02236 -0.01933
4.16983
0.05377 0.02134 0.07497
3.99818
-0.07834 -0.03270 0.01832
3.54309
0.04736 0.00162 0.03227
3.74471
0.15609 0.01749 0.00652
3.3395
0.04221 -0.00032 -0.02072
3.49832
0.10559 0.00107 0.04025
3.61165
-0.03598 0.01130 0.02412
3.63944
0.01837 0.00175 -0.00285
3.5704
0.04329 0.00230 -0.05363
2.98609
0.10342 -0.02580 0.01688
3.10165
0.09938 0.00848 0.03827
3.3175
0.00625 -0.00062 0.04496
3.69746
-0.13101 0.00670 -0.06307
3.30376
-0.05220 -0.00176 -0.04613
3.42527
0.07236 -0.00148 0.00552
2.92648
-0.00046 -0.00758 0.04572
3.12782
-0.09540 -0.00096 -0.01565
3.67141
-0.05161 0.02390 -0.00700
3.43954
0.08210 0.01702 0.00132
3.59173
-0.04628 -0.03787 -0.05208
3.433
0.05550 -0.00681 -0.01576
3.93296
0.03798 0.01659 0.01976
3.10319
0.08213 0.01807 -0.02112
3.95165
-0.03536 0.03351 -0.00100
3.75966
-0.02427 -0.00150 0.01601
3.28522
0.04735 0.01187 -0.04892
3.52995
0.03231 0.02461 0.03320
3.74663
-0.05206 -0.00087 0.03014
3.99642
-0.08661 0.00243 0.02042
3.6561
0.08023 -0.00824 -0.03330
3.26282
0.01067 0.01474 0.01069
3.83664
0.05266 -0.02041 0.04021
3.19113
-0.01254 0.00873 0.02785
3.63231
-0.04049 -0.01342 -0.01859
4.45984
-0.05176 -0.01045 -0.02003
3.61825
0.02380 -0.00248 -0.02385
2.89377
0.05457 -0.03413 -0.02073
4.0088
-0.11037 -0.00037 -0.04393
3.13352
-0.01216 0.00130 0.02456
4.09354
-0.05161 0.00120 -0.02583
4.0848
-0.09804 -0.06084 -0.03736
3.45855
0.04560 0.01331 0.01573
3.54241
0.06609 0.02276 0.01061
3.66753
0.07325 0.00054 0.02131
3.77371
-0.04331 0.00642 -0.01699
3.70092
0.06775 0.01331 0.00086
3.32495
0.02717 -0.01583 0.03561
3.6214
0.06544 -0.00165 0.02293
3.68961
-0.00135 0.00733 -0.00045
3.29084
-0.09088 -0.01735 -0.01255
3.47796
-0.05241 -0.00797 0.04620
4.06391
-0.01133 0.00193 -0.05369
3.46787
0.01000 0.00608 0.01257
4.01376
-0.03675 0.01552 -0.06064
3.4872
-0.00788 -0.00583 0.02628
4.02642
0.05260 -0.01420 -0.01573
3.63018
-0.03978 0.00706 0.03142
3.29972
-0.06572 -0.00734 -0.05798
3.88344
0.09613 -0.01628 -0.00475
4.01081
0.00816 -0.03387 -0.09067
3.49202
-0.08087 -0.02973 0.01344
3.50101
-0.04649 -0.01776 -0.01742
3.78252
-0.00254 0.00007 0.00404
3.23795
-0.11630 -0.07822 -0.02453
3.35631
0.04390 0.00492 0.04241
3.56173
0.01578 0.00114 0.05741
3.99714
-0.01658 -0.00904 -0.00557
3.71251
-0.01287 -0.01611 0.01353
3.82583
-0.02167 -0.01154 -0.01141
3.52897
-0.06799 -0.02206 -0.03377
2.99811
0.00600 -0.01168 0.01801
3.69058
-0.00671 0.01020 0.01342
3.62525
-0.06858 -0.00088 -0.04400
3.90817
-0.07988 0.00938 0.03488
3.30361
-0.02093 0.00850 -0.02063
3.83715
-0.02819 -0.00780 -0.01650
3.1406
-0.05721 -0.00776 -0.00729
3.23108
0.02154 -0.00281 -0.03107
4.0717
-0.10719 -0.02314 -0.02562
3.55705
0.01423 -0.00258 0.02542
3.5879
-0.04152 0.03649 -0.06742
3.73938
-0.00247 -0.01242 0.01213
3.56392
0.08701 0.02411 -0.02875
3.5374
-0.02635 0.00817 -0.03832
3.70806
-0.11615 0.00380 0.05930
4.23124
-0.00804 0.01396 0.04616
3.68837
-0.03581 0.01862 -0.00999
3.38297
0.03293 0.00764 0.04480
3.5607
-0.00736 0.01014 -0.04064
3.54149
0.05719 -0.00139 -0.00775
3.78664
-0.04412 -0.00544 0.00302
3.49216
-0.11233 -0.00782 0.02314
3.93942
0.02331 0.00322 0.08316
3.13037
0.00417 -0.00568 -0.02750
3.70428
-0.13236 -0.01584 0.02192
3.60047
-0.04211 -0.00195 -0.03559
3.91541
0.06286 -0.00311 0.02744
3.38507
0.01215 0.00934 0.03431
3.35894
0.01282 0.00331 -0.04675
3.17669
0.04035 0.01466 -0.04161
3.54653
0.02661 0.02016 0.01545
3.66358
-0.11003 -0.00802 0.04969
3.32858
-0.00990 0.00618 -0.05599
3.5266
-0.03655 -0.01169 -0.04640
3.3021
-0.02673 0.00946 -0.03099
3.40787
0.08307 0.02244 -0.04119
3.72487
-0.02307 0.01039 0.05577
3.59422
-0.04109 0.00824 -0.02879
3.84531
0.05165 0.01018 0.01804
4.10004
-0.02236 0.00935 -0.00271
4.12017
-0.03429 0.02174 0.04504
3.93058
0.16139 0.00409 0.01443
3.78547
-0.06007 -0.03970 -0.00159
3.00968
-0.04448 0.02152 0.06112
3.36832
-0.01354 -0.01724 0.03537
3.70776
-0.02457 -0.00682 0.02228
3.68655
-0.07856 0.01144 -0.02787
4.25732
0.01725 0.00028 -0.00266
3.37003
-0.05331 0.00509 -0.04576
4.50754
0.17994 -0.04099 0.04384
3.66642
0.03081 0.00235 0.03241
3.46816
0.06532 0.01013 -0.04183
3.50624
-0.01450 0.00646 0.03343
3.5623
-0.03957 -0.00572 0.03307
3.81959
-0.04886 -0.00418 -0.01746
3.68721
-0.01279 0.00404 -0.02922
3.53162
-0.03246 -0.01170 -0.00236
3.29947
-0.05656 -0.04815 -0.00042
3.55094
-0.03945 -0.01294 0.01156
3.75752
0.04214 0.00510 -0.02905
3.60678
-0.00819 0.00790 0.00820
3.5437
0.01819 0.00480 -0.02315
3.72118
-0.03756 -0.02378 0.02333
3.73969
0.04676 0.00341 -0.01478
3.52653
-0.00099 -0.00479 -0.03219
3.47732
0.03906 0.00090 0.02919
3.73707
-0.00245 0.03047 -0.03314
3.31979
0.09249 -0.00285 0.01778
3.2459
0.02770 -0.00445 -0.03975
3.57522
0.00327 0.02941 0.00074
3.33324
0.01134 -0.00447 0.04534
3.80669
0.17213 0.00622 0.00463
3.69514
-0.07912 -0.01330 0.04550
3.39216
-0.01727 -0.00723 0.03620
4.33783
0.05818 0.00079 0.01580
3.23683
0.00356 0.00679 -0.02704
3.79811
-0.07470 -0.00198 -0.00312
4.39661
-0.02414 0.01460 0.00399
4.03258
-0.11263 -0.01040 -0.02090
3.34912
0.03290 -0.02146 0.00066
3.78266
0.13584 0.00850 0.02585
3.47137
-0.05411 -0.01094 -0.03522
3.89308
0.05983 0.02934 -0.02748
3.57491
0.13818 -0.00999 -0.00718
3.87946
-0.05307 0.00557 0.03888
4.10013
0.02008 -0.01004 0.03570
3.22822
-0.01621 -0.00228 0.03086
3.63507
0.01815 0.00141 0.04773
3.31583
0.07870 0.03015 0.02128
2.99894
-0.02718 -0.00871 -0.04713
3.06621
0.01302 -0.00138 0.02989
3.67517
-0.02590 0.01063 0.01050
4.20648
-0.04263 -0.02275 0.05693
3.10566
-0.04632 -0.00148 0.04702
3.31565
-0.09370 0.01785 -0.04444
3.59761
0.00282 -0.00757 0.03948
3.71562
-0.00681 -0.00675 -0.02142
3.9235
-0.01869 0.04392 -0.02915
3.16129
0.07295 0.01994 -0.04307
3.97751
-0.00254 0.02911 -0.00372
4.03094
-0.17177 0.00410 0.00184
4.04607
-0.08512 -0.00537 -0.00722
3.22491
0.00601 0.01072 -0.05728
3.4385
0.06478 -0.00069 -0.02482
3.44611
-0.00728 0.00827 0.03061
3.75382
-0.05234 -0.02182 -0.04097
3.92097
0.06307 0.02521 -0.02359
3.43137
0.05008 0.01964 0.00347
3.83809
0.03911 -0.02507 -0.01382
4.12246
-0.15106 -0.00094 0.02691
4.34479
-0.08176 0.00581 -0.00537
3.65739
-0.08086 -0.02094 -0.00781
3.49294
0.08146 0.01214 0.03858
3.62115
0.03541 0.01179 -0.01684
3.3537
0.01567 0.01274 -0.03147
3.5324
0.00818 -0.04743 -0.03242
3.74419
-0.01551 0.00429 0.03772
4.4062
0.02277 0.02056 -0.02828
3.61029
-0.04767 0.05588 -0.03459
4.04238
-0.01028 0.00917 -0.00186
3.10026
0.04002 -0.01257 -0.02257
3.81902
0.01217 0.00963 -0.02894
3.6352
-0.04176 0.03005 -0.03020
3.69095
-0.03203 0.01771 0.02375
3.66121
-0.00345 -0.02573 -0.02813
3.52244
-0.00892 0.00446 -0.03322
3.44252
-0.07871 -0.00658 -0.00277
3.82788
0.03109 -0.03614 0.01830
3.27059
-0.04792 -0.00529 -0.04989
3.38471
0.05412 0.02878 -0.03420
3.53356
0.14666 0.02313 0.04013
2.99894
-0.02718 -0.00871 -0.04713
3.69113
-0.09511 -0.02900 0.00439
3.98114
0.00234 -0.00474 -0.03388
3.37537
0.00141 0.00707 -0.02214
3.60549
-0.01521 0.01409 -0.05021
3.41278
0.00398 0.00662 0.00613
3.96904
-0.03812 0.00109 -0.02213
3.70849
-0.06019 -0.00780 -0.03925
3.22766
-0.00545 -0.00525 0.05333
3.61811
0.00703 0.00930 -0.02269
3.04589
-0.01549 -0.01123 0.02701
3.47376
-0.02828 0.01139 0.03941
3.75726
-0.06687 0.00838 0.00855
3.01559
0.05464 0.00098 0.03541
4.04044
-0.12012 -0.02909 0.00003
3.39058
-0.01243 -0.01375 -0.03355
4.00971
-0.08362 0.00527 0.05861
3.67933
0.06719 0.02580 0.00970
3.74442
-0.12369 -0.00285 -0.00497
3.56044
0.02413 0.01526 -0.00223
3.281
-0.00565 0.00040 -0.01221
3.4451
-0.02222 -0.00898 0.02947
3.74119
-0.04935 0.01475 0.03563
3.47825
-0.05374 -0.00129 0.02128
3.92483
-0.00654 -0.01466 0.01995
3.22272
0.03698 0.02566 -0.03842
3.82741
-0.08226 -0.01966 -0.01582
3.13382
0.01097 0.00187 -0.02013
3.78566
0.00618 0.00142 -0.03538
4.15995
-0.07600 -0.02481 0.02082
3.50949
-0.12006 -0.01965 -0.01888
3.91418
0.02000 -0.01540 0.06820
4.07817
0.02955 0.01821 0.04184
3.22127
-0.04902 -0.00858 0.04355
4.0587
-0.00294 0.00530 -0.05030
3.90751
-0.06745 0.02416 0.00732
3.91017
-0.03682 0.03098 -0.04324
3.2414
-0.04947 -0.00181 -0.01822
3.59497
0.07854 -0.01604 0.02436
3.55623
0.00564 -0.02016 -0.04130
3.8221
-0.12124 -0.03613 0.01037
3.53356
-0.00950 -0.00087 -0.02758
4.02618
0.06602 0.01627 -0.01255
3.74633
0.06254 -0.00946 0.03359
2.99601
-0.00045 0.01472 -0.01008
3.74964
0.11155 0.02091 -0.00356
3.22121
-0.03526 -0.01642 -0.02125
3.77149
0.08324 0.01851 -0.01285
3.59492
-0.04489 0.01713 0.01526
4.24013
-0.02380 0.01147 0.02383
4.27102
0.11505 -0.00122 0.01767
3.1349
-0.05170 -0.03465 -0.02250
4.1227
0.02484 0.00288 0.03501
3.5288
0.01028 0.01720 0.01919
3.47046
-0.00798 -0.04233 0.02753
3.56454
-0.01835 0.00530 0.04608
3.62993
0.00233 -0.02047 -0.03572
2.9541
0.00161 0.00246 0.03381
2.94245
0.00473 0.02185 0.04701
3.08321
0.04899 0.00859 0.01323
3.42166
0.03413 0.00586 0.02322
3.01077
0.10375 -0.04221 -0.03009
3.5295
0.05472 -0.00848 0.02922
3.44451
0.02820 0.01321 -0.02468
3.26371
-0.00349 0.00264 0.01184
3.55777
-0.00069 -0.01464 0.04156
3.52452
0.05393 0.02151 0.01910
3.87746
0.03753 0.00868 0.04611
3.3297
0.03458 0.01998 0.03516
2.80063
-0.04734 -0.01133 0.02911
4.06842
0.04045 0.00096 -0.06234
3.95222
0.00128 -0.02626 -0.01439
4.04063
-0.07892 0.00443 -0.01004
2.84111
0.03783 0.00131 -0.03411
3.56788
0.08991 -0.00042 -0.02631
3.90746
0.00871 0.01127 0.06374
2.91645
-0.06090 -0.01245 -0.05408
4.15459
0.02012 0.03188 0.02356
3.55246
-0.09093 -0.00742 0.02622
3.46765
-0.06117 -0.00211 0.03131
3.67764
-0.09565 0.00453 0.03156
3.6565
0.09170 0.01018 -0.03075
3.01377
-0.05434 0.00637 0.03350
3.70584
-0.02837 -0.00565 0.00958
4.17578
0.07436 -0.03150 -0.01995
3.3404
0.09884 -0.02117 0.02579
3.38788
0.03799 0.01197 -0.03345
3.92199
0.01125 0.01294 -0.02375
2.67623
-0.00593 0.00789 0.03492
3.18097
0.08383 0.01316 -0.02198
3.46364
-0.08202 0.02053 0.01107
3.29181
-0.02085 -0.01178 0.04075
3.3774
-0.07180 0.01967 -0.07275
3.79357
0.03615 -0.00092 -0.03860
3.86177
-0.08080 -0.01164 -0.02977
3.90739
0.08927 0.02351 -0.01633
3.44835
0.04602 -0.01674 0.01697
3.86082
-0.03193 -0.00223 -0.03985
3.68614
-0.04690 -0.01817 0.01120
3.98945
-0.03729 0.03254 0.04387
3.40965
0.00455 0.00953 -0.02853
3.52296
-0.01215 -0.01675 0.02084
3.96607
-0.12069 0.00667 0.01016
3.76197
0.05364 0.05858 0.01186
2.94632
-0.04117 -0.00912 0.04145
3.41031
0.03710 0.01766 -0.04134
3.5266
-0.03655 -0.01169 -0.04640
4.03655
0.05438 0.00615 0.03116
3.33046
-0.00060 0.00395 0.03046
4.07501
0.07887 0.01521 0.03121
3.29913
0.00561 -0.00592 -0.02061
3.23065
-0.06120 -0.00641 0.03729
3.71792
-0.08647 -0.00743 0.01037
3.20744
0.02582 -0.02661 0.03273
3.3661
0.02064 -0.02830 -0.04832
4.04049
0.07423 0.01338 -0.00385
3.03851
-0.00068 -0.00289 0.02544
3.62669
-0.03731 -0.01158 -0.03461
3.76515
-0.02685 -0.00781 0.00875
3.80045
0.03305 0.01071 -0.01842
3.63574
-0.00827 -0.00801 0.01604
3.80366
-0.11118 -0.02241 -0.02744
3.36761
0.04245 0.01729 -0.02913
4.26733
0.01023 -0.03550 0.05884
3.67666
-0.07816 -0.00032 0.03311
4.54054
-0.03411 0.00591 -0.03978
3.66492
0.05186 0.01442 0.02221
3.58435
-0.01603 -0.02092 -0.02364
4.15355
0.01272 -0.03573 0.10622
4.2035
0.05494 0.00482 0.00941
3.46167
0.00165 0.01388 0.03078
3.74926
0.02123 0.01297 -0.03883
3.42972
-0.01590 0.00817 -0.01818
2.87662
-0.05286 -0.00286 -0.05435
4.0742
0.03538 0.00074 -0.02736
4.27691
0.02909 -0.00419 0.01372
3.84683
-0.01977 0.00421 0.03421
3.05096
0.02182 -0.04005 0.00890
3.22372
0.01466 0.00738 -0.03065
4.23517
-0.03425 0.00680 0.01524
3.68251
-0.02412 -0.00858 -0.03423
3.20702
0.02493 -0.00825 0.02881
2.93262
-0.01488 0.00043 -0.04496
3.05425
0.02519 0.00130 0.02698
3.25485
0.05180 0.00568 -0.02771
3.43804
-0.02955 0.00086 -0.00345
3.47431
0.00202 0.00436 -0.05932
4.21124
0.02272 0.00552 -0.00159
2.97957
-0.02967 -0.02277 0.04632
3.17773
-0.00232 0.01066 0.02112
3.45844
0.02203 -0.00016 -0.00783
3.8585
0.03473 0.01949 0.01912
3.70536
0.04155 -0.00054 -0.03576
3.35769
0.02115 -0.01255 0.02421
3.57698
-0.11438 -0.01557 0.05101
3.55579
-0.04606 -0.00745 0.00687
3.14658
-0.02700 0.03877 0.01110
3.1739
0.02803 0.00488 0.03394
3.63196
0.06294 0.01143 -0.00796
4.1658
-0.01043 -0.00923 -0.01341
3.52488
-0.07723 0.00837 -0.04326
3.76843
-0.04547 -0.00998 -0.04812
3.40825
0.04832 -0.00585 -0.03288
3.50295
-0.04050 -0.00669 -0.04379
3.70693
-0.08188 -0.02248 -0.02418
3.7155
0.02173 -0.00079 -0.01891
3.51599
-0.01313 0.00219 0.04999
3.60462
0.01830 -0.02677 -0.06688
3.66385
0.02208 0.01162 0.03523
3.00406
0.03150 0.00375 -0.03182
3.77207
0.04091 0.02425 0.07700
3.82219
-0.00396 0.01930 -0.07774
3.2468
-0.00914 -0.01182 -0.03813
3.20927
-0.04056 -0.01694 0.03102
3.58014
0.09452 0.01297 0.01703
3.31689
0.01727 -0.02296 -0.04538
3.30184
-0.04876 0.00799 -0.05162
3.98093
-0.01851 0.03681 -0.04211
3.05995
-0.01735 -0.00578 -0.02776
3.86045
-0.08517 0.00464 -0.03486
3.30631
-0.03101 -0.03211 -0.05417
3.29171
-0.02406 0.04987 0.03200
3.1691
-0.05427 -0.01243 -0.01368
3.99117
-0.03787 -0.01633 -0.00352
4.12294
0.07228 0.00020 -0.00240
3.91282
-0.04043 -0.03262 -0.00771
3.37516
0.00289 0.00384 0.02277
4.38888
-0.07254 -0.04013 0.08838
3.09892
0.02733 0.01304 0.03218
3.1789
0.00814 0.01307 -0.02267
3.00794
-0.04269 -0.02008 0.02125
3.91744
0.03519 -0.00808 -0.00466
3.25217
0.04036 0.00884 -0.01941
3.79792
-0.04986 -0.02038 0.03134
4.0473
-0.03800 -0.01317 0.03566
3.97126
0.00767 -0.05234 0.09213
3.14729
0.03460 0.01371 0.03050
3.77805
-0.04472 0.00193 0.01802
3.73997
0.03648 -0.00464 0.00171
3.36369
0.00612 -0.01201 -0.02864
4.40947
-0.02880 0.00142 -0.01534
3.43044
0.02180 0.00231 0.03370
4.23735
-0.01447 -0.01773 -0.02444
3.56511
0.01525 0.00803 0.02547
3.90743
-0.01928 -0.03277 0.00070
3.42334
0.06777 0.02046 0.03096
3.70557
-0.07346 -0.00958 0.03740
3.53797
0.09101 0.01205 -0.00853
3.56427
-0.00298 0.00892 0.01034
3.82002
-0.01706 0.00219 0.02707
2.947
-0.04648 -0.01046 0.01725
4.24099
0.07284 0.04478 -0.09934
3.56108
-0.02750 -0.02541 0.00267
3.6335
0.00858 0.00489 0.04072
3.798
0.04954 0.03906 0.00718
3.78958
0.00752 0.00855 -0.02715
3.56403
-0.00125 0.00438 0.04978
3.48432
-0.02744 -0.00155 0.04562
3.91396
-0.03645 0.01490 0.00451
3.30241
0.04206 0.00839 0.04092
3.58413
-0.02591 -0.02691 -0.00654
3.51484
-0.03143 -0.00720 0.02912
3.47162
-0.03215 0.00654 -0.04314
3.76477
0.07970 0.01449 0.01905
3.7153
-0.09860 0.00034 -0.04628
3.73283
-0.00044 -0.02166 0.04340
3.32343
-0.01893 -0.02737 -0.04282
3.28552
-0.06096 0.01189 -0.00111
3.76179
0.03725 0.00490 0.03676
3.84473
-0.00657 -0.00452 -0.00765
3.67438
0.00669 -0.02073 0.02858
2.88527
0.00248 -0.00220 -0.03688
3.35276
-0.02748 -0.00378 -0.03695
3.21204
0.02751 -0.00870 -0.07082
3.36539
0.07792 0.02949 -0.01034
3.59555
0.02466 0.00731 -0.04713
3.13841
0.06852 -0.00037 0.03458
3.14148
-0.04464 -0.00638 -0.03469
3.86919
-0.06848 -0.02506 0.00983
3.5796
-0.03488 -0.02289 0.02527
3.54405
0.10683 -0.00598 -0.04891
3.81894
0.01738 -0.04291 0.00145
3.23621
0.08702 0.00308 -0.00655
3.71304
-0.03782 0.00445 0.04927
3.57458
0.04688 0.00579 0.02598
3.73001
-0.08326 -0.00326 0.03066
3.77244
0.02736 -0.03166 -0.03197
3.5634
0.08517 0.02567 -0.00109
3.72781
0.02579 0.00070 -0.03635
3.33343
0.01238 0.00516 -0.03526
4.18145
-0.04650 -0.01484 0.07933
3.57633
0.09212 0.01406 0.01179
3.61727
0.00785 -0.01825 -0.02572
4.08718
0.09298 -0.00043 0.00208
3.465
0.07297 -0.01497 -0.05305
3.58181
0.04084 0.01752 -0.04742
3.49024
0.05362 0.00470 0.02420
3.30883
-0.15725 -0.01706 0.00832
3.69008
-0.12898 0.00794 -0.04194
3.94764
0.03445 -0.02221 0.03408
3.48317
-0.06402 -0.00293 0.02343
4.18226
0.01836 0.01790 -0.08773
3.61945
-0.08826 -0.00114 0.04292
3.48379
-0.00112 0.00440 -0.02676
3.99013
0.00037 -0.00133 -0.09218
3.64339
-0.05021 0.01202 -0.04629
3.88948
0.01307 0.01833 -0.00070
3.97937
0.05834 -0.00440 -0.02586
3.91862
-0.01698 -0.00281 -0.00751
3.5255
0.01603 0.00606 -0.02742
4.06225
0.00469 0.06740 0.00300
3.69117
-0.08590 -0.02107 -0.02083
3.97853
-0.11441 -0.01745 -0.01733
4.02027
0.03350 0.01633 0.06615
3.15034
-0.00088 -0.00978 -0.01718
3.78911
0.02896 0.01842 0.00468
3.39965
0.12822 0.05353 0.02934
3.30821
0.03687 -0.00993 -0.02470
3.71751
-0.07579 -0.00847 -0.03647
3.90079
-0.07381 -0.02075 0.00157
3.8611
0.03030 0.08723 -0.03016
3.49065
-0.02963 0.03579 -0.01970
3.69824
-0.05634 0.00431 0.04026
3.8168
-0.00006 0.00320 -0.00227
3.46152
0.01485 -0.00236 0.03070
3.96935
0.02041 -0.01616 0.00590
3.45701
-0.04038 -0.01592 -0.02694
3.5301
-0.01686 -0.00104 0.01052
3.24463
0.05180 -0.01230 0.04178
3.1872
0.01930 0.01070 -0.02948
3.64296
0.12804 0.00791 -0.02035
3.41115
-0.02024 -0.00907 -0.01889
3.83951
-0.04928 0.02034 0.07225
3.6302
-0.09492 -0.01577 0.01175
3.40416
-0.05600 0.00228 0.00491
3.89293
0.05998 -0.01398 -0.03763
3.31375
-0.04754 0.00395 -0.05654
3.97649
0.00173 0.03565 -0.00022
4.175
-0.03296 -0.03598 0.06323
3.02323
0.01557 -0.03830 0.03426
3.88271
0.03658 -0.02201 0.00407
2.98312
0.01078 0.00076 -0.02458
3.54653
0.02661 0.02016 0.01545
3.61913
-0.06017 -0.01514 0.00125
3.5722
0.00404 -0.01430 0.01231
3.36426
0.01136 -0.00151 -0.00634
3.59236
-0.03494 0.00259 0.04184
3.02085
0.02989 -0.00464 -0.03983
3.23962
-0.00452 0.01711 -0.04497
3.97204
-0.01326 -0.02402 0.03234
3.51468
0.03665 0.01299 0.00767
3.24943
-0.07690 -0.02075 0.03485
3.30605
-0.03151 0.00354 -0.04925
3.40467
-0.06406 -0.01228 0.02651
3.88907
0.08030 0.00425 -0.03599
3.1167
-0.05166 -0.02110 -0.00390
4.13177
0.04923 0.03312 0.03674
3.93038
0.14245 -0.00286 -0.02984
3.23709
0.02932 -0.01416 -0.00889
3.62091
-0.10554 -0.00575 -0.01704
3.688
-0.02869 -0.00183 -0.03823
4.2798
-0.06601 -0.05145 -0.04581
3.20439
0.05839 -0.00087 -0.04056
3.2105
-0.07197 -0.01258 0.04814
3.54012
0.04500 -0.00162 -0.01062
3.94005
0.01458 -0.00169 -0.03591
3.08985
0.00242 -0.00738 -0.05112
4.04127
-0.13758 0.02682 0.02883
3.68049
-0.03656 -0.00275 -0.01856
4.24589
0.06446 0.01619 -0.00161
3.84858
-0.04674 -0.00446 -0.04107
3.34673
0.00690 0.00013 -0.03352
3.98697
0.06347 0.00512 0.00646
3.66696
0.04621 0.01607 0.00425
3.2459
0.02770 -0.00445 -0.03975
3.50991
-0.09778 -0.02195 -0.00380
3.41031
0.11471 0.02762 -0.00163
3.4783
0.00034 -0.03228 0.02476
3.09254
-0.00741 0.01170 -0.01558
3.47369
0.04753 0.00197 -0.02573
3.86234
0.00957 -0.01062 -0.01613
3.8796
-0.00576 -0.00015 0.02140
4.0562
-0.09615 -0.03010 -0.00289
3.98077
0.01525 -0.01466 -0.02650
3.10529
-0.03330 0.01381 -0.00818
4.4035
0.14992 0.00574 0.07817
3.62845
-0.03463 -0.00880 0.02700
3.64441
0.11764 0.01141 -0.05756
3.68837
-0.03581 0.01862 -0.00999
3.34752
-0.02945 0.01237 0.03929
3.7053
0.01914 -0.00738 -0.00864
3.89852
0.03769 0.01136 -0.01288
4.25545
0.04751 0.03220 -0.03044
3.69207
0.04738 0.01744 0.00798
4.06245
-0.06755 -0.03147 0.04054
3.58505
0.02595 0.00796 0.03594
3.58301
-0.04794 -0.00050 -0.03225
3.94294
-0.00359 0.01456 0.00459
3.92349
0.09071 -0.01071 0.01638
3.79201
0.02411 0.01641 0.02885
2.99668
-0.01918 0.00082 0.04201
3.6921
0.09014 -0.00505 -0.05943
3.94834
-0.06558 -0.01468 -0.02415
2.80868
-0.00338 0.01153 0.02751
4.29359
-0.13143 0.00703 0.03734
3.06657
-0.00281 0.00434 -0.01891
3.64432
-0.01192 -0.00138 0.03937
3.29189
-0.01630 0.02552 -0.03409
3.81082
0.07250 -0.01410 0.06353
2.89377
0.05457 -0.03413 -0.02073
3.67757
0.08522 0.01971 -0.04192
4.11136
0.01386 0.02571 0.05414
4.34641
-0.00152 -0.01122 0.00279
3.21627
0.00483 -0.01236 0.05594
3.54824
0.07868 -0.02047 -0.01060
3.6653
-0.07253 0.00356 0.04655
3.31898
-0.04194 0.00222 0.03352
3.95739
0.12419 0.05738 0.00565
3.01157
-0.04658 -0.01554 0.03241
3.42101
0.03354 -0.00296 -0.02614
3.27149
0.03013 -0.00054 -0.02681
3.51265
0.12251 -0.00703 0.00583
3.81261
-0.03166 0.01128 0.05545
3.49087
0.10470 -0.00760 0.02619
3.59763
-0.05991 -0.01447 0.03754
4.44861
0.04071 -0.00051 -0.03115
3.27604
-0.03472 0.02318 -0.00173
3.37981
-0.10120 -0.03725 0.01786
3.65358
-0.06015 0.03148 -0.06140
4.63329
0.02515 0.01479 0.00919
2.87333
0.02094 0.00632 -0.04944
4.2719
0.03872 0.00336 0.06676
3.53919
0.00644 0.02779 -0.01005
3.49672
-0.00927 0.02089 -0.02566
3.57952
0.06687 -0.01208 0.00817
4.25152
-0.13145 -0.00954 -0.01872
3.78425
0.06152 -0.01246 -0.03084
4.10651
0.01538 -0.01657 0.02533
3.07694
-0.01374 -0.01181 -0.06167
4.22468
0.00577 0.01004 0.05387
3.12782
-0.09540 -0.00096 -0.01565
3.67385
-0.02022 -0.00488 -0.02760
4.15685
-0.05527 0.01711 -0.01272
3.84097
0.03626 -0.02668 -0.04414
3.63299
-0.04485 -0.00249 -0.00382
3.94485
0.05804 0.05394 -0.05543
3.31433
-0.03767 0.01559 0.04725
3.39676
-0.01209 0.00501 -0.02500
3.34912
0.04679 -0.03262 0.00107
3.55609
0.00882 0.00099 0.01178
3.95137
-0.07698 -0.01220 0.03584
3.48266
0.04134 -0.03004 -0.00834
3.71288
-0.18106 0.02288 0.01110
3.29771
0.01988 0.00761 0.03493
3.46118
-0.01445 -0.00547 0.01389
3.33012
-0.03241 -0.02150 -0.03873
3.72227
-0.07801 -0.00810 0.02373
3.05943
0.03522 0.00890 0.03265
3.78583
-0.01476 -0.01351 -0.05343
3.88258
-0.05516 0.01860 -0.00553
3.40467
-0.06406 -0.01228 0.02651
3.07844
0.00967 0.00709 -0.03749
2.83088
-0.10211 -0.00113 0.02138
3.56613
0.05339 0.00624 -0.03381
3.30773
-0.01540 -0.00005 -0.02385
3.84562
-0.00302 0.01903 0.00048
3.66209
-0.05006 -0.01411 0.00471
3.21025
-0.08184 -0.03720 -0.02770
3.59768
0.11425 0.01678 0.02722
3.47234
-0.08002 0.02119 -0.04189
3.50964
-0.08410 -0.00429 0.03809
3.4328
-0.06838 -0.00552 0.01286
3.57725
0.06192 0.00986 -0.03112
3.63884
0.09641 0.02690 0.01570
3.45199
-0.03785 -0.00236 -0.04525
3.54317
0.04985 0.00355 -0.03690
3.3328
-0.02309 -0.00154 -0.02868
4.18891
0.10525 -0.01901 0.00274
3.36665
-0.01742 -0.00635 -0.03375
3.49971
-0.04035 0.01590 -0.02846
3.57391
-0.04983 0.00309 0.01719
3.65022
-0.07287 -0.00063 0.02222
3.52902
-0.01096 0.01204 -0.05515
3.89747
-0.12745 -0.00745 0.03900
3.72027
-0.00649 -0.01433 0.02115
3.45633
-0.08935 0.01840 0.05748
3.57434
-0.01760 -0.04922 -0.00917
3.814
-0.08580 0.00387 0.00537
3.10564
-0.04062 -0.00324 -0.03470
3.38375
-0.00274 0.03990 0.05346
