1.457564061100000072e+04 1.453714449350107986e-200 1.453714449350107986e-200 1.453714449350107986e-200
1.461596831099999872e+04 8.524679682307299550e-199 8.524679682307299550e-199 8.524679682307299550e-199
1.465629601100000036e+04 4.897944712599626997e-197 4.897944712599626997e-197 4.897944712599626997e-197
1.469662371100000018e+04 2.757315963643568032e-195 2.757315963643568032e-195 2.757315963643568032e-195
1.473695141100000001e+04 1.520883818279455743e-193 1.520883818279455743e-193 1.520883818279455743e-193
1.477727911099999983e+04 8.219443044621147858e-192 8.219443044621147858e-192 8.219443044621147858e-192
1.481760681099999965e+04 4.352367803950019893e-190 4.352367803950019893e-190 4.352367803950019893e-190
1.485793451099999947e+04 2.258112812224622140e-188 2.258112812224622140e-188 2.258112812224622140e-188
1.489826221100000112e+04 1.147895961810289633e-186 1.147895961810289633e-186 1.147895961810289633e-186
1.493858991099999912e+04 5.717369605820905812e-185 5.717369605820905812e-185 5.717369605820905812e-185
1.497891761100000076e+04 2.790145532208056326e-183 2.790145532208056326e-183 2.790145532208056326e-183
1.501924531100000058e+04 1.334118146737482577e-181 1.334118146737482577e-181 1.334118146737482577e-181
1.505957301100000041e+04 6.250267056391541264e-180 6.250267056391541264e-180 6.250267056391541264e-180
1.509990071100000023e+04 2.869060482358382065e-178 2.869060482358382065e-178 2.869060482358382065e-178
1.514022841100000005e+04 1.290380170933783099e-176 1.290380170933783099e-176 1.290380170933783099e-176
1.518055611099999987e+04 5.686335828476051408e-175 5.686335828476051408e-175 5.686335828476051408e-175
1.522088381100000151e+04 2.455184743346725912e-173 2.455184743346725912e-173 2.455184743346725912e-173
1.526121151099999952e+04 1.038658299349955200e-171 1.038658299349955200e-171 1.038658299349955200e-171
1.530153921100000116e+04 4.305246892491921005e-170 4.305246892491921005e-170 4.305246892491921005e-170
1.534186691099999916e+04 1.748478415864285146e-168 1.748478415864285146e-168 1.748478415864285146e-168
1.538219461100000080e+04 6.957598066990001372e-167 6.957598066990001372e-167 6.957598066990001372e-167
1.542252231100000063e+04 2.712659257540724160e-165 2.712659257540724160e-165 2.712659257540724160e-165
1.546285001100000045e+04 1.036258247548856455e-163 1.036258247548856455e-163 1.036258247548856455e-163
1.550317771100000027e+04 3.878623307691952364e-162 -3.676256086984667766e-162 1.143350270236857200e-161
1.554350541100000191e+04 1.422407563814708861e-160 -1.400665306756826439e-160 4.245480434386244161e-160
1.558383311099999992e+04 5.111017294052563900e-159 -5.033108819278384614e-159 1.525514340738351241e-158
1.562416081099999974e+04 1.799399084609190661e-157 -1.771970515578611442e-157 5.370768684796993087e-157
1.566448851099999956e+04 6.207039187309132715e-156 -6.112424154450444361e-156 1.852650252906870876e-155
1.570481621100000120e+04 2.097868812218535226e-154 -2.065890614464242724e-154 6.261628238901313838e-154
1.574514391100000103e+04 6.947187386665822903e-153 -6.841290139520078393e-153 2.073566491285172420e-152
1.578547161099999903e+04 2.254117482058732569e-151 -2.219757557270864808e-151 6.727992521388330624e-151
1.582579931100000067e+04 7.166068058976302915e-150 -7.056834373735472888e-150 2.138897049168807872e-149
1.586612701099999867e+04 2.232143736543184744e-148 -2.198118761574565212e-148 6.662406234660934700e-148
1.590645471100000032e+04 6.812401454451562708e-147 -6.708558773906721170e-147 2.033336168280984659e-146
1.594678241100000014e+04 2.037113168523417032e-145 -2.006061080150948026e-145 6.080287417197782089e-145
1.598711011099999996e+04 5.968523754854818711e-144 -5.877544456329458246e-144 1.781459196603909681e-143
1.602743781099999978e+04 1.713387304077881222e-142 -1.687269828227934786e-142 5.114044436383697595e-142
1.606776551100000142e+04 4.819267240056465827e-141 -4.745806268647940251e-141 1.438434074876087074e-140
1.610809321099999943e+04 1.328138365141056954e-139 -1.307893309283338001e-139 3.964170039565451536e-139
1.614842091099999925e+04 3.586265859452842420e-138 -3.531599753457509148e-138 1.070413147236319399e-137
1.618874861100000089e+04 9.488083299600895305e-137 -9.343454711627753740e-137 2.831962131082954244e-136
1.622907631100000071e+04 2.459525577114451942e-135 -2.422034579189012258e-135 7.341085733417916447e-135
1.626940401100000054e+04 6.246849527569988467e-134 -6.151627658418572619e-134 1.864532671355854955e-133
1.630973171099999854e+04 1.554560376167314018e-132 -1.530863928210000811e-132 4.639984680544628846e-132
1.635005941100000200e+04 3.790451902198326806e-131 -3.732673351032241760e-131 1.131357715542889537e-130
1.639038711100000000e+04 9.055474954635710574e-130 -8.917440694737413433e-130 2.702839060400883298e-129
1.643071481100000165e+04 2.119670348616404687e-128 -2.087359826057920812e-128 6.326700523290729929e-128
1.647104251099999965e+04 4.861410143879939953e-127 -4.787306780485426889e-127 1.451012706824530679e-126
1.651137021100000129e+04 1.092428566897706588e-125 -1.075776478577781690e-125 3.260633612373194997e-125
1.655169791099999929e+04 2.405252535855740942e-124 -2.368588831818318974e-124 7.179093903529801278e-124
1.659202561100000094e+04 5.188778852686705303e-123 -5.109685348227231852e-123 1.548724305360064179e-122
1.663235331099999894e+04 1.096747084956830084e-121 -1.080029168676790987e-121 3.273523338590450940e-121
1.667268101099999694e+04 2.271353149671479059e-120 -2.236730498451798989e-120 6.779436797794757794e-120
1.671300871100000222e+04 4.608925472947069716e-119 -4.538670779541038933e-119 1.375652172543517782e-118
1.675333641100000023e+04 9.163292607679529916e-118 -9.023614863588871950e-118 2.735020007894793178e-117
1.679366411099999823e+04 1.785008430515582388e-116 -1.757799220744359622e-116 5.327816081775523835e-116
1.683399181100000351e+04 3.406950593278938725e-115 -3.355017822661268372e-115 1.016891900921914627e-114
1.687431951100000151e+04 6.371302817539865946e-114 -6.274183884141717515e-114 1.901678951922145013e-113
1.691464721099999952e+04 1.167421011228146541e-112 -1.149625799372126076e-112 3.484467821828419159e-112
1.695497491100000116e+04 2.095866477576169923e-111 -2.063918801774812098e-111 6.255651756927152313e-111
1.699530261099999916e+04 3.686689521632085789e-110 -3.630492639398668577e-110 1.100387168266284075e-109
1.703563031100000080e+04 6.353987631529672804e-109 -6.257132636676736274e-109 1.896510789973608188e-108
1.707595801100000244e+04 1.072983424305111866e-107 -1.056627741847915224e-107 3.202594590458138806e-107
1.711628571100000045e+04 1.775319437497921722e-106 -1.748257918818271843e-106 5.298896793814115286e-106
1.715661341099999845e+04 2.878040165009920310e-105 -2.834169672724854442e-105 8.590250002744695449e-105
1.719694111100000009e+04 4.571450696986671430e-104 -4.501767238440233149e-104 1.364466863241357539e-103
1.723726881100000173e+04 7.114560508257697244e-103 -7.006111962026927423e-103 2.123523297854232290e-102
1.727759651099999974e+04 1.084873152281603277e-101 -1.068336232527645756e-101 3.238082537090852468e-101
1.731792421099999774e+04 1.620864436127981738e-100 -1.596157303265566166e-100 4.837886175521529134e-100
1.735825191100000302e+04 2.372746122556319010e-99 -2.336577919718327953e-99 7.082070164830965566e-99
1.739857961100000102e+04 3.403240952775054220e-98 -3.351364728885617667e-98 1.015784663443572611e-97
1.743890731099999903e+04 4.782676126123958392e-97 -4.709772919753193379e-97 1.427512517200111120e-96
1.747923501100000067e+04 6.585459650786586340e-96 -6.485076285635681372e-96 1.965599558720885239e-95
1.751956271100000231e+04 8.884603712838143328e-95 -8.749174074510408807e-95 2.651838150018669546e-94
1.755989041100000031e+04 1.174429298107960635e-93 -1.156527257654062318e-93 3.505385853869983589e-93
1.760021811100000195e+04 1.521081694177110408e-92 -1.497895567888610605e-92 4.540058956242831420e-92
1.764054581099999996e+04 1.930256616903592686e-91 -1.900833362478745290e-91 5.761346596285930117e-91
1.768087351099999796e+04 2.400017493955564936e-90 -2.363433588618645725e-90 7.163468576529775597e-90
1.772120121099999960e+04 2.923819862570168087e-89 -2.879251541987627960e-89 8.726891267127964135e-89
1.776152891100000124e+04 3.489985834146152702e-88 -3.436787342174716439e-88 1.041675901046702240e-87
1.780185661099999925e+04 4.081629343920309610e-87 -4.019412321788382421e-87 1.218267100962900254e-86
1.784218431100000089e+04 4.677139358735070413e-86 -4.605844868599623925e-86 1.396012358606976475e-85
1.788251201100000253e+04 5.251264626594743411e-85 -5.171218640062408840e-85 1.567374789325189566e-84
1.792283971100000053e+04 5.776760275260792562e-84 -5.688704062505546065e-84 1.724222461302713119e-83
1.796316741099999854e+04 6.226466188744347503e-83 -6.131555026552352806e-83 1.858448740404104708e-82
1.800349511100000018e+04 6.575605802583844250e-82 -6.475372641442185321e-82 1.962658424660987265e-81
1.804382281100000182e+04 6.804038357281355163e-81 -6.700323156955383322e-81 2.030839987151809552e-80
1.808415051099999982e+04 6.898180971967912152e-80 -6.793030738558824587e-80 2.058939268249464889e-79
1.812447821100000147e+04 6.852345647493682454e-79 -6.747894090313324986e-79 2.045258538530068869e-78
1.816480591099999947e+04 6.669308190858188229e-78 -6.567646707085085187e-78 1.990626308880146164e-77
1.820513361100000111e+04 6.360029927095971264e-77 -6.263082828427311364e-77 1.898314268261925466e-76
1.824546131099999911e+04 5.942570996445885885e-76 -5.851987300560589938e-76 1.773712929345236171e-75
1.828578901100000076e+04 5.440345058392150985e-75 -5.357416884277789797e-75 1.623810700106209177e-74
1.832611671099999876e+04 4.879949867378330420e-74 -4.805563899589873193e-74 1.456546363434653482e-73
1.836644441100000040e+04 4.288852615167330630e-73 -4.223476850835460040e-73 1.280118208117012067e-72
1.840677211100000204e+04 3.693207689526174828e-72 -3.636911449668154092e-72 1.102332682872050425e-71
1.844709981100000005e+04 3.116041172643287777e-71 -3.068542787496962146e-71 9.300625132783537299e-71
1.848742751099999805e+04 2.575962230821572405e-70 -2.536696367701370369e-70 7.688620829344514857e-70
1.852775521100000333e+04 2.086472389188106702e-69 -2.054667909193146859e-69 6.227612687569360005e-69
1.856808291100000133e+04 1.655856282589401087e-68 -1.630615762615571557e-68 4.942328327794373730e-68
1.860841061099999934e+04 1.287565957654992363e-67 -1.267939354420409522e-67 3.843071269730394248e-67
1.864873831100000098e+04 9.809642459589847574e-67 -9.660112286566478787e-67 2.927939720574617262e-66
1.868906601099999898e+04 7.322741758575484161e-66 -7.211119867494665319e-66 2.185660338464563575e-65
1.872939371100000062e+04 5.355883307801867570e-65 -5.274242599589749122e-65 1.598600921519348426e-64
1.876972141099999862e+04 3.838180025314312224e-64 -3.779673945643800388e-64 1.145603399627242484e-63
1.881004911100000027e+04 2.694985438926497465e-63 -2.653905283289978646e-63 8.043876161142973576e-63
1.885037681100000191e+04 1.854062424831458341e-62 -1.825800612403173934e-62 5.533925462066090401e-62
1.889070451099999991e+04 1.249767219084931255e-61 -1.230716788931249302e-61 3.730251227101111638e-61
1.893103221100000155e+04 8.254119518377368244e-61 -8.128300465865987945e-61 2.463653950262072443e-60
1.897135991099999956e+04 5.341327710872230357e-60 -5.259908876284537791e-60 1.594256429802899851e-59
1.901168761099999756e+04 3.386604982808019512e-59 -3.334982344049514359e-59 1.010819230966555250e-58
1.905201531100000284e+04 2.103859381658525200e-58 -2.071789868559317965e-58 6.279508631876368720e-58
1.909234301100000084e+04 1.280577073255139910e-57 -1.261057002862922374e-57 3.822211149373202194e-57
1.913267071099999885e+04 7.637154609750491981e-57 -7.520740066110716748e-57 2.279504928561170071e-56
1.917299841100000413e+04 4.462665039147247136e-56 -4.394639820267036100e-56 1.331996989856153128e-55
1.921332611100000213e+04 2.555017303842525314e-55 -2.516070708072567524e-55 7.626105315757618151e-55
1.925365381100000013e+04 1.433277384354346540e-54 -1.411429675209372989e-54 4.277984443918066359e-54
1.929398151099999814e+04 7.877773646273453097e-54 -7.757691302679407132e-54 2.351323859522631564e-53
1.933430921099999978e+04 4.242419350920795270e-53 -4.177751377322941252e-53 1.266259007916453272e-52
1.937463691099999778e+04 2.238517734752888269e-52 -2.204395599764509738e-52 6.681431069270286646e-52
1.941496461099999942e+04 1.157295677798785803e-51 -1.139654808250951746e-51 3.454246163848523650e-51
1.945529231100000106e+04 5.862258569374940321e-51 -5.772899090495090691e-51 1.749741622924497133e-50
1.949562001099999907e+04 2.909527433647955910e-50 -2.865176975171812966e-50 8.684231842467724786e-50
1.953594771100000071e+04 1.414870820688353315e-49 -1.393303686157718735e-49 4.223045327534425555e-49
1.957627541100000235e+04 6.741367003866784755e-49 -6.638607114435954147e-49 2.012134112216952290e-48
1.961660311100000035e+04 3.147139539116498943e-48 -3.099167115885756734e-48 9.393446194118754012e-48
1.965693081099999836e+04 1.439530512917698654e-47 -1.417587486191097029e-47 4.296648512026494337e-47
1.969725851100000000e+04 6.451528166160774097e-47 -6.353186343110001706e-47 1.925624267543154990e-46
1.973758621100000164e+04 2.832964731137274129e-46 -2.789781331929620284e-46 8.455710794204168541e-46
1.977791391099999964e+04 1.218867747440437944e-45 -1.200288323580859068e-45 3.638023818461734800e-45
1.981824161100000128e+04 5.138174507241839106e-45 -5.059852374069394700e-45 1.533620138855307416e-44
1.985856931100000293e+04 2.122256938624060661e-44 -2.089906988201164035e-44 6.334420865449285856e-44
1.989889701100000093e+04 8.588630551990385142e-44 -8.457712486651009373e-44 2.563497359063177966e-43
1.993922471099999893e+04 3.405545822962164551e-43 -3.353634465514693313e-43 1.016472611143902321e-42
1.997955241100000057e+04 1.323080845972858378e-42 -1.302912882803978905e-42 3.949074574749695502e-42
2.001988011099999858e+04 5.036430944064515315e-42 -4.959659706620896912e-42 1.503252159474992818e-41
2.006020781100000022e+04 1.878435261988778778e-41 -1.849801929947887387e-41 5.606672453925444688e-41
2.010053551100000186e+04 6.864460781990812239e-41 -6.759824551595592114e-41 2.048874611557721761e-40
2.014086321099999986e+04 2.457839227772713875e-40 -2.420373935175570838e-40 7.336052390720998588e-40
2.018119091100000151e+04 8.622582571624250418e-40 -8.491146969428183748e-40 2.573631211267668295e-39
2.022151861100000315e+04 2.963862826895003036e-39 -2.918684124079330068e-39 8.846409777869336140e-39
2.026184631100000115e+04 9.981956776804546421e-39 -9.829799985101637368e-39 2.979371353871073021e-38
2.030217401099999915e+04 3.293897779531197991e-38 -3.243688293593420341e-38 9.831483852655816846e-38
2.034250171100000080e+04 1.064979865889734778e-37 -1.048746183124266844e-37 3.178705914903736610e-37
2.038282941099999880e+04 3.373723795704852958e-37 -3.322297507175843816e-37 1.006974509858554931e-36
2.042315711100000044e+04 1.047163506584277168e-36 -1.031201401823177390e-36 3.125528414991731727e-36
2.046348481099999844e+04 3.184610483622265493e-36 -3.136066883797039510e-36 9.505287851041570495e-36
2.050381251100000009e+04 9.489317755141730792e-36 -9.344670349491788064e-36 2.832330585977524965e-35
2.054414021100000173e+04 2.770451207053892239e-35 -2.728220712625334130e-35 8.269123126733118073e-35
2.058446791099999973e+04 7.925065666783658395e-35 -7.804262440957701633e-35 2.365439377452501842e-34
2.062479561100000137e+04 2.221222583768321561e-34 -2.187364081349204104e-34 6.629809248885847654e-34
2.066512331099999938e+04 6.099835718405640116e-34 -6.006854805133744928e-34 1.820652624194502516e-33
2.070545101099999738e+04 1.641273828256597567e-33 -1.616255590253615849e-33 4.898803246766811326e-33
2.074577871100000266e+04 4.326939244655638505e-33 -4.260982914555493118e-33 1.291486140386677013e-32
2.078610641100000066e+04 1.117679788651481268e-32 -1.100642789599917697e-32 3.336002366902880371e-32
2.082643411099999867e+04 2.828725758513125218e-32 -2.785606967839124306e-32 8.443058484865375289e-32
2.086676181100000395e+04 7.014571401102720663e-32 -6.907646980338348164e-32 2.093678978254378839e-31
2.090708951100000195e+04 1.704308785692295061e-31 -1.678329685182584061e-31 5.086947256567174620e-31
2.094741721099999995e+04 4.057254707986112791e-31 -3.995409194993016951e-31 1.210991861096524253e-30
2.098774491099999796e+04 9.463528855005614397e-31 -9.319274416657952207e-31 2.824633212666918275e-30
2.102807261099999960e+04 2.162772288558784394e-30 -2.129804705821268775e-30 6.455349282938837212e-30
2.106840031100000124e+04 4.842898091135243706e-30 -4.769076737195114101e-30 1.445487291946560291e-29
2.110872801099999924e+04 1.062519020014111888e-29 -1.046322788956954844e-29 3.171360828985178899e-29
2.114905571100000088e+04 2.284046521576861369e-29 -2.249230183126859894e-29 6.817323226280582632e-29
2.118938341100000252e+04 4.810719428762211713e-29 -4.737388094748898052e-29 1.435882695227332260e-28
2.122971111100000053e+04 9.927775892357971255e-29 -9.776442864129416128e-29 2.963199464884535640e-28
2.127003881100000217e+04 2.007385382393635690e-28 -1.976785767720646091e-28 5.991556532507917023e-28
2.131036651100000017e+04 3.976915935271807789e-28 -3.916292994935716332e-28 1.187012486547933146e-27
2.135069421099999818e+04 7.719673517453723009e-28 -7.601994795281504549e-28 2.304134183018895057e-27
2.139102191099999982e+04 1.468210538934553747e-27 -1.445828454671608861e-27 4.382249532540716355e-27
2.143134961100000146e+04 2.735990853491968584e-27 -2.694280156613672305e-27 8.166261863597609474e-27
2.147167731099999946e+04 4.995487487030908264e-27 -4.919324682474572995e-27 1.491029965653638880e-26
2.151200501099999747e+04 8.936718676424357676e-27 -8.800450770901623624e-27 2.667388812375034041e-26
2.155233271100000275e+04 1.566445712341611252e-26 -1.542556065006970376e-26 4.675447489690192879e-26
2.159266041100000075e+04 2.690232249976047411e-26 -2.649192230615893542e-26 8.029656730567988938e-26
2.163298811099999875e+04 4.526906711585049524e-26 -4.457817174372203876e-26 1.351163059754230235e-25
2.167331581100000039e+04 7.463644394125497436e-26 -7.349655286498031563e-26 2.227694407474902873e-25
2.171364351099999840e+04 1.205697599396777245e-25 -1.187263483727375807e-25 3.598658682520930066e-25
2.175397121100000004e+04 1.908378879920927389e-25 -1.879151825115262812e-25 5.695909584957117360e-25
2.179429891100000168e+04 2.959583709056232347e-25 -2.914137178353384071e-25 8.833304596465849225e-25
2.183462661099999968e+04 4.497158081571451337e-25 -4.427815418485995788e-25 1.342213158162889938e-24
2.187495431100000133e+04 6.695604674586975384e-25 -6.591698627088898671e-25 1.998290797626284852e-24
2.191528201100000297e+04 9.767640875535042258e-25 -9.614543831422904683e-25 2.914982558249298736e-24
2.195560971100000097e+04 1.396189006413661300e-24 -1.373966049840305469e-24 4.166344062667628068e-24
2.199593741099999897e+04 1.955525285232063123e-24 -1.923656490986278428e-24 5.834707061450404674e-24
2.203626511099999698e+04 2.683879705705030415e-24 -2.638546975021505678e-24 8.006306386431565773e-24
2.207659281100000226e+04 3.609670652994309012e-24 -3.545350115276698506e-24 1.076469142126531653e-23
2.211692051100000026e+04 4.757900469913889696e-24 -4.666222029692065806e-24 1.418202296951984446e-23
2.215724821099999826e+04 6.147041925850302963e-24 -6.014690457422015550e-24 1.830877430912262295e-23
2.219757591100000354e+04 7.785979598071223333e-24 -7.590893155111894695e-24 2.316285235125434136e-23
2.223790361100000155e+04 9.671672905274947205e-24 -9.376325973656508151e-24 2.871967178420640109e-23
2.227823131099999955e+04 1.178843044593994177e-23 -1.132832061319927557e-23 3.490518150507916058e-23
2.231855901100000119e+04 1.410987592076288064e-23 -1.337445595830479820e-23 4.159420779983056242e-23
2.235888671099999920e+04 1.660481427152121030e-23 -1.540714231840296428e-23 4.861677086144538487e-23
2.239921441099999720e+04 1.924824471538774680e-23 -1.727898241601084460e-23 5.577547184678634408e-23
2.243954211100000248e+04 2.203868893115750723e-23 -1.880090291107396191e-23 6.287828077338897050e-23
2.247986981100000048e+04 2.502277965681862501e-23 -1.974904494433085873e-23 6.979460425796811462e-23
2.252019751099999849e+04 2.832765061593926665e-23 -1.989623116655313088e-23 7.655153239843166418e-23
2.256052521100000013e+04 3.220103120888271888e-23 -1.910449099414185165e-23 8.350655341190729528e-23
2.260085291100000177e+04 3.705801159017782822e-23 -1.754548307571056378e-23 9.166150625606622610e-23
2.264118061099999977e+04 4.353213532548805712e-23 -1.610295957706231286e-23 1.031672302280384212e-22
2.268150831099999778e+04 5.252675467406170927e-23 -1.676412126250950636e-23 1.218176306106329190e-22
2.272183601099999942e+04 6.526048043591494665e-23 -2.233730783860900403e-23 1.528582687104388973e-22
2.276216371100000106e+04 8.329824251090667605e-23 -3.537969144511350119e-23 2.019761764669268651e-22
2.280249141099999906e+04 1.085573061857219167e-22 -5.766918267299194552e-23 2.747837950444358025e-22
2.284281911100000070e+04 1.432761314649755187e-22 -9.064157446415246709e-23 3.771938373941034810e-22
2.288314681100000234e+04 1.899339621552544299e-22 -1.358423591593774286e-22 5.157102834698862648e-22
2.292347451100000035e+04 2.511112901645266751e-22 -1.950047437556133335e-22 6.972273240846666838e-22
2.296380221100000199e+04 3.292865206881061877e-22 -2.698936030502997734e-22 9.284666444265122428e-22
2.300412991099999999e+04 4.265725313005146451e-22 -3.620444091838532535e-22 1.215189471784882544e-21
2.304445761099999800e+04 5.444079843715697785e-22 -4.724515620349186369e-22 1.561267530778058194e-21
2.308478531099999964e+04 6.832309981856359561e-22 -6.012374950757452800e-22 1.967699491447017286e-21
2.312511301100000128e+04 8.421750457768334648e-22 -7.473359794092308840e-22 2.431686070962897908e-21
2.316544071099999928e+04 1.018836048168840789e-21 -9.082296965503456350e-22 2.945901792888027402e-21
2.320576841100000092e+04 1.209162720703343099e-21 -1.079785097295719601e-21 3.498110538702405612e-21
2.324609611100000257e+04 1.407516972527404215e-21 -1.256223434606125856e-21 4.071257379660934285e-21
2.328642381100000057e+04 1.606936401362854694e-21 -1.430254656719106279e-21 4.644127459444816042e-21
2.332675151099999857e+04 1.799607281659533645e-21 -1.593381569999980338e-21 5.192596133319048004e-21
2.336707921100000021e+04 1.977526530433469419e-21 -1.736358291766787394e-21 5.691411352633726233e-21
2.340740691099999822e+04 2.133299354434147676e-21 -1.849764155065737803e-21 6.116362863934033156e-21
2.344773461099999986e+04 2.260991128724497466e-21 -1.924637558640358707e-21 6.446619816089353264e-21
2.348806231100000150e+04 2.356933054294973929e-21 -1.953109503907912238e-21 6.666975612497859720e-21
2.352839001100000314e+04 2.420375653391587070e-21 -1.928988525959259372e-21 6.769739832742433137e-21
2.356871771100000115e+04 2.453894360707892980e-21 -1.848280444398719831e-21 6.756069165814505790e-21
2.360904541100000279e+04 2.463476756922867089e-21 -1.709678333263538689e-21 6.636631847109272868e-21
2.364937311100000079e+04 2.458258012113421345e-21 -1.515126317031483229e-21 6.431642341258325542e-21
2.368970081099999879e+04 2.449914373231710577e-21 -1.270628561392154905e-21 6.170457307855576060e-21
2.373002851099999680e+04 2.451767496555824327e-21 -9.874835505448615585e-22 5.891018543656510212e-21
2.377035621100000208e+04 2.477688732672179227e-21 -6.838913012457921956e-22 5.639268766590150273e-21
2.381068391100000008e+04 2.540917057497392214e-21 -3.859818792861752030e-22 5.467815994280959630e-21
2.385101161100000172e+04 2.652914195098173161e-21 -1.254008066294457757e-22 5.431229196825792097e-21
2.389133931100000336e+04 2.822374905415116266e-21 7.033996877443063634e-23 5.574409842055801896e-21
2.393166701100000137e+04 3.054490876122856281e-21 1.922751629442939717e-22 5.916706589301418590e-21
2.397199471099999937e+04 3.350536308761597643e-21 2.559031092200289444e-22 6.445169508303166718e-21
2.401232241100000101e+04 3.707806345408333764e-21 2.913727079370457712e-22 7.124239982879622510e-21
2.405265011099999901e+04 4.119900632926316451e-21 3.289458962417490648e-22 7.910855369610884589e-21
2.409297781099999702e+04 4.577308190586484861e-21 3.908307855712049706e-22 8.763785595601763999e-21
2.413330551100000230e+04 5.068220429104628764e-21 4.894712790387470163e-22 9.646969579170511265e-21
2.417363321100000030e+04 5.579479820950732177e-21 6.285611428546848969e-22 1.053039849904677871e-20
2.421396091100000194e+04 6.097564196486000188e-21 8.046005174767555828e-22 1.139052787549524479e-20
2.425428861099999995e+04 6.609511222385109884e-21 1.008435055895682755e-21 1.221058738887453701e-20
2.429461631100000159e+04 7.103702943663669078e-21 1.226866214960986609e-21 1.298053967236635155e-20
2.433494401099999959e+04 7.570453519189316252e-21 1.444508280944102085e-21 1.369639875743452967e-20
2.437527171099999759e+04 8.002370671465549625e-21 1.645921487642075353e-21 1.435881985528902314e-20
2.441559941099999924e+04 8.394488877641992813e-21 1.817828341139952955e-21 1.497114941414403418e-20
2.445592711100000088e+04 8.744196444808305000e-21 1.951036734739281727e-21 1.553735615487732677e-20
2.449625481099999888e+04 9.050996953668512545e-21 2.041657998000260467e-21 1.606033590933676613e-20
2.453658251100000416e+04 9.316157103680560395e-21 2.091371327056483978e-21 1.654094288030463531e-20
2.457691021100000216e+04 9.542297929337054695e-21 2.106778515809240161e-21 1.697781734286486923e-20
2.461723791100000017e+04 9.732985554106773946e-21 2.098153423735379628e-21 1.736781768447816977e-20
2.465756561100000181e+04 9.892372052267888140e-21 2.077985832562870402e-21 1.770675827197290738e-20
2.469789331099999981e+04 1.002492715399310526e-20 2.059637810701382038e-21 1.799021649728482698e-20
2.473822101099999782e+04 1.013528751967282629e-20 2.056264373318474574e-21 1.821431066602717651e-20
2.477854871099999946e+04 1.022823203661424715e-20 2.080004464447208306e-21 1.837645960878128599e-20
2.481887641100000110e+04 1.030876947157332871e-20 2.141374005030113403e-21 1.847616493811654401e-20
2.485920411100000274e+04 1.038230048021380226e-20 2.248780021453211168e-21 1.851582093897439336e-20
2.489953181100000074e+04 1.045479271617961616e-20 2.408086039088374034e-21 1.850149939327085829e-20
2.493985951100000239e+04 1.053289041909089127e-20 2.622165371819254212e-21 1.844361546636252832e-20
2.498018721100000039e+04 1.062387396036159974e-20 2.890381026343537140e-21 1.835736689437966234e-20
2.502051491099999839e+04 1.073539534346232588e-20 3.207958016027696463e-21 1.826283267089695380e-20
2.506084261100000003e+04 1.087494530547070129e-20 3.565309450660632543e-21 1.818458116028077005e-20
2.510117031099999804e+04 1.104905546509699638e-20 3.947571784131922565e-21 1.815053914606207020e-20
2.514149801099999968e+04 1.126229940001654151e-20 4.334863547417621756e-21 1.818973525261546126e-20
2.518182571100000132e+04 1.151621974797186116e-20 4.703933142879904671e-21 1.832850635306381765e-20
2.522215341100000296e+04 1.180836150531824724e-20 5.031571873997572080e-21 1.858515113663892090e-20
2.526248111100000096e+04 1.213162104019245704e-20 5.299208778662633355e-21 1.896403330172228072e-20
2.530280881099999897e+04 1.247411461942501853e-20 5.496940828302810378e-21 1.945128841054722668e-20
2.534313651100000061e+04 1.281972340618901997e-20 5.625099404406289375e-21 2.001434740797175058e-20
2.538346421099999861e+04 1.314938539950902755e-20 5.692865881871023343e-21 2.060590491714703177e-20
2.542379191099999662e+04 1.344308860116171295e-20 5.715175114758999893e-21 2.117100208756442601e-20
2.546411961100000190e+04 1.368239136620050636e-20 5.709597779753013760e-21 2.165518495264799896e-20
2.550444731099999990e+04 1.385317792969650534e-20 5.694078873108030734e-21 2.201227698628497995e-20
2.554477501100000154e+04 1.394827290085377355e-20 5.685391947616104502e-21 2.221115385409144109e-20
2.558510271100000318e+04 1.396950767174855935e-20 5.697604613664128930e-21 2.224141072983298977e-20
2.562543041100000119e+04 1.392886568751600528e-20 5.739744921483086207e-21 2.211798645354892436e-20
2.566575811099999919e+04 1.384843280129312449e-20 5.812086591311195624e-21 2.188477901127505337e-20
2.570608581100000083e+04 1.375903200702093653e-20 5.901188993491237062e-21 2.161687502055063750e-20
2.574641351099999883e+04 1.369760677995199990e-20 5.975570931974714786e-21 2.141964262792928501e-20
2.578674121100000048e+04 1.370360524338218646e-20 5.986917714827465138e-21 2.142029277193690778e-20
2.582706891100000212e+04 1.381477764992261523e-20 5.883341398164369801e-21 2.174621390168086216e-20
2.586739661100000376e+04 1.406290484472177158e-20 5.634125166094666647e-21 2.249168452334887801e-20
2.590772431100000176e+04 1.447000628592794450e-20 5.249951794614162866e-21 2.369006077724172463e-20
2.594805201099999977e+04 1.504552526700344165e-20 4.781213794221367871e-21 2.530983673978551392e-20
2.598837971100000141e+04 1.578486179688708665e-20 4.298479563306211559e-21 2.727124403046796173e-20
2.602870741099999941e+04 1.666943832726695563e-20 3.872462280327652059e-21 2.946641437420626071e-20
2.606903511099999741e+04 1.766826840243079870e-20 3.562560955650421249e-21 3.177397584921117916e-20
2.610936281099999906e+04 1.874078739458532883e-20 3.412653793142671411e-21 3.406892099602798626e-20
2.614969051100000070e+04 1.984053223743410499e-20 3.450282566264170841e-21 3.623078190860403914e-20
2.619001821099999870e+04 2.091915249731639692e-20 3.686748781003593264e-21 3.815155621362920057e-20
2.623034591100000398e+04 2.193021638140172414e-20 4.117184828623481013e-21 3.974324793417997027e-20
2.627067361100000198e+04 2.283234573944647729e-20 4.720546081220668582e-21 4.094414539767228599e-20
2.631100131099999999e+04 2.359136084384535582e-20 5.459894412348956141e-21 4.172282727534175550e-20
2.635132901100000163e+04 2.418131112347442928e-20 6.283542571692919917e-21 4.207907967525593865e-20
2.639165671099999963e+04 2.458447456619495867e-20 7.127708285183124382e-21 4.204124084720679295e-20
2.643198441099999764e+04 2.479058603953712209e-20 7.921287172645953762e-21 4.165988490642829041e-20
2.647231211099999928e+04 2.479566884706540502e-20 8.593094654663868713e-21 4.099824303946694132e-20
2.651263981100000092e+04 2.460087318122011729e-20 9.081269940749855391e-21 4.012047642169037617e-20
2.655296751100000256e+04 2.421166651603483768e-20 9.343388460678607729e-21 3.907994457139106764e-20
2.659329521100000056e+04 2.363758998665645800e-20 9.364566558501421771e-21 3.791061341481149122e-20
2.663362291100000220e+04 2.289262225201641305e-20 9.160506905070473426e-21 3.662473759896235568e-20
2.667395061100000021e+04 2.199601715038654223e-20 8.773977209179674267e-21 3.521805709159341319e-20
2.671427831099999821e+04 2.097334168041582002e-20 8.266057898006117415e-21 3.368062546282552412e-20
2.675460601099999985e+04 1.985736511576825082e-20 7.705537037163357119e-21 3.200919319437314453e-20
2.679493371100000149e+04 1.868845164478580040e-20 7.159632451504374797e-21 3.021727083806722298e-20
2.683526141099999950e+04 1.751418362983028150e-20 6.687429553111681488e-21 2.834093770654888151e-20
2.687558911100000478e+04 1.638807094828081994e-20 6.335617549747964209e-21 2.644052434681367718e-20
2.691591681100000278e+04 1.536735477746632872e-20 6.135160695962243097e-21 2.459954885897041586e-20
2.695624451100000078e+04 1.451006018547952072e-20 6.097478441903819808e-21 2.292264192905522314e-20
2.699657221099999879e+04 1.387156444455990026e-20 6.209580099273273293e-21 2.153354878984652724e-20
2.703689991100000043e+04 1.350101071210273629e-20 6.430346259926989540e-21 2.057167516427848153e-20
2.707722761099999843e+04 1.343790568219202646e-20 6.695794542065420900e-21 2.018001682231863051e-20
2.711755531099999644e+04 1.370920254884874082e-20 6.943794769933699197e-21 2.047461032776378244e-20
2.715788301100000172e+04 1.432710263439996968e-20 7.150352307532571173e-21 2.150385296126736819e-20
2.719821071099999972e+04 1.528772877445172604e-20 7.341441548840890910e-21 2.323401600006255966e-20
2.723853841100000136e+04 1.657074740655288812e-20 7.566558652363339677e-21 2.557493616074243656e-20
2.727886611100000300e+04 1.813995481130869617e-20 7.866652764521488564e-21 2.841325685809590227e-20
2.731919381100000101e+04 1.994479900585236070e-20 8.261265445662389635e-21 3.162833256604233026e-20
2.735952151099999901e+04 2.192277819734353655e-20 8.750948069197848904e-21 3.509460832548922420e-20
2.739984921100000065e+04 2.400263066941230214e-20 9.324499241544087806e-21 3.868076209728051647e-20
2.744017691099999865e+04 2.610819975441426029e-20 9.965575590774244516e-21 4.225082391805427606e-20
2.748050461100000030e+04 2.816281425191430765e-20 1.065720070515778898e-20 4.566842779867082632e-20
2.752083231099999830e+04 3.009396816520177993e-20 1.138426911791279153e-20 4.880366721249077134e-20
2.756116001100000358e+04 3.183801982476205738e-20 1.213457764341215624e-20 5.154146200611196152e-20
2.760148771100000158e+04 3.334457147706372568e-20 1.289895267357861456e-20 5.379019028054883680e-20
2.764181541099999959e+04 3.458015202677808918e-20 1.367093451526186559e-20 5.548936953829431878e-20
2.768214311100000123e+04 3.553082351645671189e-20 1.444630855800957390e-20 5.661533847490385589e-20
2.772247081099999923e+04 3.620337768429916510e-20 1.522257826080241464e-20 5.718417710779591556e-20
2.776279851099999723e+04 3.662488674234520697e-20 1.599829909386839321e-20 5.725147439082202072e-20
2.780312621100000251e+04 3.684051737357154680e-20 1.677209046468842087e-20 5.690894428245467274e-20
2.784345391100000052e+04 3.690969476846625903e-20 1.754118119904528527e-20 5.627820833788723580e-20
2.788378161100000216e+04 3.690089297859103199e-20 1.829959167249065953e-20 5.550219428469141046e-20
2.792410931100000380e+04 3.688550355721957449e-20 1.903653969089576528e-20 5.473446742354338672e-20
2.796443701100000180e+04 3.693137074725783886e-20 1.973624908272545435e-20 5.412649241179022336e-20
2.800476471099999981e+04 3.709665630904595989e-20 2.038057146980686181e-20 5.381274114828506099e-20
2.804509241099999781e+04 3.742469527144655319e-20 2.095491018131725881e-20 5.389448036157585058e-20
2.808542011099999945e+04 3.794041955893359774e-20 2.145555860352790681e-20 5.442528051433928266e-20
2.812574781099999745e+04 3.864876441853657720e-20 2.189432656261441707e-20 5.540320227445874334e-20
2.816607551099999910e+04 3.953524862292751502e-20 2.229710508279125757e-20 5.677339216306376946e-20
2.820640321100000074e+04 4.056865927044753778e-20 2.269702361204490122e-20 5.844029492885017133e-20
2.824673091100000238e+04 4.170550884378286670e-20 2.312619219115102723e-20 6.028482549641470918e-20
2.828705861100000038e+04 4.289570282286474562e-20 2.360971104703765665e-20 6.218169459869183759e-20
2.832738631100000202e+04 4.408869579261811053e-20 2.416306919916883593e-20 6.401432238606738513e-20
2.836771401100000003e+04 4.523935040751224306e-20 2.479201681943143582e-20 6.568668399559305331e-20
2.840804171099999803e+04 4.631276147061901326e-20 2.549344826051379681e-20 6.713207468072423272e-20
2.844836941099999967e+04 4.728746426090002920e-20 2.625625895895522241e-20 6.831866956284483599e-20
2.848869711100000131e+04 4.815669098517606896e-20 2.706187921711725418e-20 6.925150275323488072e-20
2.852902481099999932e+04 4.892763419819421671e-20 2.788489933257367778e-20 6.997036906381476166e-20
2.856935251100000096e+04 4.961897276778074530e-20 2.869471145703879755e-20 7.054323407852269305e-20
2.860968021100000260e+04 5.025716374214471946e-20 2.945918766596569612e-20 7.105513981832374280e-20
2.865000791100000060e+04 5.087215910875313969e-20 3.015079347554470640e-20 7.159352474196156697e-20
2.869033561099999861e+04 5.149324317277763630e-20 3.075409520529156062e-20 7.223239114026371199e-20
2.873066331100000025e+04 5.214559978711235240e-20 3.127195487162049596e-20 7.301924470260420885e-20
2.877099101099999825e+04 5.284802844329148486e-20 3.172719157540289371e-20 7.396886531118008203e-20
2.881131871099999989e+04 5.361197401592120291e-20 3.215811935373723277e-20 7.506582867810517304e-20
2.885164641100000154e+04 5.444176863742731483e-20 3.260929305426747070e-20 7.627424422058715895e-20
2.889197411100000318e+04 5.533575903400533811e-20 3.312082118361871376e-20 7.755069688439195645e-20
2.893230181100000118e+04 5.628785219354694329e-20 3.371951591154069301e-20 7.885618847555319356e-20
2.897262951100000282e+04 5.728898125212074643e-20 3.441365471815391924e-20 8.016430778608756760e-20
2.901295721100000083e+04 5.832807321392243285e-20 3.519160510685343981e-20 8.146454132099142588e-20
2.905328491099999883e+04 5.939226858090876251e-20 3.602372713033079684e-20 8.276081003148672817e-20
2.909361261100000047e+04 6.046636029929773035e-20 3.686673942819702879e-20 8.406598117039843192e-20
2.913394031099999847e+04 6.153163692248841140e-20 3.766972621101649455e-20 8.539354763396032824e-20
2.917426801100000012e+04 6.256448565899706779e-20 3.838086693474382950e-20 8.674810438325030607e-20
2.921459571099999812e+04 6.353519988366552957e-20 3.895373835568138817e-20 8.811666141164966496e-20
2.925492341100000340e+04 6.440742639322685398e-20 3.935190427316947512e-20 8.946294851328423283e-20
2.929525111100000140e+04 6.513858533188011770e-20 3.955079972069878465e-20 9.072637094306145076e-20
2.933557881099999940e+04 6.568142484968233240e-20 3.953671337871362701e-20 9.182613632065104381e-20
2.937590651100000105e+04 6.598667085375090573e-20 3.930364353521280924e-20 9.266969817228900823e-20
2.941623421099999905e+04 6.600654151052931582e-20 3.884945989261937135e-20 9.316362312843925427e-20
2.945656191099999705e+04 6.569875300594448730e-20 3.817289453906506473e-20 9.322461147282390987e-20
2.949688961100000233e+04 6.503057097296852570e-20 3.727250019549153339e-20 9.278864175044551801e-20
2.953721731100000034e+04 6.398246717640516285e-20 3.614808073621276812e-20 9.181685361659755759e-20
2.957754501100000198e+04 6.255101263492744096e-20 3.480438926976652069e-20 9.029763600008835521e-20
2.961787271100000362e+04 6.075075276901900780e-20 3.325620228605603432e-20 8.824530325198198129e-20
2.965820041100000162e+04 5.861493826671808892e-20 3.153333006610925969e-20 8.569654646732691815e-20
2.969852811099999963e+04 5.619510042998765888e-20 2.968388940411029188e-20 8.270631145586502589e-20
2.973885581099999763e+04 5.355954392780727420e-20 2.777440785517734632e-20 7.934468000043720207e-20
2.977918351099999927e+04 5.079087741580161507e-20 2.588605138508677541e-20 7.569570344651645473e-20
2.981951121100000091e+04 4.798271932284804608e-20 2.410722383653920060e-20 7.185821480915688553e-20
2.985983891099999892e+04 4.523571609530444205e-20 2.252358181249849400e-20 6.794785037811038708e-20
2.990016661100000420e+04 4.265300955247930945e-20 2.120684700523397656e-20 6.409917209972463631e-20
2.994049431100000220e+04 4.033530191370588256e-20 2.020370922226529538e-20 6.046689460514646371e-20
2.998082201100000020e+04 3.837569788180631991e-20 1.952603058729706385e-20 5.722536517631557597e-20
3.002114971100000184e+04 3.685455124216933886e-20 1.914425384783106624e-20 5.456484863650761749e-20
3.006147741099999985e+04 3.583460015932356400e-20 1.898803483261231348e-20 5.268116548603481151e-20
3.010180511099999785e+04 3.535672776078993669e-20 1.896038488840515351e-20 5.175307063317471687e-20
3.014213281099999949e+04 3.543671825019753768e-20 1.896806045980586217e-20 5.190537604058921318e-20
3.018246051100000113e+04 3.606338009883329348e-20 1.895604333421520565e-20 5.317071686345137830e-20
3.022278821099999914e+04 3.719836562321615290e-20 1.892159909161579202e-20 5.547513215481651379e-20
3.026311591100000078e+04 3.877792278374344116e-20 1.889853249091096812e-20 5.865731307657591721e-20
3.030344361100000242e+04 4.071666759905426255e-20 1.892978497561486831e-20 6.250355022249365378e-20
3.034377131100000042e+04 4.291326853099128594e-20 1.904912285930794672e-20 6.677741420267462516e-20
3.038409901099999843e+04 4.525770167669396369e-20 1.927600619429274417e-20 7.123939715909518923e-20
3.042442671100000007e+04 4.763949352445619335e-20 1.961712420382901718e-20 7.566186284508336952e-20
3.046475441099999807e+04 4.995615391307187586e-20 2.006784290453688163e-20 7.984446492160687612e-20
3.050508211099999971e+04 5.212086089564139595e-20 2.061002695818002441e-20 8.363169483310276748e-20
3.054540981100000135e+04 5.406843616573538856e-20 2.120555879676307021e-20 8.693131353470771292e-20
3.058573751100000300e+04 5.575877732307512123e-20 2.178714721123289186e-20 8.973040743491735060e-20
3.062606521100000100e+04 5.717720029292221153e-20 2.225041342490642422e-20 9.210398716093800486e-20
3.066639291100000264e+04 5.833156747969015413e-20 2.245394279728243001e-20 9.420919216209788427e-20
3.070672061100000064e+04 5.924657549917253923e-20 2.223539825440247290e-20 9.625775274394260556e-20
3.074704831099999865e+04 5.995606338613610540e-20 2.144788148406875630e-20 9.846424528820345449e-20
3.078737601100000029e+04 6.049457893979287486e-20 2.000851590943395250e-20 1.009806419701518032e-19
3.082770371100000193e+04 6.088961858353541815e-20 1.793735789307221375e-20 1.038418792739986226e-19
3.086803141099999993e+04 6.115587923911665407e-20 1.536514008012866872e-20 1.069466183981046454e-19
3.090835911099999794e+04 6.129252429445631469e-20 1.250716807623277695e-20 1.100778805126798585e-19
3.094868681100000322e+04 6.128392176507564833e-20 9.619478440159496252e-21 1.129483650899918064e-19
3.098901451100000122e+04 6.110366266531370586e-20 6.955959783456439130e-21 1.152513655471709666e-19
3.102934221099999922e+04 6.072104187840370185e-20 4.736294748320902670e-21 1.167057890084865010e-19
3.106966991100000087e+04 6.010871299415012176e-20 3.126111507441088357e-21 1.170913144808591431e-19
3.110999761099999887e+04 5.925001301916725002e-20 2.227043838344826571e-21 1.162729821999896614e-19
3.115032531100000051e+04 5.814453878536930798e-20 2.073933713851165547e-21 1.142151438568874504e-19
3.119065301100000215e+04 5.681092505228873033e-20 2.636989531896262131e-21 1.109848605726812106e-19
3.123098071100000016e+04 5.528634422902041787e-20 3.827341094675379015e-21 1.067453473633654507e-19
3.127130841099999816e+04 5.362289627141653571e-20 5.504968669677552730e-21 1.017408238731555247e-19
3.131163611099999980e+04 5.188164739895050393e-20 7.488627394281560773e-21 9.627466740361944709e-20
3.135196381100000144e+04 5.012548742289301339e-20 9.568417767346446097e-21 9.068255707843957466e-20
3.139229151099999945e+04 4.841213029867225937e-20 1.152317296272541313e-20 8.530108763461910561e-20
3.143261921099999745e+04 4.678846202449359148e-20 1.314609908893680362e-20 8.043082496005037933e-20
3.147294691100000273e+04 4.528708515559329310e-20 1.428035954295701026e-20 7.629381076822956992e-20
3.151327461100000073e+04 4.392540894601831892e-20 1.485754847209525584e-20 7.299326941994138200e-20
3.155360231099999874e+04 4.270710348126144348e-20 1.491886724121118161e-20 7.049533972131171138e-20
3.159393001100000038e+04 4.162528969330365135e-20 1.459838223697402797e-20 6.865219714963327472e-20
3.163425771100000202e+04 4.066656402612517682e-20 1.407177959512410122e-20 6.726134845712624941e-20
3.167458541100000002e+04 3.981490248769858256e-20 1.349921216334018462e-20 6.613059281205698050e-20
3.171491311100000166e+04 3.905464863247702692e-20 1.298829448475870349e-20 6.512100278019535637e-20
3.175524081099999967e+04 3.837211143928561078e-20 1.258329577173140671e-20 6.416092710683981486e-20
3.179556851100000131e+04 3.775569707666070791e-20 1.227367106330989723e-20 6.323772309001151558e-20
3.183589621100000295e+04 3.719487622994913469e-20 1.201368635030214428e-20 6.237606610959612510e-20
3.187622391100000095e+04 3.667855970716763025e-20 1.174697738001242668e-20 6.161014203432283683e-20
3.191655161099999896e+04 3.619356302403380685e-20 1.143027746373934728e-20 6.095684858432826641e-20
3.195687931100000060e+04 3.572377059520828812e-20 1.104989380516276213e-20 6.039764738525381410e-20
3.199720701100000224e+04 3.525038987187915303e-20 1.062597090379399869e-20 5.987480883996430737e-20
3.203753471100000024e+04 3.475337720427316353e-20 1.020433945803775822e-20 5.930241495050856885e-20
3.207786241099999825e+04 3.421379990181316440e-20 9.840904707998902544e-21 5.858669509562742325e-20
3.211819011100000353e+04 3.361665003485789945e-20 9.585298158180298730e-21 5.764800191153549716e-20
3.215851781100000153e+04 3.295350122233524116e-20 9.468534358009880080e-21 5.643846808666060826e-20
3.219884551099999953e+04 3.222442295906356300e-20 9.496257899147434404e-21 5.495258801897969461e-20
3.223917321100000117e+04 3.143872414393632629e-20 9.647088826154738678e-21 5.323035946171791389e-20
3.227950091100000282e+04 3.061434357774936555e-20 9.875101621435091721e-21 5.135358553406363638e-20
3.231982861100000082e+04 2.977597765924969591e-20 1.011607600010040969e-20 4.943587931839897912e-20
3.236015631100000246e+04 2.895227049410310933e-20 1.029797915420485912e-20 4.760656183400135954e-20
3.240048401100000046e+04 2.817253984724928570e-20 1.035600658353807697e-20 4.598907311096049443e-20
3.244081171099999847e+04 2.746354982172808647e-20 1.025010751104471277e-20 4.467699213241146318e-20
3.248113941100000375e+04 2.684677259171740666e-20 9.978606348633379097e-21 4.371493883480143422e-20
3.252146711099999811e+04 2.633643628153267802e-20 9.579634409305708985e-21 4.309323815375964404e-20
3.256179481100000339e+04 2.593847802038111971e-20 9.117492839038975514e-21 4.275946320172326089e-20
3.260212251099999412e+04 2.565035595181844215e-20 8.660545081164066739e-21 4.264016682247281757e-20
3.264245021100000304e+04 2.546155712866933085e-20 8.261319769335459250e-21 4.266179448800319944e-20
3.268277791100000104e+04 2.535458746328645738e-20 7.945563147492771070e-21 4.276361177908014368e-20
3.272310561099999904e+04 2.530624280482007177e-20 7.710962797443587475e-21 4.290152281219655908e-20
3.276343331100000069e+04 2.528901769569266452e-20 7.532929240935949644e-21 4.304510615044937940e-20
3.280376101099999505e+04 2.527258221824799971e-20 7.374110442638123692e-21 4.317105399385787874e-20
3.284408871100000397e+04 2.522531937357485043e-20 7.194622749681093200e-21 4.325601599746860767e-20
3.288441641099999833e+04 2.511594540919230022e-20 6.960562429302395233e-21 4.327132838908220520e-20
3.292474411099999998e+04 2.491522595600915227e-20 6.649251804283415439e-21 4.318120010773488910e-20
3.296507181100000162e+04 2.459775765753252705e-20 6.250890982244613685e-21 4.294462433282043740e-20
3.300539951100000326e+04 2.414372430208564751e-20 5.767447472576677813e-21 4.252000113159462023e-20
3.304572721099999762e+04 2.354047905136749722e-20 5.210202929947087835e-21 4.187075517278790660e-20
3.308605491099999927e+04 2.278376942175195892e-20 4.597206524012199749e-21 4.097033231949171507e-20
3.312638261100000818e+04 2.187842196602965718e-20 3.951232063997899198e-21 3.980561186806141516e-20
3.316671031099999527e+04 2.083834276302804622e-20 3.298153220594574662e-21 3.837853230546152078e-20
3.320703801100000419e+04 1.968576236201438765e-20 2.665259054676250527e-21 3.670626566935252476e-20
3.324736571099999856e+04 1.844974723089325887e-20 2.079019552276270373e-21 3.482047490951024737e-20
3.328769341100000020e+04 1.716409774790550302e-20 1.562095828469241794e-21 3.276609966734176124e-20
3.332802111100000184e+04 1.586483875152104379e-20 1.129818802459079481e-21 3.059985870058300510e-20
3.336834881100000348e+04 1.458756851440109334e-20 7.867905496378682642e-22 2.838834647916431842e-20
3.340867651099999784e+04 1.336495601153167248e-20 5.246105835242755521e-22 2.620530143953906940e-20
3.344900421099999949e+04 1.222466015506449381e-20 3.219615040941304467e-22 2.412735880603485868e-20
3.348933191100000840e+04 1.118788958432917288e-20 1.483065611006829766e-22 2.222747260755766428e-20
3.352965961099999549e+04 1.026873443686058790e-20 -2.812207077424707736e-23 2.056559094449542137e-20
3.356998731100000441e+04 9.474293976619359626e-21 -2.291842321402654918e-22 1.917777218537898625e-20
3.361031501099999878e+04 8.805511445727167593e-21 -4.566831729997291613e-22 1.806770606445406585e-20
3.365064271100000042e+04 8.258527366138073840e-21 -6.891034278860232562e-22 1.720615816016217244e-20
3.369097041100000206e+04 7.826291459335798602e-21 -8.882522161675873644e-22 1.654083513483918457e-20
3.373129811100000370e+04 7.500144515493688139e-21 -1.012612869882535152e-21 1.601290190086991294e-20
3.377162581099999807e+04 7.271101659800011129e-21 -1.030873867423095267e-21 1.557307718702311903e-20
3.381195351099999971e+04 7.130635845508623027e-21 -9.311205197529493234e-22 1.519239221077019387e-20
3.385228121100000135e+04 7.070864427766858970e-21 -7.247600998095953385e-22 1.486648895534331328e-20
3.389260891099999571e+04 7.084164135509546745e-21 -4.457533670075592313e-22 1.461408163802665272e-20
3.393293661100000463e+04 7.162358026965001965e-21 -1.450962046072296919e-22 1.446981225853723513e-20
3.397326431099999900e+04 7.295709407218507975e-21 1.202283824140649658e-22 1.447119043202295249e-20
3.401359201100000064e+04 7.472004150593106745e-21 3.028705841377664267e-22 1.464113771704844857e-20
3.405391971100000228e+04 7.675994861678816652e-21 3.795785178536363856e-22 1.497241120550399842e-20
3.409424741099999665e+04 7.889418936388192643e-21 3.561718683851727386e-22 1.542266600439121255e-20
3.413457511100000556e+04 8.091699473248148558e-21 2.603702939899886952e-22 1.592302865250630992e-20
3.417490281099999993e+04 8.261312842944255337e-21 1.286947688630252127e-22 1.639393091702548396e-20
3.421523051100000157e+04 8.377683163674102054e-21 -4.574934520665930811e-24 1.675994126186887004e-20
3.425555821099999594e+04 8.423364512858022894e-21 -1.131090682963526486e-22 1.695983809401239844e-20
3.429588591100000485e+04 8.386213360262015863e-21 -1.797732899286665199e-22 1.695220001045269975e-20
3.433621361099999922e+04 8.261244568487605475e-21 -1.954417006837496730e-22 1.671793083765896062e-20
3.437654131100000086e+04 8.051902668960695331e-21 -1.570521583421670772e-22 1.626085749626355924e-20
3.441686901100000250e+04 7.770555663979755044e-21 -6.610443374178225962e-23 1.560721576170129385e-20
3.445719671099999687e+04 7.438115478314861324e-21 7.134648535089949800e-23 1.480488447127882465e-20
3.449752441100000578e+04 7.082790092163925296e-21 2.420107851666454657e-22 1.392356939916120362e-20
3.453785211100000015e+04 6.738062572897665110e-21 4.187748647177604482e-22 1.305735028107756977e-20
3.457817981100000179e+04 6.440062311236493984e-21 5.505280376989794025e-22 1.232959658477400932e-20
3.461850751099999616e+04 6.224540782988298511e-21 5.555381261828466882e-22 1.189354343979374958e-20
3.465883521100000507e+04 6.123690551087968235e-21 3.377265789214573738e-22 1.190965452325447834e-20
3.469916291099999944e+04 6.163057334485024499e-21 -1.639717058222874740e-22 1.249008637479233722e-20
3.473949061100000108e+04 6.358795824125321875e-21 -9.372007159464289510e-22 1.365479236419707270e-20
3.477981831100000272e+04 6.715512466970007406e-21 -1.915603139494072790e-21 1.534662807343408685e-20
3.482014601099999709e+04 7.224920208583153899e-21 -3.021565235722369424e-21 1.747140565288867572e-20
3.486047371100000601e+04 7.865494996574827728e-21 -4.187848413531244733e-21 1.991883840668090019e-20
3.490080141099999310e+04 8.603264377909774035e-21 -5.359275832551923744e-21 2.256580458837147332e-20
3.494112911100000201e+04 9.393770075512517897e-21 -6.488460056388170421e-21 2.527600020741320772e-20
3.498145681100000365e+04 1.018513063331527207e-20 -7.532352415270741442e-21 2.790261368190128408e-20
3.502178451099999802e+04 1.092199731544949664e-20 -8.451038559112414490e-21 3.029503319001140627e-20
3.506211221099999966e+04 1.155006510883398642e-20 -9.208428030323586944e-21 3.230855824799155829e-20
3.510243991100000130e+04 1.202069501559584116e-20 -9.774114309771447851e-21 3.381550434096313018e-20
3.514276761100000294e+04 1.229514806799044066e-20 -1.012568151396298109e-20 3.471597764994386392e-20
3.518309531099999731e+04 1.234794373122047055e-20 -1.025082484848799386e-20 3.494671231092893345e-20
3.522342301100000623e+04 1.216894199364725558e-20 -1.014878506262784626e-20 3.448666904992235742e-20
3.526375071099999332e+04 1.176390119893937776e-20 -9.830766350814145656e-21 3.335856874869289966e-20
3.530407841100000223e+04 1.115346008914859948e-20 -9.319201167333498029e-21 3.162612134563069848e-20
3.534440611100000388e+04 1.037070010897224210e-20 -8.645922029945019750e-21 2.938732224788950244e-20
3.538473381099999824e+04 9.457627072177576572e-21 -7.849471897867440652e-21 2.676472604222259229e-20
3.542506151099999988e+04 8.461038662270886382e-21 -6.971905795130236086e-21 2.389398311967200885e-20
3.546538921100000152e+04 7.428295995725558402e-21 -6.055490710301011395e-21 2.091208270175212970e-20
3.550571691100000317e+04 6.403488785086656267e-21 -5.139694966465822772e-21 1.794667253663913681e-20
3.554604461099999753e+04 5.424385012727970797e-21 -4.258781873636951581e-21 1.510755189909289468e-20
3.558637231100000645e+04 4.520410062011775031e-21 -3.440205376103041822e-21 1.248102550012659113e-20
3.562670001099999354e+04 3.711735949838577194e-21 -2.703872413303004971e-21 1.012734431298016011e-20
3.566702771100000245e+04 3.009407552831040655e-21 -2.062211616003978211e-21 8.081026721666059897e-21
3.570735541100000410e+04 2.416312612789594742e-21 -1.520887867458731541e-21 6.353513093037921402e-21
3.574768311099999846e+04 1.928729502099792970e-21 -1.079933024942090109e-21 4.937392029141676049e-21
3.578801081100000010e+04 1.538164381184314894e-21 -7.350167902297298550e-22 3.811345552598359455e-21
3.582833851100000174e+04 1.233211452712887872e-21 -4.785431210308047330e-22 2.944966026456580476e-21
3.586866621100000339e+04 1.001224228158523671e-21 -3.002505156239884599e-22 2.302698971941035613e-21
3.590899391099999775e+04 8.296571166650690614e-22 -1.872157967334610452e-22 1.846530030063599262e-21
3.594932161099999939e+04 7.070108788501506763e-22 -1.239794950946162937e-22 1.538001252794917552e-21
3.598964931100000103e+04 6.233811719055839802e-22 -9.441098065604695055e-23 1.341173324467214911e-21
3.602997701100000268e+04 5.706592808484718210e-22 -8.555341902054236258e-23 1.226871980717486099e-21
3.607030471099999704e+04 5.424651115636369052e-22 -9.039397202293949696e-23 1.175324195150213401e-21
3.611063241099999868e+04 5.339050403747633296e-22 -1.068032488406743831e-22 1.174613329590201042e-21
3.615096011100000760e+04 5.412441297015874365e-22 -1.339715290928907725e-22 1.216459788496065645e-21
3.619128781099999469e+04 5.615677237578380637e-22 -1.696734983383442830e-22 1.292808945854020504e-21
3.623161551100000361e+04 5.924861574496758628e-22 -2.098958285976346424e-22 1.394868143496986274e-21
3.627194321099999797e+04 6.319126644058367274e-22 -2.499176419420755022e-22 1.513742970753748957e-21
3.631227091099999961e+04 6.779223685611264133e-22 -2.855046110828173040e-22 1.641349348205070225e-21
3.635259861100000126e+04 7.286824502134974809e-22 -3.137108929565246183e-22 1.771075793383519580e-21
3.639292631100000290e+04 7.824321419874090842e-22 -3.333384729750117786e-22 1.898202756949829759e-21
3.643325401099999726e+04 8.374869541336117408e-22 -3.451572208075689218e-22 2.020131129074792403e-21
3.647358171099999890e+04 8.922440914261452191e-22 -3.518738940196729345e-22 2.136362076871963185e-21
3.651390941100000782e+04 9.451739232469373962e-22 -3.577519080302874217e-22 2.248099754524162214e-21
3.655423711099999491e+04 9.947932276353183153e-22 -3.677979868167193335e-22 2.357384442087355776e-21
3.659456481100000383e+04 1.039626890651608531e-21 -3.865786137785454255e-22 2.465832395081762488e-21
3.663489251099999819e+04 1.078173020503819123e-21 -4.169638208580960775e-22 2.573309861865734511e-21
3.667522021099999984e+04 1.108889919180212723e-21 -4.592482525604433700e-22 2.677028090920868815e-21
3.671554791100000148e+04 1.130221096495101671e-21 -5.109900174840038066e-22 2.771432210474207149e-21
3.675587561100000312e+04 1.140666983380685478e-21 -5.675757781680292271e-22 2.848909744929400182e-21
3.679620331099999748e+04 1.138901008130849118e-21 -6.232227324365048714e-22 2.901024748698203296e-21
3.683653101099999913e+04 1.123915958915640935e-21 -6.720532537029044319e-22 2.919885171534186490e-21
3.687685871100000804e+04 1.095177030991950643e-21 -7.089848217710535127e-22 2.899338883754954987e-21
3.691718641099999513e+04 1.052753111119601888e-21 -7.303246663726788473e-22 2.835830888611882811e-21
3.695751411100000405e+04 9.973990271372500110e-22 -7.340605398246712977e-22 2.728858594099171508e-21
3.699784181100000569e+04 9.305685781752546162e-22 -7.198885097333383593e-22 2.581025666083847404e-21
3.703816951100000006e+04 8.543496478909727224e-22 -6.890368559273902328e-22 2.397736151709335489e-21
3.707849721100000170e+04 7.713260799848040115e-22 -6.439497265061146552e-22 2.186601886475722678e-21
3.711882491099999606e+04 6.843834002261969784e-22 -5.878929943347959709e-22 1.956659794787189740e-21
3.715915261100000498e+04 5.964843876793584318e-22 -5.245397226966377733e-22 1.717508498055354543e-21
3.719948031099999935e+04 5.104443298153174567e-22 -4.575839729977781776e-22 1.478472632628413091e-21
3.723980801100000099e+04 4.287341536550950257e-22 -3.904197742287273652e-22 1.247888081538917511e-21
3.728013571099999535e+04 3.533333064159342295e-22 -3.259080785573722351e-22 1.032574691389240741e-21
3.732046341100000427e+04 2.856449415398016906e-22 -2.662401553339101458e-22 8.375300384135135740e-22
3.736079111099999864e+04 2.264757269753407086e-22 -2.128929433621245594e-22 6.658443973128059296e-22
3.740111881100000028e+04 1.760734032621500890e-22 -1.666618869468018038e-22 5.188086934711019583e-22
3.744144651100000192e+04 1.342085387169811866e-22 -1.277506108867742759e-22 3.961676883207366492e-22
3.748177421099999628e+04 1.002834843439654761e-22 -9.589460605829289679e-23 2.964615747462238254e-22
3.752210191100000520e+04 7.345129949326864944e-23 -7.049740681922300518e-23 2.174000058057603276e-22
3.756242961099999957e+04 5.272978289516729986e-23 -5.076159046941248454e-23 1.562211562597470843e-22
3.760275731100000121e+04 3.709974133225987156e-23 -3.580216117333761780e-23 1.100016438378573609e-22
3.764308501099999557e+04 2.558122543434604706e-23 -2.473538575316039989e-23 7.589783662185249694e-23
3.768341271100000449e+04 1.728577247083822810e-23 -1.674104855021528054e-23 5.131259349189173968e-23
3.772374041099999886e+04 1.144611528259252106e-23 -1.109983891268836395e-23 3.399206947787340754e-23
3.776406811100000050e+04 7.427061843927319694e-24 -7.209968426077023798e-24 2.206409211393166318e-23
3.780439581100000214e+04 4.722322002911986132e-24 -4.588206527806522099e-24 1.403285053363049436e-23
3.784472351099999651e+04 2.942155989732206718e-24 -2.860577876651878666e-24 8.744889856116292470e-24
3.788505121100000542e+04 1.796142409150081390e-24 -1.747320444320139322e-24 5.339605262620301735e-24
3.792537891099999979e+04 1.074423473919946411e-24 -1.045694387868016954e-24 3.194541335707909592e-24
3.796570661100000143e+04 6.297461747026297948e-25 -6.131332496366075128e-25 1.872625599041866919e-24
3.800603431100000307e+04 3.616657764158918224e-25 -3.522300689830058303e-25 1.075561621814789567e-24
3.804636201100000471e+04 2.035158684638369916e-25 -1.982541887688648297e-25 6.052859256965387670e-25
3.808668971099999908e+04 1.122111014948279269e-25 -1.093314389454195523e-25 3.337536419350754061e-25
3.812701741100000072e+04 6.062031555503954266e-26 -5.907400556004756400e-26 1.803146366701266493e-25
3.816734511100000236e+04 3.208808999064468181e-26 -3.127360820068171337e-26 9.544978818197107126e-26
3.820767281099999673e+04 1.664223394531117218e-26 -1.622150095417262353e-26 4.950596884479497075e-26
3.824800051100000564e+04 8.457080548563159515e-27 -8.243973278821023055e-27 2.515813437594734208e-26
3.828832821099999273e+04 4.210848292225555720e-27 -4.105021481396543088e-27 1.252671806584765381e-26
3.832865591100000165e+04 2.054273929747644064e-27 -2.002757108462047131e-27 6.111304967957334901e-27
3.836898361100000329e+04 9.819428622676607290e-28 -9.573608445371396768e-28 2.921246569072461135e-27
3.840931131099999766e+04 4.598887180978245444e-28 -4.483921609438382833e-28 1.368169597139487372e-27
3.844963901099999930e+04 2.110365225624313748e-28 -2.057669824545058809e-28 6.278400275793686754e-28
3.848996671100000094e+04 9.488564967313253854e-29 -9.251858495243757225e-29 2.822898842987026381e-28
3.853029441100000258e+04 4.180047996366198372e-29 -4.075849356458719762e-29 1.243594534919111539e-28
3.857062211099999695e+04 1.804262141083145443e-29 -1.759313783571196310e-29 5.367838065737487195e-29
3.861094981100000587e+04 7.630543803131263501e-30 -7.440543818347207088e-30 2.270163142460973409e-29
3.865127751099999296e+04 3.161904200015274915e-30 -3.083204765929303833e-30 9.407013165959853662e-30
3.869160521100000187e+04 1.283746259984017121e-30 -1.251804406338926180e-30 3.819296926306960597e-30
3.873193291100000351e+04 5.106776626103764146e-31 -4.979744747102131759e-31 1.519329799930966093e-30
3.877226061099999788e+04 1.990451751634020802e-31 -1.940949578098346886e-31 5.921853081366388927e-31
3.881258831099999952e+04 7.601398795794626233e-32 -7.412386277340601124e-32 2.261518386892985250e-31
3.885291601100000116e+04 2.844280399280782274e-32 -2.773565939197793274e-32 8.462126737759357822e-32
3.889324371100000280e+04 1.042769434570054027e-32 -1.016847076818990203e-32 3.102385945959098120e-32
3.893357141099999717e+04 3.745770308305798821e-33 -3.652662275919259469e-33 1.114420289253085711e-32
3.897389911100000609e+04 1.318350645431337224e-33 -1.285583065376960855e-33 3.922284356239635646e-33
3.901422681100000045e+04 4.546295437269446981e-34 -4.433304217940316065e-34 1.352589509247921003e-33
3.905455451100000209e+04 1.536106345968453140e-34 -1.497930652033391334e-34 4.570143343970297401e-34
3.909488221100000374e+04 5.085361261501736856e-35 -4.958983650461865058e-35 1.512970617346533877e-34
3.913520991099999810e+04 1.649526231116265167e-35 -1.608534758593300767e-35 4.907587220825830833e-35
3.917553761100000702e+04 5.242440653237531286e-36 -5.112167044819853209e-36 1.559704835129491712e-35
3.921586531100000138e+04 1.632468063522172122e-36 -1.591902417290359932e-36 4.856838544334704511e-36
3.925619301100000303e+04 4.980726953893373800e-37 -4.856961632675395216e-37 1.481841554046214198e-36
3.929652071099999739e+04 1.488941516416976020e-37 -1.451943552039007340e-37 4.429826584872958962e-37
3.933684841099999903e+04 4.361133757132651016e-38 -4.252767344592368692e-38 1.297503485885767072e-37
3.937717611100000067e+04 1.251578323992950135e-38 -1.220479114353018432e-38 3.723635762338918442e-38
3.941750381100000232e+04 3.519277525134544145e-39 -3.431831188990272435e-39 1.047038623925936072e-38
3.945783151099999668e+04 9.695849238711833166e-40 -9.454930073531172491e-40 2.884662855095484045e-39
3.949815921099999832e+04 2.617309283035454497e-40 -2.552275588097669035e-40 7.786894154168577620e-40
3.953848691100000724e+04 6.922470112679085640e-41 -6.750464442973776281e-41 2.059540466833194654e-40
3.957881461099999433e+04 1.793923770847494952e-41 -1.749349497537653434e-41 5.337197039232643084e-41
3.961914231100000325e+04 4.554951221368227192e-42 -4.441772992200819225e-42 1.355167543493727297e-41
3.965947001099999761e+04 1.133183719499365204e-42 -1.105027225220199212e-42 3.371394664218929779e-42
3.969979771099999925e+04 2.762191418655807992e-43 -2.693558686354746912e-43 8.217941523666362896e-43
3.974012541100000090e+04 6.596963270730917778e-44 -6.433047407236466722e-44 1.962697394869830427e-43
3.978045311100000254e+04 1.543729520725966872e-44 -1.505372254650545584e-44 4.592831296102479329e-44
3.982078081099999690e+04 3.539445266520061364e-45 -3.451500247995224513e-45 1.053039078103534724e-44
3.986110851099999854e+04 7.951261572935507695e-46 -7.753695773136347935e-46 2.365621891900736488e-45
3.990143621100000746e+04 1.750143778992253088e-46 -1.706657805425092069e-46 5.206945363409598439e-46
3.994176391099999455e+04 3.774402962698485048e-47 -3.680620091459295903e-47 1.122942601685626600e-46
3.998209161100000347e+04 7.975531746524650320e-48 -7.777363192893146117e-48 2.372842668594244554e-47
4.002241931100000511e+04 1.651231174957095588e-48 -1.610202939982649095e-48 4.912665289896839967e-48
4.006274701099999947e+04 3.349600081221469136e-49 -3.266372398627936966e-49 9.965572561070874859e-49
4.010307471100000112e+04 6.657556870409364738e-50 -6.492136252420333838e-50 1.980724999323906331e-49
4.014340241100000276e+04 1.296503397119587032e-50 -1.264289123714028264e-50 3.857295917953202564e-50
4.018373011100000440e+04 2.473826745945074211e-51 -2.412359479056987953e-51 7.360012970947136969e-51
4.022405781099999876e+04 4.624893640320266549e-52 -4.509978745445630882e-52 1.375976602608616250e-51
4.026438551100000768e+04 8.471709713059031898e-53 -8.261212862745021935e-53 2.520463228886308759e-52
4.030471321099999477e+04 1.520467809348213159e-53 -1.482688698330110900e-53 4.523624317026536986e-53
4.034504091100000369e+04 2.673746574070446834e-54 -2.607311913549486685e-54 7.954805061690380932e-54
4.038536861099999805e+04 4.606807865814876113e-55 -4.492342379402084418e-55 1.370595811103183737e-54
4.042569631099999970e+04 7.777084283967537930e-56 -7.583846856407249773e-56 2.313801542434232382e-55
4.046602401100000134e+04 1.286383197974625990e-56 -1.254420400192844092e-56 3.827186796142096072e-56
4.050635171099999570e+04 2.084782532220191892e-57 -2.032981886097249251e-57 6.202546950537633318e-57
4.054667941100000462e+04 3.310457429778874491e-58 -3.228202409088258576e-58 9.849117268646006850e-58
4.058700711099999899e+04 5.150532154784659382e-59 -5.022556752310206901e-59 1.532362106187952567e-58
4.062733481100000063e+04 7.851507419742196056e-60 -7.656420819288585808e-60 2.335943565877297903e-59
4.066766251099999499e+04 1.172710558603096071e-60 -1.143572190455586984e-60 3.488993307661778987e-60
4.070799021100000391e+04 1.716190417175472321e-61 -1.673548191964781896e-61 5.105929026315726538e-61
4.074831791099999828e+04 2.460803621247311178e-62 -2.399659974004955767e-62 7.321267216499578123e-62
4.078864561099999992e+04 3.457206247264613143e-63 -3.371304960310690856e-63 1.028571745483991714e-62
4.082897331100000156e+04 4.758942618978744791e-64 -4.640697057574769790e-64 1.415858229553225937e-63
4.086930101099999592e+04 6.418484471561155464e-65 -6.259004234544103688e-65 1.909597317766641546e-64
4.090962871100000484e+04 8.481865251128897511e-66 -8.271116143230263590e-66 2.523484664548806072e-65
4.094995641099999921e+04 1.098214288359412678e-66 -1.070926931849429148e-66 3.267355508568254768e-66
4.099028411100000085e+04 1.393219865390382014e-67 -1.358602498370087989e-67 4.145042229150852346e-67
4.103061181100000249e+04 1.731765462506210241e-68 -1.688736245079773036e-68 5.152267170092193518e-68
4.107093951100000413e+04 2.109091090603302010e-69 -2.056686454436067934e-69 6.274868635642672211e-69
4.111126721099999850e+04 2.516740555331026075e-70 -2.454207043347735348e-70 7.487688154009787176e-70
4.115159491100000014e+04 2.942513101337355242e-71 -2.869400408917054584e-71 8.754426611591765873e-71
4.119192261100000906e+04 3.370817269027647765e-72 -3.287062492911298334e-72 1.002869703096659437e-71
4.123225031099999615e+04 3.783457523057383264e-73 -3.689449864878937943e-73 1.125636491099370384e-72
4.127257801100000506e+04 4.160824156126690132e-74 -4.057440060376908902e-74 1.237908837263028995e-73
4.131290571099999943e+04 4.483391963915285200e-75 -4.371993018294034865e-75 1.333877694612460625e-74
4.135323341100000107e+04 4.733374897796020543e-76 -4.615764620370265595e-76 1.408251441596230545e-75
4.139356111100000271e+04 4.896344254897919068e-77 -4.774684674052688115e-77 1.456737318384852625e-76
4.143388881099999708e+04 4.962606427282986070e-78 -4.839300428706804267e-78 1.476451328327277545e-77
4.147421651099999872e+04 4.928157395145653104e-79 -4.805707352500699559e-79 1.466202214279200517e-78
4.151454421100000036e+04 4.795083269037461490e-80 -4.675939722347652904e-80 1.426610626042257513e-79
4.155487191100000200e+04 4.571351160880664534e-81 -4.457766691152924395e-81 1.360046901291425440e-80
4.159519961099999637e+04 4.270019537824612056e-82 -4.163922262025738142e-82 1.270396133767496108e-81
4.163552731100000528e+04 3.907976896659788094e-83 -3.810875302880451302e-83 1.162682909620002749e-82
4.167585501099999237e+04 3.504378121417499708e-84 -3.417304755895115034e-84 1.042606099873011445e-83
4.171618271100000129e+04 3.078979378978689931e-85 -3.002475906008417928e-85 9.160434663965797789e-85
4.175651041100000293e+04 2.650571034063807843e-86 -2.584712233307550402e-86 7.885854301435166446e-86
4.179683811099999730e+04 2.235676502169853204e-87 -2.180126595596821502e-87 6.651479599936528357e-87
4.183716581099999894e+04 1.847631356668537439e-88 -1.801723216943384625e-88 5.496985930280459503e-88
4.187749351100000058e+04 1.496092801820316049e-89 -1.458919348826836381e-89 4.451104952467468131e-89
4.191782121100000222e+04 1.186966849891328553e-90 -1.157474256687966089e-90 3.531407956470623195e-90
4.195814891099999659e+04 9.226893201763042443e-92 -8.997632369624482755e-92 2.745141877315057037e-91
4.199847661100000551e+04 7.027635774944462950e-93 -6.853019943755923543e-93 2.090829149364484859e-92
4.203880431099999987e+04 5.244448722584649230e-94 -5.114139781976631925e-94 1.560303722714592932e-93
4.207913201100000151e+04 3.834663761132093804e-95 -3.739383780579379395e-95 1.140871130284356767e-94
4.211945971100000315e+04 2.747208252019317699e-96 -2.678948304047237197e-96 8.173364808085872180e-96
4.215978741099999752e+04 1.928380462467401064e-97 -1.880465947817469713e-97 5.737226872752271320e-97
4.220011511100000644e+04 1.326266226620561845e-98 -1.293312458532929812e-98 3.945844911774053664e-98
4.224044281100000080e+04 8.937283727221356619e-100 -8.715218828509503221e-100 2.658978628295221646e-99
4.228077051100000244e+04 5.900886044403212832e-101 -5.754266590243334559e-101 1.755603867904976022e-100
4.232109821099999681e+04 3.817383196052715318e-102 -3.722532586108459209e-102 1.135729897821388984e-101
4.236142591100000573e+04 2.419642111488570293e-103 -2.359521207106079104e-103 7.198805430083220185e-103
4.240175361100000009e+04 1.502703709948090678e-104 -1.465365995567962578e-104 4.470773415464143625e-104
4.244208131100000173e+04 9.143920261206798975e-106 -8.916721059682954644e-106 2.720456158209655259e-105
4.248240901100000337e+04 5.451654807914211321e-107 -5.316197412840949713e-107 1.621950702866937236e-106
4.252273671099999774e+04 3.184645643017675233e-108 -3.105516677917375365e-108 9.474807963952725832e-108
4.256306441100000666e+04 1.822765200837845573e-109 -1.777474911075368571e-109 5.423005312751059717e-109
4.260339211099999375e+04 1.022203090098155225e-110 -9.968043859066577010e-111 3.041210566102968004e-110
4.264371981100000266e+04 5.616690554909661590e-112 -5.477132512754311818e-112 1.671051362257363592e-111
4.268404751099999703e+04 3.023852848273766014e-113 -2.948719105521624285e-113 8.996424802069156313e-113
4.272437521099999867e+04 1.595062319418174003e-114 -1.555429768499176653e-114 4.745554407335524659e-114
4.276470291100000031e+04 8.243877043891661317e-116 -8.039041237331496530e-116 2.452679532511481916e-115
4.280503061100000195e+04 4.174670500406947248e-117 -4.070942364419362832e-117 1.242028336523325733e-116
4.284535831099999632e+04 2.071332157630050902e-118 -2.019865718853345430e-118 6.162530034113447234e-118
4.288568601099999796e+04 1.006964452781668343e-119 -9.819443833695874659e-120 2.995873288932924290e-119
4.292601371100000688e+04 4.796399829733316686e-121 -4.677223570495348269e-121 1.427002322996198164e-120
4.296634141099999397e+04 2.238481273001410797e-122 -2.182861676228706833e-122 6.659824222231528964e-122
4.300666911100000289e+04 1.023595573957790673e-123 -9.981622706871658424e-124 3.045353418602747524e-123
4.304699681100000453e+04 4.586064732285096916e-125 -4.472114674154395112e-125 1.364424413872458842e-124
4.308732451099999889e+04 2.013208748550513506e-126 -1.963186503484568130e-126 5.989604000585594486e-126
4.312765221100000053e+04 8.659130498535776699e-128 -8.443976879633792448e-128 2.576223787670534584e-127
4.316797991100000218e+04 3.649191107499209044e-129 -3.558519570330847262e-129 1.085690178532926599e-128
4.320830761100000382e+04 1.506800578599264577e-130 -1.469361069227730823e-130 4.482962226426259976e-130
4.324863531099999818e+04 6.096095978315975482e-132 -5.944626138344052689e-132 1.813681809497600365e-131
4.328896301100000710e+04 2.416488101372870443e-133 -2.356445564754204986e-133 7.189421767499945482e-133
4.332929071099999419e+04 9.385434288905156428e-135 -9.152234182662795105e-135 2.792310276047310796e-134
4.336961841100000311e+04 3.571584528622813715e-136 -3.482841283942833957e-136 1.062601034118846215e-135
4.340994611100000475e+04 1.331693684027124446e-137 -1.298605059778304364e-137 3.961992427832553256e-137
4.345027381099999911e+04 4.865019599505226969e-139 -4.744138343235958579e-139 1.447417754224641103e-138
4.349060151100000076e+04 1.741412653430025232e-140 -1.698143732324090486e-140 5.180969039184140718e-140
4.353092921100000240e+04 6.107389873761764385e-142 -5.955639414104507726e-142 1.817041916162803650e-141
4.357125691100000404e+04 2.098681048915619276e-143 -2.046535071594758521e-143 6.243897169425997528e-143
4.361158461099999840e+04 7.066007341909879852e-145 -6.890438091503436830e-145 2.102245277532319653e-144
4.365191231100000005e+04 2.330980149729410000e-146 -2.273062231193826876e-146 6.935022530652646875e-146
4.369224001099999441e+04 7.534248030608732580e-148 -7.347044392811061065e-148 2.241554045402852623e-147
4.373256771100000333e+04 2.386042080544805565e-149 -2.326756036920860481e-149 7.098840198010471611e-149
4.377289541099999769e+04 7.403773623984485047e-151 -7.219811886833082570e-151 2.202735913480205266e-150
4.381322311099999934e+04 2.250945663071107635e-152 -2.195016363305570233e-152 6.696907689447785504e-152
4.385355081100000098e+04 6.705230916189183161e-154 -6.538625886107241604e-154 1.994908771848560925e-153
4.389387851099999534e+04 1.957038247582721054e-155 -1.908411672273801952e-155 5.822488167439244474e-155
4.393420621100000426e+04 5.596567361326428635e-157 -5.457509320666458288e-157 1.665064404331931685e-156
4.397453391099999862e+04 1.568126177042726728e-158 -1.529162892353919736e-158 4.665415246439373596e-158
4.401486161100000027e+04 4.305039307967116865e-160 -4.198032548713386651e-160 1.280811116464762165e-159
4.405518931100000191e+04 1.158004068135323471e-161 -1.108459750267662765e-161 3.424467886538309708e-161
4.409551701100000355e+04 3.051967441827726357e-163 3.051967441827726357e-163 3.051967441827726357e-163
4.413584471099999791e+04 7.881094858243733892e-165 7.881094858243733892e-165 7.881094858243733892e-165
4.417617241099999956e+04 1.994022528121016064e-166 1.994022528121016064e-166 1.994022528121016064e-166
4.421650011100000847e+04 4.943225399235426248e-168 4.943225399235426248e-168 4.943225399235426248e-168
4.425682781099999556e+04 1.200680933269185991e-169 1.200680933269185991e-169 1.200680933269185991e-169
4.429715551100000448e+04 2.857469883738251427e-171 2.857469883738251427e-171 2.857469883738251427e-171
4.433748321099999885e+04 6.663042093106901681e-173 6.663042093106901681e-173 6.663042093106901681e-173
4.437781091100000049e+04 1.522300181764490395e-174 1.522300181764490395e-174 1.522300181764490395e-174
4.441813861100000213e+04 3.407727734611823639e-176 3.407727734611823639e-176 3.407727734611823639e-176
4.445846631100000377e+04 7.474227725644642894e-178 7.474227725644642894e-178 7.474227725644642894e-178
4.449879401099999814e+04 1.606218449818721731e-179 1.606218449818721731e-179 1.606218449818721731e-179
4.453912171099999978e+04 3.382047802448019030e-181 3.382047802448019030e-181 3.382047802448019030e-181
4.457944941100000869e+04 6.977369469440674021e-183 6.977369469440674021e-183 6.977369469440674021e-183
4.461977711099999578e+04 1.410394308611902097e-184 1.410394308611902097e-184 1.410394308611902097e-184
4.466010481100000470e+04 2.793355564407966853e-186 2.793355564407966853e-186 2.793355564407966853e-186
4.470043251099999907e+04 5.420617228522418002e-188 5.420617228522418002e-188 5.420617228522418002e-188
4.474076021100000071e+04 1.030642647061361265e-189 1.030642647061361265e-189 1.030642647061361265e-189
4.478108791100000235e+04 1.920013687056194201e-191 1.920013687056194201e-191 1.920013687056194201e-191
4.482141561099999672e+04 3.504591371533868189e-193 3.504591371533868189e-193 3.504591371533868189e-193
4.486174331099999836e+04 6.267686959135972050e-195 6.267686959135972050e-195 6.267686959135972050e-195
4.490207101100000000e+04 1.098282477604609704e-196 1.098282477604609704e-196 1.098282477604609704e-196
4.494239871100000164e+04 1.885635124720948220e-198 1.885635124720948220e-198 1.885635124720948220e-198
