6.860526242979276503e+02 3.802018852917110338e-180 3.802018852917110338e-180 3.802018852917110338e-180
6.841596998041001143e+02 2.229529525671381443e-178 2.229529525671381443e-178 2.229529525671381443e-178
6.822771923066339923e+02 1.280999727709563325e-176 1.280999727709563325e-176 1.280999727709563325e-176
6.804050160524654984e+02 7.211435011813227634e-175 7.211435011813227634e-175 7.211435011813227634e-175
6.785430862271844035e+02 3.977692422868963222e-173 3.977692422868963222e-173 3.977692422868963222e-173
6.766913189422263031e+02 2.149698479649750926e-171 2.149698479649750926e-171 2.149698479649750926e-171
6.748496312222736151e+02 1.138310515716838806e-169 1.138310515716838806e-169 1.138310515716838806e-169
6.730179409928615542e+02 5.905827989760876506e-168 5.905827989760876506e-168 5.905827989760876506e-168
6.711961670681861278e+02 3.002186632967181030e-166 3.002186632967181030e-166 3.002186632967181030e-166
6.693842291391085837e+02 1.495310653350405611e-164 1.495310653350405611e-164 1.495310653350405611e-164
6.675820477613547155e+02 7.297296880126581955e-163 7.297296880126581955e-163 7.297296880126581955e-163
6.657895443439035716e+02 3.489228815316767795e-161 3.489228815316767795e-161 3.489228815316767795e-161
6.640066411375624966e+02 1.634683702483046064e-159 1.634683702483046064e-159 1.634683702483046064e-159
6.622332612237266858e+02 7.503689633794736022e-158 7.503689633794736022e-158 7.503689633794736022e-158
6.604693285033160919e+02 3.374837293193258482e-156 3.374837293193258482e-156 3.374837293193258482e-156
6.587147676858911609e+02 1.487194134552981845e-154 1.487194134552981845e-154 1.487194134552981845e-154
6.569695042789390982e+02 6.421246404871207733e-153 6.421246404871207733e-153 6.421246404871207733e-153
6.552334645773325974e+02 2.716488398139522835e-151 2.716488398139522835e-151 2.716488398139522835e-151
6.535065756529530745e+02 1.125986596544788106e-149 1.125986596544788106e-149 1.125986596544788106e-149
6.517887653444786338e+02 4.572939275664881811e-148 4.572939275664881811e-148 4.572939275664881811e-148
6.500799622473323325e+02 1.819677793912110601e-146 1.819677793912110601e-146 1.819677793912110601e-146
6.483800957037889248e+02 7.094640658845150403e-145 7.094640658845150403e-145 7.094640658845150403e-145
6.466890957932346282e+02 2.710211345448855436e-143 2.710211345448855436e-143 2.710211345448855436e-143
6.450068933225815044e+02 1.014408224792777131e-141 -9.614814626844758568e-142 2.990297912270029827e-141
6.433334198168279272e+02 3.720139382650499047e-140 -3.663275071178604015e-140 1.110355383647960164e-139
6.416686075097688899e+02 1.336726350780961252e-138 -1.316350307189603239e-138 3.989803008751525445e-138
6.400123893348476258e+02 4.706116284848376339e-137 -4.634380094422931583e-137 1.404661266411968522e-136
6.383646989161495640e+02 1.623377962673125015e-135 -1.598632515666051237e-135 4.845388441012301268e-135
6.367254705595356654e+02 5.486728689095356194e-134 -5.403093480820109931e-134 1.637655085901082427e-133
6.350946392439104784e+02 1.816955003141067820e-132 -1.789258825924136551e-132 5.423168832206272191e-132
6.334721406126254806e+02 5.895378674476756748e-131 -5.805514339781115841e-131 1.759627168873463034e-130
6.318579109650128203e+02 1.874200663940246933e-129 -1.845631880652379149e-129 5.594033208532872695e-129
6.302518872480492291e+02 5.837908932219833699e-128 -5.748920619309717609e-128 1.742473848374938501e-127
6.286540070481453313e+02 1.781703330736234588e-126 -1.754544501205067710e-126 5.317951162677536885e-126
6.270642085830614860e+02 5.327829461772396789e-125 -5.246616383462997488e-125 1.590227530700779212e-124
6.254824306939433427e+02 1.560997061712253059e-123 -1.537202498180657302e-123 4.659196621605163420e-123
6.239086128374807458e+02 4.481162607529421095e-122 -4.412855426833448489e-122 1.337518064189229068e-121
6.223426950781818050e+02 1.260422561812732725e-120 -1.241209710322284792e-120 3.762054833947750242e-120
6.207846180807650853e+02 3.473589401141514081e-119 -3.420640842995298909e-119 1.036781964527832652e-118
6.192343231026646890e+02 9.379455790171395324e-118 -9.236483031179599467e-118 2.799539461152238835e-117
6.176917519866476596e+02 2.481496390110013256e-116 -2.443670487066228353e-116 7.406663267286254019e-116
6.161568471535422304e+02 6.432599344115673958e-115 -6.334546056559150932e-115 1.919974474479050065e-114
6.146295515950722574e+02 1.633789888088084215e-113 -1.608885730198923975e-113 4.876465506375092692e-113
6.131098088668002219e+02 4.065769491957897265e-112 -4.003794224448413971e-112 1.213533320836420942e-111
6.115975630811730070e+02 9.913480325985789346e-111 -9.762367333385422018e-111 2.958932798535699923e-110
6.100927589006716971e+02 2.368352774854471608e-109 -2.332251540618518193e-109 7.068957090327461408e-109
6.085953415310605124e+02 5.543748038696177204e-108 -5.459243674052984777e-108 1.654673975144533919e-107
6.071052567147369246e+02 1.271444541743189666e-106 -1.252063680198031328e-106 3.794952763684410660e-106
6.056224507241773836e+02 2.857118197227192545e-105 -2.813566622321199658e-105 8.527803016775584360e-105
6.041468703554808144e+02 6.290654599628187989e-104 -6.194765001756770539e-104 1.877607420101314652e-103
6.026784629220037459e+02 1.357063970186986725e-102 -1.336377996044496806e-102 4.050505936418470257e-102
6.012171762480905954e+02 2.868412772365239917e-101 -2.824689032185995012e-101 8.561514576916474846e-101
5.997629586628934248e+02 5.940456532260705028e-100 -5.849905067539386213e-100 1.773081813206079728e-99
5.983157589942812820e+02 1.205410151056043561e-98 -1.187035863797974858e-98 3.597856165910061818e-98
5.968755265628384450e+02 2.396551211606141891e-97 -2.360020143444644828e-97 7.153122566656928090e-97
5.954422111759479321e+02 4.668479224699344417e-96 -4.597316742569918011e-96 1.393427519196860435e-95
5.940157631219605037e+02 8.910477839987425517e-95 -8.774653797610414725e-95 2.659560947758526576e-94
5.925961331644480197e+02 1.666339179662132425e-93 -1.640938866972110314e-93 4.973617226296375378e-93
5.911832725365376291e+02 3.053252099107396841e-92 -3.006710819285564932e-92 9.113215017500359296e-92
5.897771329353281544e+02 5.481491818770840465e-91 -5.397936437067130914e-91 1.636092007460881293e-90
5.883776665163846928e+02 9.642102045806504859e-90 -9.495125721933455156e-90 2.877932981354646662e-89
5.869848258883127983e+02 1.661810596783840705e-88 -1.636479314110363904e-88 4.960100507678045593e-88
5.855985641074084924e+02 2.806261717973128677e-87 -2.763485357675968893e-87 8.376008793622225353e-87
5.842188346723841050e+02 4.643138805103599779e-86 -4.572362591621925584e-86 1.385864020182912657e-85
5.828455915191688064e+02 7.527174935705041179e-85 -7.412436832338769898e-85 2.246678670374885111e-84
5.814787890157821266e+02 1.195609064964206566e-83 -1.177384177452875197e-83 3.568602307381288145e-83
5.801183819572795528e+02 1.860729470956833240e-82 -1.832366031525852062e-82 5.553824973439518834e-82
5.787643255607683841e+02 2.837357900543842721e-81 -2.794107535451969258e-81 8.468823336539656105e-81
5.774165754604941867e+02 4.239179948260442341e-80 -4.174561353469403788e-80 1.265292124999028697e-79
5.760750877029945514e+02 6.205637905833633061e-79 -6.111044232965039281e-79 1.852232004463230420e-78
5.747398187423219724e+02 8.900775712351822189e-78 -8.765099561279677846e-78 2.656665098598332414e-77
5.734107254353305052e+02 1.250852587112211194e-76 -1.231785612495313897e-76 3.733490786719736745e-76
5.720877650370301808e+02 1.722349376014590868e-75 -1.696095289664026888e-75 5.140794041693208623e-75
5.707708951960038348e+02 2.323663414916820752e-74 -2.288243388762717082e-74 6.935570218596358978e-74
5.694600739498885105e+02 3.071581447663859788e-73 -3.024760770231758542e-73 9.167923665559478746e-73
5.681552597209174564e+02 3.978209943963808591e-72 -3.917569362648542437e-72 1.187398925057616012e-71
5.668564113115240843e+02 5.048358741784776014e-71 -4.971405686741911164e-71 1.506812317031146078e-70
5.655634879000068622e+02 6.276962964376727139e-70 -6.181282070603892668e-70 1.873520799935734695e-69
5.642764490362513925e+02 7.646906340509277551e-69 -7.530343149455199408e-69 2.282415583047375451e-68
5.629952546375133124e+02 9.127646728536889952e-68 -8.988512341097471725e-68 2.724380579817125492e-67
5.617198649842557643e+02 1.067502061573531467e-66 -1.051229932530327745e-66 3.186234055677390942e-66
5.604502407160454140e+02 1.223250689128197875e-65 -1.204604455287345496e-65 3.651105833543740824e-65
5.591863428275037222e+02 1.373406388090563743e-64 -1.352471303484894395e-64 4.099284079666021712e-64
5.579281326643115335e+02 1.510843583149567046e-63 -1.487813518258790331e-63 4.509500684557924694e-63
5.566755719192690322e+02 1.628458865992573659e-62 -1.603635969847628691e-62 4.860553701832776226e-62
5.554286226284076520e+02 1.719772218123826406e-61 -1.693557415862045613e-61 5.133101852109698770e-61
5.541872471671546236e+02 1.779516061212696237e-60 -1.752390572630691345e-60 5.311422695056084649e-60
5.529514082465490219e+02 1.804137952813293449e-59 -1.776637148237215157e-59 5.384913053863801833e-59
5.517210689095076077e+02 1.792150263768962911e-58 -1.764832189728094177e-58 5.349132717266019645e-58
5.504961925271406926e+02 1.744278973693442196e-57 -1.717690610477154488e-57 5.206248557864039163e-57
5.492767427951176842e+02 1.663390887993592070e-56 -1.638035516652360367e-56 4.964817292639544506e-56
5.480626837300796979e+02 1.554209423548507727e-55 -1.530518325226084763e-55 4.638937172323100218e-55
5.468539796661005994e+02 1.422858147116060917e-54 -1.401169260308768862e-54 4.246885554540890986e-54
5.456505952511938631e+02 1.276293387972947197e-53 -1.256838614578444970e-53 3.809425390524339365e-53
5.444524954438661553e+02 1.121698866482263858e-52 -1.104600605635729732e-52 3.347998338600257077e-52
5.432596455097166199e+02 9.659149545905912444e-52 -9.511913363872896245e-52 2.883021245568472410e-51
5.420720110180792517e+02 8.149638527808611563e-51 -8.025412098133800124e-51 2.432468915375102088e-50
5.408895578387104024e+02 6.737125692301153155e-50 -6.634430453957878861e-50 2.010868183856018327e-49
5.397122521385193750e+02 5.456922687485563865e-49 -5.373741817540905728e-49 1.628758719251203422e-48
5.385400603783418774e+02 4.330696999634715662e-48 -4.264683393702111106e-48 1.292607739297154304e-47
5.373729493097544037e+02 3.367477049957817421e-47 -3.316145981775914750e-47 1.005110008169155008e-46
5.362108859719309066e+02 2.565596399513699441e-46 -2.526488544654792186e-46 7.657681343682191458e-46
5.350538376885398293e+02 1.915176824003776481e-45 -1.885983433618391034e-45 5.716337081625944929e-45
5.339017720646813814e+02 1.400768171451431680e-44 -1.379416006180821162e-44 4.180952349083684523e-44
5.327546569838643791e+02 1.003830760825050847e-43 -9.885291850570587860e-44 2.996190706707160480e-43
5.316124606050210559e+02 7.048416868743615764e-43 -6.940976562099735967e-43 2.103781029958696749e-42
5.304751513595617780e+02 4.849081810286605677e-42 -4.775166369934491275e-42 1.447332999050770135e-41
5.293426979484661388e+02 3.268618903005983787e-41 -3.218794747627422290e-41 9.756032553639389864e-41
5.282150693394115706e+02 2.158767702772130644e-40 -2.125861212097961774e-40 6.443396617642223062e-40
5.270922347639393593e+02 1.396961326581265778e-39 -1.375667189742814754e-39 4.169589842905346799e-39
5.259741637146554467e+02 8.857266293098609475e-39 -8.722253364056794575e-39 2.643678595025401353e-38
5.248608259424676135e+02 5.502396317604334388e-38 -5.418522284804036379e-38 1.642331492001270724e-37
5.237521914538580177e+02 3.349198446301524415e-37 -3.298146002216196129e-37 9.996542894819243706e-37
5.226482305081887034e+02 1.997407800541239818e-36 -1.966960948350285745e-36 5.961776549432765716e-36
5.215489136150431477e+02 1.167157457964125655e-35 -1.149366263498665323e-35 3.483681179426916766e-35
5.204542115315995261e+02 6.682346703702044485e-35 -6.580486471494461118e-35 1.994517987889854688e-34
5.193640952600380842e+02 3.748568117494542102e-34 -3.691428008514147802e-34 1.118856424350323286e-33
5.182785360449804557e+02 2.060338874359762591e-33 -2.028932752307998086e-33 6.149610501027523611e-33
5.171975053709613803e+02 1.109554793335936223e-32 -1.092641646816074343e-32 3.311751233487947063e-32
5.161209749599318002e+02 5.854579373497064239e-32 -5.765336950003512845e-32 1.747449569699764242e-31
5.150489167687928784e+02 3.026770482578296732e-31 -2.980632866877564918e-31 9.034173832034160134e-31
5.139813029869618504e+02 1.533204654559400243e-30 -1.509833735769955588e-30 4.576243044888756425e-30
5.129181060339656142e+02 7.609526176722282488e-30 -7.493532778337065611e-30 2.271258513178163199e-29
5.118592985570670066e+02 3.700427919048546443e-29 -3.644021619912199326e-29 1.104487745800929277e-28
5.108048534289186478e+02 1.763125107175845865e-28 -1.736249468902156229e-28 5.262499683253848183e-28
5.097547437452459462e+02 8.230972641037611636e-28 -8.105506420608323150e-28 2.456745170268354463e-27
5.087089428225591519e+02 3.764922438453660011e-27 -3.707533037569669163e-27 1.123737791447698918e-26
5.076674241958929770e+02 1.687321174308667043e-26 -1.661601029239157143e-26 5.036243377856491516e-26
5.066301616165743553e+02 7.409285449593215951e-26 -7.296344357211596299e-26 2.211491525639802820e-25
5.055971290500173154e+02 3.187804975765966528e-25 -3.139212681851548462e-25 9.514822633383480600e-25
5.045683006735445701e+02 1.343828999900564560e-24 -1.323344768829225680e-24 4.011002768630354984e-24
5.035436508742358797e+02 5.550512960086531117e-24 -5.465905476509703001e-24 1.656693139668276744e-23
5.025231542468029602e+02 2.246255122111881517e-23 -2.212015044713581966e-23 6.704525288937344412e-23
5.015067855914891766e+02 8.906803828746234142e-23 -8.771035789992792564e-23 2.658464344748526202e-22
5.004945199119956101e+02 3.460362055678258583e-22 -3.407615124375967702e-22 1.032833923573248440e-21
4.994863324134319100e+02 1.317219169783234227e-21 -1.297140557215759127e-21 3.931578896782227580e-21
4.984821985002914175e+02 4.912826094050613054e-21 -4.837938987927417144e-21 1.466359117602864099e-20
4.974820937744517551e+02 1.795318834445570152e-20 -1.767952461301335781e-20 5.358590130192476386e-20
4.964859940331978123e+02 6.428188896112794631e-20 -6.330202837813606020e-20 1.918658063003919528e-19
4.954938752672700844e+02 2.255134872794711763e-19 -2.220759439729616668e-19 6.731029185319039712e-19
4.945057136589354059e+02 7.751633995488405099e-19 -7.633474421624143389e-19 2.313674241260095359e-18
4.935214855800807641e+02 2.610663178823123676e-18 -2.570868362797702460e-18 7.792194720443950198e-18
4.925411675903303035e+02 8.614801526502066984e-18 -8.483484532152833640e-18 2.571308758515696915e-17
4.915647364351842725e+02 2.785329353987002741e-17 -2.742872069508488229e-17 8.313530777482494020e-17
4.905921690441802525e+02 8.823577066004466727e-17 -8.689077667852196520e-17 2.633623179986112997e-16
4.896234425290760441e+02 2.738732765502945496e-16 -2.696985761295158779e-16 8.174451292301048786e-16
4.886585341820546660e+02 8.328973481237848282e-16 -8.202013415726712776e-16 2.485996037820240934e-15
4.876974214739491913e+02 2.481819247411283423e-15 -2.443988422825857523e-15 7.407626917648424370e-15
4.867400820524899814e+02 7.245788693243603548e-15 -7.135339811032127990e-15 2.162691719751933351e-14
4.857864937405716432e+02 2.072707545088235195e-14 -2.041112884782779756e-14 6.186527974959249830e-14
4.848366345345403943e+02 5.809345943962971857e-14 -5.720793020390826015e-14 1.733948490831676847e-13
4.838904826025017769e+02 1.595340158546502570e-13 -1.571022096262727669e-13 4.761702413355733061e-13
4.829480162826480978e+02 4.292558308559650606e-13 -4.227126054930591719e-13 1.281224267204989495e-12
4.820092140816048527e+02 1.131659975654931794e-12 -1.114409874672439530e-12 3.377729825982303117e-12
4.810740546727974447e+02 2.923159792404265918e-12 -2.878601528833222757e-12 8.724921113641754998e-12
4.801425168948356941e+02 7.398198916167604431e-12 -7.285426799793012347e-12 2.208182463212822444e-11
4.792145797499177888e+02 1.834578498139611335e-11 -1.806613675765786337e-11 5.475770672045009330e-11
4.782902224022528799e+02 4.457418812402403760e-11 -4.389473536104223894e-11 1.330431116090903400e-10
4.773694241765011270e+02 1.061127162748233526e-10 -1.044952197542845332e-10 3.167206523039312384e-10
4.764521645562323329e+02 2.475074464448071648e-10 -2.437346415830272737e-10 7.387495344726417067e-10
4.755384231824022550e+02 5.656476083967715742e-10 -5.570253255846845999e-10 1.688320542378227748e-09
4.746281798518461414e+02 1.266602932473019988e-09 -1.247295827177773341e-09 3.780501692123813732e-09
4.737214145157900589e+02 2.778893301557707159e-09 -2.736533967609391744e-09 8.294320570724806890e-09
4.728181072783784202e+02 5.973654550835072895e-09 -5.882596519984772991e-09 1.782990562165491795e-08
4.719182383952190776e+02 1.258186982486513652e-08 -1.239008036129282067e-08 3.755382001102309703e-08
4.710217882719449563e+02 2.596492806902717138e-08 -2.556913436507710822e-08 7.749899050313144435e-08
4.701287374627912072e+02 5.250079939937868181e-08 -5.170050253275046547e-08 1.567021013315078026e-07
4.692390666691898673e+02 1.040115503366532853e-07 -1.024260287634163188e-07 3.104491294367228762e-07
4.683527567383790142e+02 2.018989648541035832e-07 -1.988212165350579213e-07 6.026191462432650613e-07
4.674697886620289182e+02 3.839931667169096112e-07 -3.781393963032400741e-07 1.146125729737059244e-06
4.665901435748828021e+02 7.155661698922816269e-07 -7.046572285956955752e-07 2.135789568380258723e-06
4.657138027534135745e+02 1.306510891027735373e-06 -1.286591406912840472e-06 3.899613188968311006e-06
4.648407476144948873e+02 2.337293469578687798e-06 -2.301654204516929620e-06 6.976241143674305217e-06
4.639709597140878259e+02 4.096854188287453283e-06 -4.034373630571011300e-06 1.222808200714591702e-05
4.631044207459424911e+02 7.035985463106031108e-06 -6.928650128163776972e-06 2.100062105437584004e-05
4.622411125403127699e+02 1.183959110438629364e-05 -1.165889556053998294e-05 3.533807776931256853e-05
4.613810170626872491e+02 1.952028248093724458e-05 -1.922215740113180458e-05 5.826272236300629714e-05
4.605241164125327487e+02 3.153360005379868009e-05 -3.105147747915376790e-05 9.411867758675112130e-05
4.596703928220528610e+02 4.991140098533041998e-05 -4.914700180476193569e-05 1.489698037754227553e-04
4.588198286549599061e+02 7.740442466984210409e-05 -7.621582420838868754e-05 2.310246735480729228e-04
4.579724064052601307e+02 1.176178706782965053e-04 -1.158042950308903478e-04 3.510400363874834127e-04
4.571281086960528910e+02 1.751156509164522688e-04 -1.723981106753382094e-04 5.226294125082427740e-04
4.562869182783430801e+02 2.554611380103584710e-04 -2.514570652139406538e-04 7.623793412346575957e-04
4.554488180298660609e+02 3.651567835067934600e-04 -3.593446310653542635e-04 1.089658198078941129e-03
4.546137909539262409e+02 5.114445966422258641e-04 -5.031096890132635011e-04 1.525998882297715121e-03
4.537818201782479264e+02 7.019371132077543941e-04 -6.900808716473827778e-04 2.093955098062891349e-03
4.529528889538387944e+02 9.440668269921506737e-04 -9.272445482329729361e-04 2.815378202217274067e-03
4.521269806538664398e+02 1.244372806158930726e-03 -1.220395390354524733e-03 3.709141002672386184e-03
4.513040787725460632e+02 1.607686385878807304e-03 -1.573071418792212385e-03 4.788444190549826993e-03
4.504841669240411193e+02 2.036331222650275552e-03 -1.985308662173457424e-03 6.057971107474008528e-03
4.496672288413760157e+02 2.529512088260665523e-03 -2.452267578331873872e-03 7.511291754853204050e-03
4.488532483753597262e+02 3.083125081531844138e-03 -2.962788776195221432e-03 9.129038939258911009e-03
4.480422094935221935e+02 3.690271792169667713e-03 -3.497931366350330844e-03 1.087847495068966670e-02
4.472340962790613617e+02 4.342793520263501725e-03 -4.029556532944476854e-03 1.271514357347148030e-02
4.464288929298021458e+02 5.034151605645999228e-03 -4.519114254815712224e-03 1.458741746610771155e-02
4.456265837571662018e+02 5.763959410824869706e-03 -4.917154627700342194e-03 1.644507344935007900e-02
4.448271531851532927e+02 6.544413178953182794e-03 -5.165130004659514509e-03 1.825395636256588183e-02
4.440305857493329427e+02 7.408763237429403896e-03 -5.203624826804875009e-03 2.002115130166368107e-02
4.432368660958475175e+02 8.421800291953962861e-03 -4.996554513686279550e-03 2.184015509759420701e-02
4.424459789804257071e+02 9.692086281488430585e-03 -4.588814362216182483e-03 2.397298692519304539e-02
4.416579092674064100e+02 1.138531706066736766e-02 -4.211539338218967844e-03 2.698217345955370230e-02
4.408726419287733620e+02 1.373775376881031414e-02 -4.384458386662111115e-03 3.185996592428273766e-02
4.400901620431997117e+02 1.706810970192262564e-02 -5.842059667479515377e-03 3.997827907132477099e-02
4.393104547951029986e+02 2.178567383593882703e-02 -9.253141422983527861e-03 5.282448909486119060e-02
4.385335054737102496e+02 2.839188431569394933e-02 -1.508269521934361805e-02 7.186646385073151844e-02
4.377592994721324544e+02 3.747218397990031979e-02 -2.370623578274693236e-02 9.865060374254756848e-02
4.369878222864493864e+02 4.967498983355060627e-02 -3.552796842458184889e-02 1.348779480916830475e-01
4.362190595148039165e+02 6.567519912955994965e-02 -5.100119301273814409e-02 1.823515912718580434e-01
4.354529968565055924e+02 8.612100954402382436e-02 -7.058749175518680419e-02 2.428295108432344807e-01
4.346896201111442224e+02 1.115650193107857596e-01 -9.468844929797728960e-02 3.178184879195488088e-01
4.339289151777120424e+02 1.423834936210925661e-01 -1.235641392124795790e-01 4.083311264546647390e-01
4.331708680537358305e+02 1.786910171499266897e-01 -1.572465825307421960e-01 5.146286168305955755e-01
4.324154648344174348e+02 2.202609599795413431e-01 -1.954569196479699345e-01 6.359788396070527039e-01
4.316626917117838502e+02 2.664645635806419666e-01 -2.375367755756526422e-01 7.704659027369366031e-01
4.309125349738455952e+02 3.162422621866274874e-01 -2.824050692247428995e-01 9.148895935979978189e-01
4.301649810037645238e+02 3.681194795678329190e-01 -3.285504373973855974e-01 1.064789396533051491e+00
4.294200162790294826e+02 4.202752814455195107e-01 -3.740662529528793190e-01 1.214616815843918340e+00
4.286776273706411757e+02 4.706660799701949949e-01 -4.167301750174448594e-01 1.358062334957834905e+00
4.279378009423053868e+02 5.171987630867290742e-01 -4.541240519186963143e-01 1.488521578092154352e+00
4.272005237496339305e+02 5.579393097523749345e-01 -4.837840192174122089e-01 1.599662638722161967e+00
4.264657826393546429e+02 5.913355887417862666e-01 -5.033662756983905417e-01 1.686037453181962853e+00
4.257335645485294435e+02 6.164280689030170457e-01 -5.108127775017438088e-01 1.743668915307777789e+00
4.250038565037793319e+02 6.330207331605141041e-01 -5.045042199337445021e-01 1.770545686254772599e+00
4.242766456205191048e+02 6.417871561123515978e-01 -4.833959721748311567e-01 1.766970284399534297e+00
4.235519191021983261e+02 6.442933189342001654e-01 -4.471462231387907105e-01 1.735732861007190930e+00
4.228296642395511640e+02 6.429284177211079809e-01 -3.962634356754072829e-01 1.682120271117623078e+00
4.221098684098531066e+02 6.407462372836514319e-01 -3.323179285744615741e-01 1.613810403141764382e+00
4.213925190761858062e+02 6.412308998539526517e-01 -2.582646872496542345e-01 1.540726486957559649e+00
4.206776037867091418e+02 6.480102937334972779e-01 -1.788637116350420830e-01 1.474884299102036556e+00
4.199651101739410137e+02 6.645469170800766268e-01 -1.009490125510188047e-01 1.430042846711172100e+00
4.192550259540435036e+02 6.938384487712753179e-01 -3.279710339188769697e-02 1.420474000934438319e+00
4.185473389261177886e+02 7.381589008202851243e-01 1.839659002588466333e-02 1.457921211614685797e+00
4.178420369715046263e+02 7.988660979653995353e-01 5.028730331384738406e-02 1.547444892616951728e+00
4.171391080530928548e+02 8.762932926057011018e-01 6.692844294212106637e-02 1.685658142269281345e+00
4.164385402146347701e+02 9.697330610224308423e-01 7.620509855270475585e-02 1.863261023492156943e+00
4.157403215800680982e+02 1.077511466267233597e+00 8.603192323361442961e-02 2.068991009300853001e+00
4.150444403528447310e+02 1.197141023397122028e+00 1.022171868558111457e-01 2.292064859938432786e+00
4.143508848152665678e+02 1.325533335023943771e+00 1.280154456536309326e-01 2.523051224394256664e+00
4.136596433278280642e+02 1.459247204855726565e+00 1.643927606561943755e-01 2.754101649055258338e+00
4.129707043285644659e+02 1.594746068753479795e+00 2.104337848386304555e-01 2.979058352668329412e+00
4.122840563324077152e+02 1.728639781169520218e+00 2.637443066051905483e-01 3.193535255733849887e+00
4.115996879305479297e+02 1.857889802870592799e+00 3.208724025116522216e-01 3.394907203229533099e+00
4.109175877898016438e+02 1.979962916235584514e+00 3.777941204202528436e-01 3.582131712050915961e+00
4.102377446519861905e+02 2.092925758187567986e+00 4.304713714054466678e-01 3.755380144969688860e+00
4.095601473333003355e+02 2.195479654733162977e+00 4.754315833808303582e-01 3.915527726085495708e+00
4.088847847237108795e+02 2.286941548364921140e+00 5.102706691488687607e-01 4.063612427580973296e+00
4.082116457863457413e+02 2.367181606465227350e+00 5.339715927757499037e-01 4.200391620154705130e+00
4.075407195568922702e+02 2.436531119351945218e+00 5.469735282244574393e-01 4.326088710479432997e+00
4.068719951430024366e+02 2.495675587713294341e+00 5.510030969017598590e-01 4.440348078524828601e+00
4.062054617237029106e+02 2.545547689123345503e+00 5.487473056982243858e-01 4.542348072548467286e+00
4.055411085488117919e+02 2.587233349686182127e+00 5.434727098592627703e-01 4.630993989513101816e+00
4.048789249383602851e+02 2.621901574662203416e+00 5.386740009338406576e-01 4.705129148390565064e+00
4.042189002820207975e+02 2.650765027943327912e+00 5.377917181351326015e-01 4.763738337751522778e+00
4.035610240385397560e+02 2.675073571195720756e+00 5.440006592433238586e-01 4.806146483148117099e+00
4.029052857351770172e+02 2.696137188346730440e+00 5.600511394731502168e-01 4.832223237220309997e+00
4.022516749671494836e+02 2.715368357249954290e+00 5.881419175169332325e-01 4.842594796982974792e+00
4.016001813970813714e+02 2.734327847399849798e+00 6.298065293464992775e-01 4.838849165453200207e+00
4.009507947544588546e+02 2.754753381380813604e+00 6.857964563522186419e-01 4.823710306409408233e+00
4.003035048350902798e+02 2.778549054552462927e+00 7.559451004414836639e-01 4.801153008663442634e+00
3.996583015005721791e+02 2.807716158259928374e+00 8.390036201233667112e-01 4.776428696396489038e+00
3.990151746777593758e+02 2.844213806523443910e+00 9.324646772242846104e-01 4.755962935822603654e+00
3.983741143582411155e+02 2.889750267255434490e+00 1.032440886394364155e+00 4.747059648116504604e+00
3.977351105978216879e+02 2.945521705806987356e+00 1.133732483671258784e+00 4.757310927942715928e+00
3.970981535160065619e+02 3.011931580902952099e+00 1.230258287663466676e+00 4.793604874142436856e+00
3.964632332954926710e+02 3.088337815267056641e+00 1.315948337261040990e+00 4.860727293273071403e+00
3.958303401816643259e+02 3.172882537686676940e+00 1.385945616143964054e+00 4.959819459229390048e+00
3.951994644820936173e+02 3.262457697775881460e+00 1.437660103875305184e+00 5.087255291676457958e+00
3.945705965660455377e+02 3.352847603688832834e+00 1.471178469378672915e+00 5.234516737998992753e+00
3.939437268639880472e+02 3.439066813675583312e+00 1.488901993075633090e+00 5.389231634275533978e+00
3.933188458671065746e+02 3.515881425399697502e+00 1.494736710070578400e+00 5.537026140728816159e+00
3.926959441268232354e+02 3.578468243920998493e+00 1.493278023816804412e+00 5.663658464025193240e+00
3.920750122543205975e+02 3.623135457246628111e+00 1.489219236641148081e+00 5.757051677852108362e+00
3.914560409200700519e+02 3.648006426460642437e+00 1.486947273635693012e+00 5.809065579285591419e+00
3.908390208533643886e+02 3.653560130581519960e+00 1.490141352540234942e+00 5.816978908622805200e+00
3.902239428418550915e+02 3.642930698484920349e+00 1.501162653516298962e+00 5.784698743453541958e+00
3.896107977310937258e+02 3.621894424823979275e+00 1.520082764866979685e+00 5.723706084780978642e+00
3.889995764240779295e+02 3.598512700480482440e+00 1.543386448274692180e+00 5.653638952686273811e+00
3.883902698808013270e+02 3.582447656106381828e+00 1.562840167851953899e+00 5.602055144360809535e+00
3.877828691178079907e+02 3.584016483537401765e+00 1.565807785209365255e+00 5.602225181865438053e+00
3.871773652077509951e+02 3.613092316537468207e+00 1.538718620012936800e+00 5.687466013062000059e+00
3.865737492789547787e+02 3.677987060685438347e+00 1.473539050998845079e+00 5.882435070372032726e+00
3.859720125149821115e+02 3.784459645807471961e+00 1.373063032354978175e+00 6.195856259259965526e+00
3.853721461542047564e+02 3.934979854039488245e+00 1.250470131433562893e+00 6.619489576645412932e+00
3.847741414893781666e+02 4.128344611920555352e+00 1.124216681334860413e+00 7.132472542506251401e+00
3.841779898672202762e+02 4.359695180586623309e+00 1.012796880680260303e+00 7.706593480492986536e+00
3.835836826879940418e+02 4.620927417655689595e+00 9.317458407395373676e-01 8.310108994571843155e+00
3.829912114050940204e+02 4.901432122696363969e+00 8.925393887230100853e-01 8.910324856669717519e+00
3.824005675246364149e+02 5.189057428187319410e+00 9.023807509578037900e-01 9.475734105416835362e+00
3.818117426050536665e+02 5.471157847911714001e+00 9.642257031710225190e-01 9.978089992652405371e+00
3.812247282566916624e+02 5.735589693554752344e+00 1.076801179651809992e+00 1.039437820745769514e+01
3.806395161414119457e+02 5.971530997473793789e+00 1.234603205938315851e+00 1.070845878900927062e+01
3.800560979721961985e+02 6.170042454649134811e+00 1.427971050295867128e+00 1.091211385900240138e+01
3.794744655127557280e+02 6.324336998975649493e+00 1.643386521428880531e+00 1.100528747652241890e+01
3.788946105771434532e+02 6.429779646994707498e+00 1.864168117093065069e+00 1.099539117689634971e+01
3.783165250293700410e+02 6.483685674261600695e+00 2.071719324468042966e+00 1.089565202405515798e+01
3.777402007830232833e+02 6.485015022680536312e+00 2.247422655566166938e+00 1.072260738979490569e+01
3.771656298008913382e+02 6.434068511531704893e+00 2.375099149533526521e+00 1.049303787352988238e+01
3.765928040945885868e+02 6.332276094226025442e+00 2.443653159911105988e+00 1.022089902854094490e+01
3.760217157241859809e+02 6.182133142239162105e+00 2.449192041857781277e+00 9.915074242620542933e+00
3.754523567978437768e+02 5.987295609105840022e+00 2.395822643912329131e+00 9.578768574299353133e+00
3.748847194714481930e+02 5.752799109360487329e+00 2.294730356383225534e+00 9.210867862337750012e+00
3.743187959482511360e+02 5.485330390246991428e+00 2.161890045295593588e+00 8.808770735198388380e+00
3.737545784785131673e+02 5.193459869175912402e+00 2.015292418689472509e+00 8.371627319662351852e+00
3.731920593591499369e+02 4.887744324001901397e+00 1.872517506635923201e+00 7.902971141367878261e+00
3.726312309333814028e+02 4.580628360943657107e+00 1.749018402469094902e+00 7.412238319418219312e+00
3.720720855903845177e+02 4.286106857929487646e+00 1.657006118346214363e+00 6.915207597512761595e+00
3.715146157649490988e+02 4.019150570424126379e+00 1.604578990196633193e+00 6.433722150651619565e+00
3.709588139371362558e+02 3.794935271285090561e+00 1.594723640652946139e+00 5.995146901917235205e+00
3.704046726319405707e+02 3.627944233563140664e+00 1.624042508258097817e+00 5.631845958868183288e+00
3.698521844189550052e+02 3.531030271027322254e+00 1.681781296316976482e+00 5.380279245737668248e+00
3.693013419120384810e+02 3.514525894012862750e+00 1.751206166766325456e+00 5.277845621259399600e+00
3.687521377689870974e+02 3.585480392829827334e+00 1.816067704209560096e+00 5.354893081450095238e+00
3.682045646912076791e+02 3.747084879566209725e+00 1.870090394326875405e+00 5.624079364805544046e+00
3.676586154233945649e+02 3.998325327558906128e+00 1.920067533810400295e+00 6.076583121307411517e+00
3.671142827532090109e+02 4.333883733136652872e+00 1.978944259709979558e+00 6.688823206563325741e+00
3.665715595109619471e+02 4.744291440075654620e+00 2.057430338773497347e+00 7.431152541377811005e+00
3.660304385692986671e+02 5.216327172904803078e+00 2.160636635853959042e+00 8.272017709955648002e+00
3.654909128428872691e+02 5.733644324157526562e+00 2.288707356170459395e+00 9.178581292144594173e+00
3.649529752881091440e+02 6.277605231585176249e+00 2.438712907215782266e+00 1.011649755595457023e+01
3.644166189027527025e+02 6.828292016109863916e+00 2.606378872634367738e+00 1.105020515958536009e+01
3.638818367257091495e+02 7.365652228664966827e+00 2.787265271969034508e+00 1.194403918536090003e+01
3.633486218366718958e+02 7.870722780139917774e+00 2.977421448368797741e+00 1.276402411191103781e+01
3.628169673558373916e+02 8.326858941755009624e+00 3.173655802421502692e+00 1.348006208108851567e+01
3.622868664436099948e+02 8.720879774904537030e+00 3.373569085026018488e+00 1.406819046478305602e+01
3.617583123003078072e+02 9.044031308991016260e+00 3.575471839552641029e+00 1.451259077842939327e+01
3.612312981658726585e+02 9.292668235473021454e+00 3.778261784297790804e+00 1.480707468664825477e+01
3.607058173195816266e+02 9.468566853450447240e+00 3.981285978374294654e+00 1.495584772852660116e+01
3.601818630797612286e+02 9.578807580993800030e+00 4.184166622041001204e+00 1.497344853994659708e+01
3.596594288035043405e+02 9.635203231842249139e+00 4.386542637591891669e+00 1.488386382609260750e+01
3.591385078863896183e+02 9.653295764368357013e+00 4.587689257062854686e+00 1.471890227167386023e+01
3.586190937622029082e+02 9.650993759936882910e+00 4.786042580136597557e+00 1.451594493973716737e+01
3.581011799026616131e+02 9.646968838108808342e+00 4.978782650983985647e+00 1.431515502523362926e+01
3.575847598171408208e+02 9.658964861215943998e+00 5.161783397828660469e+00 1.415614632460322753e+01
3.570698270524026725e+02 9.702193352362494139e+00 5.330298326199581993e+00 1.407408837852540628e+01
3.565563751923270388e+02 9.787988077736242687e+00 5.480509848833814424e+00 1.409546630663867006e+01
3.560443978576454356e+02 9.922869688413605616e+00 5.611448544585174503e+00 1.423429083224203495e+01
3.555338887056765884e+02 1.010812894010374485e+01 5.726203134336184775e+00 1.449005474587130848e+01
3.550248414300645550e+02 1.033997843842952413e+01 5.831545110399434684e+00 1.484841176645961092e+01
3.545172497605192916e+02 1.061025481673978277e+01 5.936139089535639179e+00 1.528437054394392725e+01
3.540111074625586411e+02 1.090758442728909117e+01 6.048383074561074935e+00 1.576678578001710740e+01
3.535064083372538448e+02 1.121886563861093755e+01 6.174841734075928734e+00 1.626288954314594903e+01
3.530031462209757365e+02 1.153087889296275570e+01 6.319566038615837655e+00 1.674219174730967197e+01
3.525013149851442336e+02 1.183181904946868812e+01 6.484059877884257084e+00 1.717957822105312005e+01
3.520009085359794199e+02 1.211255706515575881e+01 6.667511006420276942e+00 1.755760312389124422e+01
3.515019208142551292e+02 1.236747909515250754e+01 6.867015156494435502e+00 1.786794303381057958e+01
3.510043457950539505e+02 1.259481510289696615e+01 7.077715642493823012e+00 1.811191456330010752e+01
3.505081774875252449e+02 1.279644621633426382e+01 7.292966856148212607e+00 1.829992557652031593e+01
3.500134099346441872e+02 1.297725767325359136e+01 7.504763675386935340e+00 1.844975167112025005e+01
3.495200372129737616e+02 1.314416900287393908e+01 7.704703420104067391e+00 1.858363458564381077e+01
3.490280534324282371e+02 1.330501379459676947e+01 7.885584770494574514e+00 1.872444281869896443e+01
3.485374527360386878e+02 1.346745101338641426e+01 8.043371229280925405e+00 1.889153079749190312e+01
3.480482292997206741e+02 1.363806719922914290e+01 8.178811323133484024e+00 1.909732307532480178e+01
3.475603773320437995e+02 1.382177913762366117e+01 8.297873119010541032e+00 1.934568515623678309e+01
3.470738910740030292e+02 1.402158010066968785e+01 8.410577201865692132e+00 1.963258299947368357e+01
3.465887647987923401e+02 1.423860310655821415e+01 8.528576367116006196e+00 1.994862984600042211e+01
3.461049928115795637e+02 1.447241576100599936e+01 8.662360522075758240e+00 2.028247099993624047e+01
3.456225694492841853e+02 1.472142450848931006e+01 8.818942073818540450e+00 2.062390694316007966e+01
3.451414890803557682e+02 1.498325801758061715e+01 9.000485899737359574e+00 2.096603013542387117e+01
3.446617461045549931e+02 1.525502027669902816e+01 9.203949657409443930e+00 2.130609089598861416e+01
3.441833349527365726e+02 1.553334803565319611e+01 9.421581367860062173e+00 2.164511470344632826e+01
3.437062500866334744e+02 1.581426406870925128e+01 9.642061301258349815e+00 2.198646683616015096e+01
3.432304859986434735e+02 1.609287461748336057e+01 9.852073032811800246e+00 2.233367620215491911e+01
3.427560372116168423e+02 1.636300403458952246e+01 1.003806350982034701e+01 2.268794455935869792e+01
3.422828982786466554e+02 1.661688290224707742e+01 1.018789127989415633e+01 2.304587452459999852e+01
3.418110637828597760e+02 1.684500346848680863e+01 1.029202688407388422e+01 2.339798005289972949e+01
3.413405283372106851e+02 1.703622947373710517e+01 1.034404564481495647e+01 2.372841330265925563e+01
3.408712865842761062e+02 1.717820275340802993e+01 1.034036152804634590e+01 2.401604397876971220e+01
3.404033331960517899e+02 1.725803624909661949e+01 1.027940485671156701e+01 2.423666764148167374e+01
3.399366628737507199e+02 1.726323318524354633e+01 1.016061847658039241e+01 2.436584789390669314e+01
3.394712703476034790e+02 1.718273472850289352e+01 9.983670780243333098e+00 2.438179867676245749e+01
3.390071503766594105e+02 1.700797959088347966e+01 9.748183248915779586e+00 2.426777593285117973e+01
3.385442977485902816e+02 1.673386039256847369e+01 9.454104588235484385e+00 2.401361619690146654e+01
3.380827072794949117e+02 1.635948032389507389e+01 9.102677917735210400e+00 2.361628273005493028e+01
3.376223738137058490e+02 1.588864356820389645e+01 8.697767854239616625e+00 2.307951928216817450e+01
3.371632922235970682e+02 1.533004645116264086e+01 8.247170925500745042e+00 2.241292197682453491e+01
3.367054574093939436e+02 1.469716637761282563e+01 7.763471512083268244e+00 2.163086124314238390e+01
3.362488642989843015e+02 1.400786762890066939e+01 7.264069112142482076e+00 2.075166614565885936e+01
3.357935078477310071e+02 1.328375552553733563e+01 6.770191727658752434e+00 1.979731932341591971e+01
3.353393830382862006e+02 1.254931486450144185e+01 6.304960342038990362e+00 1.879366938696389511e+01
3.348864848804072949e+02 1.183086853793338378e+01 5.890777430507339929e+00 1.777095964535942585e+01
3.344348084107737122e+02 1.115539207336612293e+01 5.546400956589098818e+00 1.676438319014314615e+01
3.339843486928060088e+02 1.054922294970459440e+01 5.284042089300860390e+00 1.581440381010832752e+01
3.335351008164857376e+02 1.003671160493084713e+01 5.106803227327643135e+00 1.496661998253405024e+01
3.330870598981771309e+02 9.638873624814682017e+00 5.006954019547954715e+00 1.427079323008140932e+01
3.326402210804502033e+02 9.372117437052601474e+00 4.966096776826637083e+00 1.377813809727856587e+01
3.321945795319052195e+02 9.247135541926924773e+00 4.958865259715093288e+00 1.353540582413875448e+01
3.317501304469984120e+02 9.268056111913535844e+00 4.960872714974649433e+00 1.357523950885241959e+01
3.313068690458693482e+02 9.431952134545914745e+00 4.957729777372703595e+00 1.390617449171912590e+01
3.308647905741697173e+02 9.728794225055560574e+00 4.948721291573035863e+00 1.450886715853808617e+01
3.304238903028929712e+02 1.014190878866671319e+01 4.942688493949564332e+00 1.534112908338386205e+01
3.299841635282061816e+02 1.064896465112322055e+01 4.950862213079745722e+00 1.634706708916669271e+01
3.295456055712823513e+02 1.122345974259688894e+01 4.982073630416290477e+00 1.746484585477749008e+01
3.291082117781346597e+02 1.183661860769245422e+01 5.041412293343562112e+00 1.863182492204134633e+01
3.286719775194517865e+02 1.245954820111877304e+01 5.130627689386868084e+00 1.978846871285067621e+01
3.282368981904346015e+02 1.306544342884116183e+01 5.248507854794848271e+00 2.088237900288747539e+01
3.278029692106341599e+02 1.363159703366018327e+01 5.390309705538218310e+00 2.187288436178214823e+01
3.273701860237909500e+02 1.414096239751708239e+01 5.546064040842333398e+00 2.273586075419183317e+01
3.269385440976754467e+02 1.458305121014053007e+01 5.698171637863258532e+00 2.346793078241780250e+01
3.265080389239297460e+02 1.495402302480332146e+01 5.819333457441630664e+00 2.408871259216501670e+01
3.260786660179109049e+02 1.525593416073807873e+01 5.872564166625397597e+00 2.463930415485076253e+01
3.256504209185348486e+02 1.549524372680847328e+01 5.815406416518200672e+00 2.517508103709874590e+01
3.252232991881221551e+02 1.568080192383662741e+01 5.609440684449173098e+00 2.575216316322407906e+01
3.247972964122446911e+02 1.582164432163403944e+01 5.232991578268251232e+00 2.641029706499982765e+01
3.243724081995734991e+02 1.592496228575211248e+01 4.691304603285088248e+00 2.715861996821913849e+01
3.239486301817278786e+02 1.599459962290333337e+01 4.018571342430963256e+00 2.797062790337570348e+01
3.235259580131257735e+02 1.603033752705579928e+01 3.271102439939197026e+00 2.878957261417240332e+01
3.231043873708350702e+02 1.602808763685881388e+01 2.515861240910583607e+00 2.954031403280704637e+01
3.226839139544265436e+02 1.598094299328653989e+01 1.819249320157597660e+00 3.014263666641548056e+01
3.222645334858271440e+02 1.588087303484317658e+01 1.238722084253804256e+00 3.052302398543254824e+01
3.218462417091753878e+02 1.572072563016142510e+01 8.175976301897286413e-01 3.062385363013311945e+01
3.214290343906770318e+02 1.549614276965922244e+01 5.824570749396663638e-01 3.040982846437877285e+01
3.210129073184625099e+02 1.520701900947421059e+01 5.424129259558250205e-01 2.987162509299259483e+01
3.205978563024449386e+02 1.485822805139105363e+01 6.896735407491332293e-01 2.902678256203297735e+01
3.201838771741797132e+02 1.445949190101067039e+01 1.000995966230203926e+00 2.791798783579113419e+01
3.197709657867247870e+02 1.402443668789891973e+01 1.439759691195816593e+00 2.660911368460202198e+01
3.193591180145022577e+02 1.356903356222343682e+01 1.958562257412971963e+00 2.517950486703390212e+01
3.189483297531610333e+02 1.310973061309928056e+01 2.502506923577861198e+00 2.371695430262069948e+01
3.185385969194404083e+02 1.266162224553236371e+01 3.013750112292882477e+00 2.230949437877184494e+01
3.181299154510347194e+02 1.223697093990143614e+01 3.438207317867605362e+00 2.103573456193526781e+01
3.177222813064592515e+02 1.184430351037671159e+01 3.734859774767312679e+00 1.995374724598610783e+01
3.173156904649168837e+02 1.148817314222310060e+01 3.885816738238351054e+00 1.909052954620785059e+01
3.169101389261659278e+02 1.116953970305708310e+01 3.901853939789222903e+00 1.843722546632494641e+01
3.165056227103889341e+02 1.088660405369348361e+01 3.818034863165776560e+00 1.795517324422119287e+01
3.161021378580625196e+02 1.063586065198776076e+01 3.680308147083092063e+00 1.759141315689242901e+01
3.156996804298282200e+02 1.041311861163383234e+01 3.530559881790552357e+00 1.729567734147711278e+01
3.152982465063641939e+02 1.021428317377686668e+01 3.396935383036766787e+00 1.703163096451696745e+01
3.148978321882580076e+02 1.003577361314816052e+01 3.291012741693734700e+00 1.678053448460258679e+01
3.144984335958803854e+02 9.874557699737071204e+00 3.210034047475360808e+00 1.653908135199877805e+01
3.141000468692600975e+02 9.727881615361656742e+00 3.142038109155588455e+00 1.631372512156772459e+01
3.137026681679591888e+02 9.592845112521262152e+00 3.072283520574801585e+00 1.611340670446772450e+01
3.133062936709500264e+02 9.465999944702959468e+00 2.989454389109140298e+00 1.594254550029677908e+01
3.129109195764925175e+02 9.343131270449164916e+00 2.889969525221579350e+00 1.579629301567674915e+01
3.125165421020127496e+02 9.219324120048373317e+00 2.779097485399184109e+00 1.565955075469756252e+01
3.121231574839821974e+02 9.089336313074220186e+00 2.668824748792309798e+00 1.550984787735613146e+01
3.117307619777981813e+02 8.948216227387776556e+00 2.573772672225918878e+00 1.532265978254963557e+01
3.113393518576647807e+02 8.792038715827935391e+00 2.506921790900918268e+00 1.507715564075495074e+01
3.109489234164753952e+02 8.618599957712273607e+00 2.476383594779620889e+00 1.476081632064492943e+01
3.105594729656951358e+02 8.427918128591691982e+00 2.483634360301125277e+00 1.437220189688225958e+01
3.101709968352450915e+02 8.222427861286179862e+00 2.523082412037909172e+00 1.392177331053445144e+01
3.097834913733867666e+02 8.006820837773238608e+00 2.582716471997193786e+00 1.343092520354928432e+01
3.093969529466078825e+02 7.787556110150569033e+00 2.645740481366098074e+00 1.292937173893503910e+01
3.090113779395087477e+02 7.572125206745138115e+00 2.693315107979969092e+00 1.245093530551030625e+01
3.086267627546892527e+02 7.368195843529355749e+00 2.708491498392119112e+00 1.202790018866659238e+01
3.082431038126375142e+02 7.182767856295214415e+00 2.680794843777025704e+00 1.168474086881340313e+01
3.078603975516183482e+02 7.021457039194996419e+00 2.609786913812631504e+00 1.143312716457736045e+01
3.074786404275634482e+02 6.887984590495189963e+00 2.505440504118014999e+00 1.127052867687236493e+01
3.070978289139615072e+02 6.783903296383492432e+00 2.384572821771159035e+00 1.118323377099582494e+01
3.067179595017503289e+02 6.708548364257275409e+00 2.265063519857341667e+00 1.115203320865721004e+01
3.063390286992080291e+02 6.659170256655580822e+00 2.160650843570561364e+00 1.115768966974059850e+01
3.059610330318472506e+02 6.631193601084897971e+00 2.078068419648448462e+00 1.118431878252134837e+01
3.055839690423080128e+02 6.618549625302088124e+00 2.016711462359710882e+00 1.122038778824446581e+01
3.052078332902526654e+02 6.614044600971124233e+00 1.970148883402300877e+00 1.125794031853994781e+01
3.048326223522614100e+02 6.609746095502650576e+00 1.928611698049570666e+00 1.129088049295573093e+01
3.044583328217280496e+02 6.597385055370584617e+00 1.881668806837730301e+00 1.131310130390343893e+01
3.040849613087573857e+02 6.568779583726092497e+00 1.820453087946206194e+00 1.131710607950597769e+01
3.037125044400621618e+02 6.516283775798290101e+00 1.739033462106708727e+00 1.129353408948987081e+01
3.033409588588625070e+02 6.433253683021042058e+00 1.634846882938276957e+00 1.123166048310380738e+01
3.029703212247840156e+02 6.314506608722236791e+00 1.508407929339127929e+00 1.112060528810534521e+01
3.026005882137583285e+02 6.156734921360357049e+00 1.362667185157212968e+00 1.095080265756350180e+01
3.022317565179235430e+02 5.958826433949477419e+00 1.202345198045040142e+00 1.071530766985391381e+01
3.018638228455254193e+02 5.722043474501315785e+00 1.033398189464689754e+00 1.041068875953794226e+01
3.014967839208200076e+02 5.450023014079603101e+00 8.625931131190023304e-01 1.003745291504020543e+01
3.011306364839755361e+02 5.148579190905405945e+00 6.970671013359827084e-01 9.600091280474829958e+00
3.007653772909768009e+02 4.825313997172605340e+00 5.437430670701122182e-01 9.106884927275098462e+00
3.004010031135286454e+02 4.489067523544457039e+00 4.085477579560655159e-01 8.569587289132849506e+00
3.000375107389615437e+02 4.149261642046599086e+00 2.954907952693202056e-01 8.003032488823876633e+00
2.996748969701364445e+02 3.815206661443567793e+00 2.057757976029963298e-01 7.424637525284139450e+00
2.993131586253515479e+02 3.495446767208506333e+00 1.372057166997845412e-01 6.853687817717228015e+00
2.989522925382491394e+02 3.197215821913186762e+00 8.420523776362520696e-02 6.310226406062748872e+00
2.985922955577230482e+02 2.926060695275521706e+00 3.878783357819543670e-02 5.813333556972848370e+00
2.982331645478272435e+02 2.685666496745427345e+00 -7.354996252156412000e-03 5.378687989743010434e+00
2.978748963876842026e+02 2.477889955162063451e+00 -5.994043546710078191e-02 5.015720345791227608e+00
2.975174879713953260e+02 2.302977764388251192e+00 -1.194401028572845413e-01 4.725395631633786842e+00
2.971609362079503285e+02 2.159920523416823279e+00 -1.802268819439572234e-01 4.500067928777604642e+00
2.968052380211387913e+02 2.046874314974398423e+00 -2.323119009736986651e-01 4.326060530922495317e+00
2.964503903494613724e+02 1.961574424761202806e+00 -2.648369646267912936e-01 4.187985814149197239e+00
2.960963901460420402e+02 1.901670964637886430e+00 -2.696129133664713073e-01 4.072954842642244166e+00
2.957432343785408193e+02 1.864933786001121474e+00 -2.435236006645825346e-01 3.973391172666825177e+00
2.953909200290672743e+02 1.849301275969913894e+00 -1.895524643474552073e-01 3.888155016287282884e+00
2.950394440940947334e+02 1.852779657821218340e+00 -1.165815408845715384e-01 3.822140856527008523e+00
2.946888035843741704e+02 1.873230348782535026e+00 -3.794820266456236380e-02 3.784408900229632611e+00
2.943389955248507022e+02 1.908106831025179417e+00 3.144431678438341926e-02 3.784769345265976082e+00
2.939900169545783228e+02 1.954214643895861192e+00 7.921223259496387725e-02 3.829217055196759034e+00
2.936418649266369130e+02 2.007566010783255361e+00 9.927428881834635122e-02 3.915857732748164288e+00
2.932945365080491342e+02 2.063384562774273512e+00 9.315255544749723171e-02 4.033616570101050236e+00
2.929480287796981770e+02 2.116288653743691128e+00 6.809678248242377607e-02 4.164480525004958800e+00
2.926023388362460764e+02 2.160649032054554830e+00 3.365860040173476730e-02 4.287639463707374254e+00
2.922574637860518578e+02 2.191084318264489905e+00 -1.196520217998057502e-03 4.383365156746978464e+00
2.919134007510919560e+02 2.203031736885912029e+00 -2.958234406288491602e-02 4.435645817834708460e+00
2.915701468668790994e+02 2.193315290671817852e+00 -4.701758573461847085e-02 4.433648167078254154e+00
2.912276992823837531e+02 2.160631175674887494e+00 -5.111547394868328625e-02 4.372377825298458198e+00
2.908860551599544806e+02 2.105880268503082409e+00 -4.107514148842549701e-02 4.252835678494591320e+00
2.905452116752398979e+02 2.032297274426941414e+00 -1.728883574487581620e-02 4.081883384598758546e+00
2.902051660171107983e+02 1.945351460967479351e+00 1.865983257680097276e-02 3.872043089358158330e+00
2.898659153875827883e+02 1.852420292974352289e+00 6.329506927747799438e-02 3.641545516671226057e+00
2.895274570017397764e+02 1.762260872191570238e+00 1.095256314949979298e-01 3.414996112888142310e+00
2.891897880876572344e+02 1.684322415053958188e+00 1.439841214570524996e-01 3.224660708650864294e+00
2.888529058863273917e+02 1.627955298803894779e+00 1.452944510667610600e-01 3.110616146541028026e+00
2.885168076515830080e+02 1.601579108956051156e+00 8.832840732680469209e-02 3.114829810585297398e+00
2.881814906500238180e+02 1.611875027299658703e+00 -4.288486759968717504e-02 3.266634922199004976e+00
2.878469521609416688e+02 1.663068122902899848e+00 -2.451138043367947217e-01 3.571250050142594556e+00
2.875131894762473621e+02 1.756363157691273269e+00 -5.010034298221119897e-01 4.013729745204658528e+00
2.871801999003972696e+02 1.889592750222389705e+00 -7.902547846773610996e-01 4.569440285122140288e+00
2.868479807503209713e+02 2.057127538208883166e+00 -1.095282407664239566e+00 5.209537484082005676e+00
2.865165293553494053e+02 2.250082426852554551e+00 -1.401655446326113275e+00 5.901820300031222821e+00
2.861858430571425060e+02 2.456829877630639203e+00 -1.696980275033792340e+00 6.610640030295071412e+00
2.858559192096191737e+02 2.663800907021326214e+00 -1.969998021446230485e+00 7.297599835488882469e+00
2.855267551788859919e+02 2.856519705325440306e+00 -2.210269557603917079e+00 7.923308968254797691e+00
2.851983483431673676e+02 3.020783436240780606e+00 -2.408355849573646346e+00 8.449922722055207558e+00
2.848706960927357841e+02 3.143871142980926958e+00 -2.556304430552449602e+00 8.844046716514302631e+00
2.845437958298428498e+02 3.215651104988693110e+00 -2.648252690336283521e+00 9.079554900313670629e+00
2.842176449686508022e+02 3.229459188621800703e+00 -2.680982454933018566e+00 9.139900832176619971e+00
2.838922409351636134e+02 3.182643393314645852e+00 -2.654295151263350139e+00 9.019581937892642287e+00
2.835675811671603128e+02 3.076709746003901014e+00 -2.571121104363242704e+00 8.724540596371044288e+00
2.832436631141267185e+02 2.917056066489484678e+00 -2.437327258332549373e+00 8.271439391311519174e+00
2.829204842371894983e+02 2.712334416837449691e+00 -2.261239033112586228e+00 7.685907866787485609e+00
2.825980420090491521e+02 2.473530922689368694e+00 -2.052936885540137091e+00 6.999998730918873591e+00
2.822763339139145842e+02 2.212884966755048755e+00 -1.823419811621014963e+00 6.249189745131112694e+00
2.819553574474375637e+02 1.942783290997984302e+00 -1.583742244188429460e+00 5.469308826184398065e+00
2.816351101166474677e+02 1.674757040230759442e+00 -1.344226658095216465e+00 4.693740738556735792e+00
2.813155894398874466e+02 1.418683985227819688e+00 -1.113834218354785133e+00 3.951202188810424953e+00
2.809967929467492809e+02 1.182259988291950004e+00 -8.997451806094336479e-01 3.264265157193333433e+00
2.806787181780107403e+02 9.707608027591226874e-01 -7.071659703084278714e-01 2.648687575826673690e+00
2.803613626855714642e+02 7.870750859695933022e-01 -5.393471493839082642e-01 2.113497321323094980e+00
2.800447240323910023e+02 6.319580927653629665e-01 -3.977703013020248979e-01 1.661686486832750997e+00
2.797287997924257752e+02 5.044364752953468534e-01 -2.824437579576380974e-01 1.291316708548331693e+00
2.794135875505673425e+02 4.022887698999476069e-01 -1.922349808735390742e-01 9.968125206734341770e-01
2.790990849025809553e+02 3.225319246805180007e-01 -1.251573146917746848e-01 7.702211640528107139e-01
2.787852894550442215e+02 2.618583995748192672e-01 -7.852698454712533915e-02 6.022437836967637903e-01
2.784721988252866822e+02 2.169870431175547898e-01 -4.896408569528425125e-02 4.829381719303939002e-01
2.781598106413290452e+02 1.849103647423664121e-01 -3.242537610708935703e-02 4.022461055918221673e-01
2.778481225418239546e+02 1.630380002894078195e-01 -2.469207955779451763e-02 3.507680801366101497e-01
2.775371321759958505e+02 1.492492108988782984e-01 -2.237548867957086726e-02 3.208739104773274953e-01
2.772268372035821358e+02 1.418753581308053735e-01 -2.364147828171632090e-02 3.073921945433271130e-01
2.769172352947745708e+02 1.396365723736052999e-01 -2.793313128493540853e-02 3.072062760321460084e-01
2.766083241301606677e+02 1.415560247114631409e-01 -3.503867486444930263e-02 3.181507242873755636e-01
2.763001014006663354e+02 1.468714212665048480e-01 -4.437610424875268467e-02 3.381189467817624084e-01
2.759925648074975015e+02 1.549577732905620675e-01 -5.489578079337579380e-02 3.648113273744998941e-01
2.756857120620837804e+02 1.652693116273382667e-01 -6.536301450158578386e-02 3.959016377562623035e-01
2.753795408860211182e+02 1.773026076225561187e-01 -7.467036696353369918e-02 4.292755822086459783e-01
2.750740490110158021e+02 1.905783088790308499e-01 -8.204738763650505640e-02 4.632040053945667424e-01
2.747692341788282420e+02 2.046359074365917685e-01 -8.718074992101620957e-02 4.964525647941996911e-01
2.744650941412173779e+02 2.190348448494550682e-01 -9.027180415779180456e-02 5.283414938567019270e-01
2.741616266598852008e+02 2.333559289118068147e-01 -9.202847089469595732e-02 5.587403287183095868e-01
2.738588295064222962e+02 2.471991027589368062e-01 -9.356579619926716496e-02 5.879640017171408051e-01
2.735567004622530476e+02 2.601764471636509590e-01 -9.619322973416669087e-02 6.165461240614684701e-01
2.732552373185810097e+02 2.719021634561093470e-01 -1.011050814262502429e-01 6.449094083384689924e-01
2.729544378763361010e+02 2.819834495347208203e-01 -1.090519743128063462e-01 6.730188733822480840e-01
2.726542999461200907e+02 2.900170924501505598e-01 -1.201109691923772232e-01 7.001451540926783013e-01
2.723548213481541325e+02 2.955960105342613775e-01 -1.336434181413801159e-01 7.248354392099028987e-01
2.720559999122258432e+02 2.983280091666051792e-01 -1.484427571053355266e-01 7.450987754385459683e-01
2.717578334776366091e+02 2.978661391482763099e-01 -1.629965623131426622e-01 7.587288406096953652e-01
2.714603198931499719e+02 2.939469760930021325e-01 -1.757676097864355746e-01 7.636615619724398396e-01
2.711634570169394465e+02 2.864306481217596123e-01 -1.854266262546056254e-01 7.582879224981248223e-01
2.708672427165375893e+02 2.753351717548965238e-01 -1.910078111654368027e-01 7.416781546752299059e-01
2.705716748687842710e+02 2.608579633195710623e-01 -1.919848848474751124e-01 7.137008114866172370e-01
2.702767513597767675e+02 2.433792468483951810e-01 -1.882783573643476704e-01 6.750368510611379769e-01
2.699824700848186581e+02 2.234450837106781995e-01 -1.802094708325858163e-01 6.270996382539422154e-01
2.696888289483701442e+02 2.017312477811520066e-01 -1.684174633884664707e-01 5.718799589507704839e-01
2.693958258639983683e+02 1.789924143250261057e-01 -1.537564855985326107e-01 5.117413142485848221e-01
2.691034587543274483e+02 1.560034632964880652e-01 -1.371871838852601611e-01 4.491941104782362637e-01
2.688117255509903316e+02 1.335006999614048728e-01 -1.196756964827603853e-01 3.866770964055700754e-01
2.685206241945788861e+02 1.121303661675000091e-01 -1.021096916820814354e-01 3.263704240170814952e-01
2.682301526345964930e+02 9.241016301086409090e-02 -8.523741781249206950e-02 2.700577438342202652e-01
2.679403088294089912e+02 7.470706874106171347e-02 -6.963197555308327236e-02 2.190461130352067132e-01
2.676510907461977240e+02 5.923205785519281008e-02 -5.567964084539915592e-02 1.741437565557847622e-01
2.673624963609113365e+02 4.604992397229362711e-02 -4.358845277473567120e-02 1.356883007193229185e-01
2.670745236582187090e+02 3.510066193897534714e-02 -3.341166700794185457e-02 1.036129908858925558e-01
2.667871706314622884e+02 2.622796370239204033e-02 -2.508010430037911284e-02 7.753603170516318310e-02
2.665004352826111926e+02 1.921032191497544506e-02 -1.843776609142728715e-02 5.685840992137818073e-02
2.662143156222153380e+02 1.379085340778430681e-02 -1.327609586979369011e-02 4.085780268536230719e-02
2.659288096693585430e+02 9.703000203833649431e-03 -9.363633402492497343e-03 2.876963381015979621e-02
2.656439154516139638e+02 6.690468091968624319e-03 -6.469248689777849781e-03 1.985018487371510015e-02
2.653596310049976523e+02 4.520890113649447123e-03 -4.378423990624443797e-03 1.342020421792333718e-02
2.650759543739242758e+02 2.993596584015145983e-03 -2.903032079597935716e-03 8.890225247628228550e-03
2.647928836111615283e+02 1.942460513137011418e-03 -1.885682287682897322e-03 5.770603313956920374e-03
2.645104167777860766e+02 1.235067677331216354e-03 -1.199991355083276446e-03 3.670126709745709370e-03
2.642285519431390526e+02 7.694862320578625074e-04 -7.481504378064212681e-04 2.287122901922146283e-03
2.639472871847822262e+02 4.697598833915078253e-04 -4.569910737533509903e-04 1.396510840536366533e-03
2.636666205884542364e+02 2.810027998061480456e-04 -2.734890458604990159e-04 8.354946454727951071e-04
2.633865502480268788e+02 1.647026917729420943e-04 -1.603577769699453281e-04 4.897631605158294082e-04
2.631070742654626429e+02 9.458942235889958902e-05 -9.212162425959056144e-05 2.813004689773897530e-04
2.628281907507711139e+02 5.322717739465451846e-05 -5.185104706814928666e-05 1.583054018574583032e-04
2.625498978219666810e+02 2.934749142657680217e-05 -2.859434961748323639e-05 8.728933247063684750e-05
2.622721936050263025e+02 1.585452925181296942e-05 -1.545011009260037639e-05 4.715916859622631523e-05
2.619950762338471577e+02 8.392261847096074161e-06 -8.179243731868474632e-06 2.496376742606062465e-05
2.617185438502053216e+02 4.352580195031923714e-06 -4.242542438643927609e-06 1.294770282870777419e-05
2.614425946037134736e+02 2.211849768752752518e-06 -2.156114073368041857e-06 6.579813610873546893e-06
2.611672266517805383e+02 1.101297754932038262e-06 -1.073619999503805665e-06 3.276215509367881979e-06
2.608924381595698492e+02 5.372711410723298929e-07 -5.237975234813535573e-07 1.598339805626013343e-06
2.606182272999589600e+02 2.568155855159904138e-07 -2.503864484254176259e-07 7.640176194573984006e-07
2.603445922534989450e+02 1.202784754071538247e-07 -1.172716863460259212e-07 3.578286371603335441e-07
2.600715312083739832e+02 5.519411585921384819e-08 -5.381592973431893882e-08 1.642041614527466617e-07
2.597990423603616819e+02 2.481622364624750308e-08 -2.419714575937772760e-08 7.382959305187273377e-08
2.595271239127931722e+02 1.093242300466062912e-08 -1.065990373957823144e-08 3.252474974889948637e-08
2.592557740765137169e+02 4.718835036048134328e-09 -4.601277903184462768e-09 1.403894797528073225e-08
2.589849910698432041e+02 1.995678821964289252e-09 -1.945986564690112209e-09 5.937344208618691127e-09
2.587147731185376074e+02 8.269587871916804542e-10 -8.063758775120981885e-10 2.460293451895458994e-09
2.584451184557497641e+02 3.357487080769588238e-10 -3.273946926229577203e-10 9.988921087768754714e-10
2.581760253219911760e+02 1.335617254046213510e-10 -1.302393562894102537e-10 3.973628070986529557e-10
2.579074919650936408e+02 5.205792023954660086e-11 -5.076324921851392027e-11 1.548790896976071349e-10
2.576395166401712231e+02 1.988056288707373774e-11 -1.938622291616623475e-11 5.914734869031371024e-11
2.573720976095824540e+02 7.438880246311516474e-12 -7.253934908160977627e-12 2.213169540078401058e-11
2.571052331428926436e+02 2.727240587897762738e-12 -2.659443715598895999e-12 8.113924891394420666e-12
2.568389215168370470e+02 9.796620881936289920e-13 -9.553107794032475325e-13 2.914634955790505517e-12
2.565731610152830058e+02 3.447990773515532379e-13 -3.362291028846346723e-13 1.025827257587741199e-12
2.563079499291937964e+02 1.189030003186450205e-13 -1.159478481132342398e-13 3.537538487505242808e-13
2.560432865565915677e+02 4.017505150388108525e-14 -3.917661121095294987e-14 1.195267142187151267e-13
2.557791692025210466e+02 1.330016317769119797e-14 -1.296963742693249655e-14 3.956996378231489564e-14
2.555155961790134143e+02 4.314141495868788346e-15 -4.206933129458989859e-15 1.283521612119656655e-14
2.552525658050502386e+02 1.371098581830760969e-15 -1.337027054546776032e-15 4.079224218208298168e-15
2.549900764065279759e+02 4.269527868469022604e-16 -4.163433200549152903e-16 1.270248893748719959e-15
2.547281263162219886e+02 1.302650447507131741e-16 -1.270281086053893080e-16 3.875581981068156315e-16
2.544667138737518428e+02 3.894151096069184803e-17 -3.797387279662545282e-17 1.158568947180091366e-16
2.542058374255456386e+02 1.140603147483624312e-17 -1.112261189151619186e-17 3.393467484118867965e-17
2.539454953248056484e+02 3.273355634492677338e-18 -3.192019316060469723e-18 9.738730585045823244e-18
2.536856859314733299e+02 9.204255694913659298e-19 -8.975550106420898676e-19 2.738406149624821920e-18
2.534264076121950495e+02 2.535835123404365224e-19 -2.472825554471799920e-19 7.544495801280531330e-19
2.531676587402877203e+02 6.845264035495034849e-20 -6.675176069224314786e-20 2.036570414021438569e-19
2.529094376957048951e+02 1.810490491370389228e-20 -1.765504435180290606e-20 5.386485417921069061e-20
2.526517428650031150e+02 4.691796246854043767e-21 -4.575217487143111346e-21 1.395880998085119963e-20
2.523945726413077466e+02 1.191293821527463067e-21 -1.161693389253667629e-21 3.544281032308593952e-21
2.521379254242803540e+02 2.963708496728096603e-22 -2.890068503585495679e-22 8.817485497041689356e-22
2.518817996200847062e+02 7.224186189928965847e-23 -7.044685365504675855e-23 2.149305774536260637e-22
2.516261936413545186e+02 1.725358012265313634e-23 -1.682487749568489003e-23 5.133203774099116860e-23
2.513711059071601426e+02 4.037442665737224112e-24 -3.937123755905719040e-24 1.201200908738016800e-23
2.511165348429761934e+02 9.257002046167698738e-25 -9.026992212667690550e-25 2.754099630500309170e-24
2.508624788806491210e+02 2.079558775679160778e-25 -2.027887768634836436e-25 6.187005319993158681e-25
2.506089364583648660e+02 4.577294836698424728e-26 -4.463562396731473067e-26 1.361815207012832310e-25
2.503559060206173115e+02 9.871506215750452805e-27 -9.626228166342950589e-27 2.936924059784385333e-26
2.501033860181757404e+02 2.085906353608976552e-27 -2.034077703401975765e-27 6.205890410619928152e-27
2.498513749080539412e+02 4.318600575593077120e-28 -4.211296061323100583e-28 1.284849721250925393e-27
2.495998711534783467e+02 8.760484333240327231e-29 -8.542812136030844855e-29 2.606378080251149708e-28
2.493488732238568844e+02 1.741205554294393586e-29 -1.697941740789845783e-29 5.180352849378632674e-29
2.490983795947479962e+02 3.390851869790134239e-30 -3.306599233465499693e-30 1.008830297304576957e-29
2.488483887478297163e+02 6.470002366103302761e-31 -6.309241972168807184e-31 1.924924670437541621e-30
2.485988991708691458e+02 1.209586437081581126e-31 -1.179531800354975453e-31 3.598704674518137705e-31
2.483499093576915300e+02 2.215675854353029366e-32 -2.160622883411499581e-32 6.591974592117558860e-32
2.481014178081506714e+02 3.976604400527110733e-33 -3.877797587124735093e-33 1.183100638817895588e-32
2.478534230280978932e+02 6.992869120261536492e-34 -6.819117093582048108e-34 2.080485533410512195e-33
2.476059235293529923e+02 1.204856315862118645e-34 -1.174919216623384410e-34 3.584631848347622128e-34
2.473589178296738851e+02 2.034004758058832040e-35 -1.983465785772915142e-35 6.051475301890578151e-35
2.471124044527271337e+02 3.364383681376915244e-36 -3.280788749915210767e-36 1.000955611266904126e-35
2.468663819280587006e+02 5.452503065699718790e-37 -5.317024579370603726e-37 1.622203071077004214e-36
2.466208487910644749e+02 8.658111340521957445e-38 -8.442983025912014769e-38 2.575920570695592653e-37
2.463758035829615665e+02 1.347060997006771642e-38 -1.313590538407763711e-38 4.007712532421306995e-38
2.461312448507588329e+02 2.053469252302179198e-39 -2.002446650634587332e-39 6.109385155238946707e-39
2.458871711472288837e+02 3.067086287005815956e-40 -2.990878318453535622e-40 9.125050892465166718e-40
2.456435810308787779e+02 4.488493819548854991e-41 -4.376968103990436954e-41 1.335395574308814694e-40
2.454004730659224265e+02 6.435941917954823312e-42 -6.276027913072037653e-42 1.914791174898168300e-41
2.451578458222516588e+02 9.041915581426009049e-43 -8.817250887039389157e-43 2.690108204989140726e-42
2.449156978754086538e+02 1.244645367967331436e-43 -1.213719634654804661e-43 3.703010370589467134e-43
2.446740278065579162e+02 1.678678985335863557e-44 -1.636968808479769739e-44 4.994326779151497599e-44
2.444328342024584799e+02 2.218331915673766080e-45 -2.163212969733297245e-45 6.599876801080830027e-45
2.441921156554366235e+02 2.872250069985950506e-46 -2.800883204269228184e-46 8.545383344241129195e-46
2.439518707633579879e+02 3.643802396571726695e-47 -3.553264752051271707e-47 1.084086954519472607e-46
2.437120981296010314e+02 4.529228515423259587e-48 -4.416690667323365104e-48 1.347514769816988428e-47
2.434727963630293459e+02 5.516079235903666975e-49 -5.379021084781100777e-49 1.641117955658843549e-48
2.432339640779651120e+02 6.582238378071692769e-50 -6.418689345725018068e-50 1.958316610186840551e-49
2.429955998941622681e+02 7.695796303903876221e-51 -7.504578671655821930e-51 2.289617127946357793e-50
2.427577024367797662e+02 8.815975387952645733e-52 -8.596924639741006393e-52 2.622887541564629637e-51
2.425202703363555372e+02 9.895187351481611928e-53 -9.649321398320849957e-53 2.943969610128407196e-52
2.422833022287796609e+02 1.088214531563528226e-53 -1.061175639482062091e-53 3.237604702609118774e-53
2.420467967552687867e+02 1.172578340914440066e-54 -1.143443259287066266e-54 3.488599941115946543e-54
2.418107525623396725e+02 1.237958431753255445e-55 -1.207198849479760503e-55 3.683115712986271213e-55
2.415751683017838332e+02 1.280581146855674715e-56 -1.248762516985252338e-56 3.809924810696601995e-56
2.413400426306414772e+02 1.297911237284086877e-57 -1.265662006255668786e-57 3.861484480823842256e-57
2.411053742111762404e+02 1.288901498837211093e-58 -1.256876132996983710e-58 3.834679130671405896e-58
2.408711617108496910e+02 1.254097529149422400e-59 -1.222936938366234489e-59 3.731131996665079290e-59
2.406374038022960917e+02 1.195583032468501846e-60 -1.165876352762833354e-60 3.557042417699837184e-60
2.404040991632975590e+02 1.116773297011074133e-61 -1.089024804656829333e-61 3.322571398678977427e-61
2.401712464767586823e+02 1.022085310117641567e-62 -9.966895324006090533e-63 3.040860152635891972e-62
2.399388444306823089e+02 9.165288060069863571e-64 -8.937557932291983415e-64 2.726813405243171056e-63
2.397068917181442771e+02 8.052707773423718202e-65 -7.852621954178651437e-65 2.395803750102608953e-64
2.394753870372695133e+02 6.932256226119108501e-66 -6.760010292801363326e-66 2.062452274503958033e-65
2.392443290912073053e+02 5.847148464455022760e-67 -5.701864229189376758e-67 1.739616115809942426e-66
2.390137165881071439e+02 4.832262109271216128e-68 -4.712194779118850610e-68 1.437671899766128287e-67
2.387835482410947350e+02 3.912854440414592279e-69 -3.815631654211688490e-69 1.164134053504087253e-68
2.385538227682479544e+02 3.104371937069189842e-70 -3.027237534621220585e-70 9.235981408759599625e-70
2.383245388925732584e+02 2.413185197590827107e-71 -2.353224728296740473e-71 7.179595123478395894e-71
2.380956953419816671e+02 1.837995331182033670e-72 -1.792326618011203268e-72 5.468317280375270106e-72
2.378672908492656290e+02 1.371623768707669272e-73 -1.337543000705615931e-73 4.080790538120954317e-73
2.376393241520753463e+02 1.002911123359893269e-74 -9.779917671184427630e-75 2.983814013838229693e-74
2.374117939928956389e+02 7.184999483039038208e-76 -7.006473632102484554e-76 2.137647259818055974e-75
2.371846991190227811e+02 5.043451880921851362e-77 -4.918137113562378489e-77 1.500504087540607891e-76
2.369580382825415654e+02 3.468693043432902943e-78 -3.382506345901041053e-78 1.031989243276684742e-77
2.367318102403024511e+02 2.337441251956719777e-79 -2.279362794261603400e-79 6.954245298175042654e-79
2.365060137538986567e+02 1.543307215510330672e-80 -1.504960624873532431e-80 4.591575055894193589e-80
2.362806475896439053e+02 9.983915951781221199e-82 -9.735845357600935461e-82 2.970367726116337786e-81
2.360557105185495175e+02 6.328288839190126599e-83 -6.171049697748802254e-83 1.882762737612905765e-82
2.358312013163025540e+02 3.930144491667738041e-84 -3.832492099162769319e-84 1.169278108249824449e-83
2.356071187632431361e+02 2.391484602648138003e-85 -2.332063328549394438e-85 7.115032533845670444e-85
2.353834616443427592e+02 1.425816078842189731e-86 -1.390388793238347791e-86 4.242020950922727075e-86
2.351602287491820107e+02 8.329065436493754740e-88 -8.122112951941058343e-88 2.478024382492856782e-87
2.349374188719289407e+02 4.767227608644128942e-89 -4.648776192268652374e-89 1.418323140955690956e-88
2.347150308113173764e+02 2.673451737238196064e-90 -2.607024419122929966e-90 7.953927893599321222e-90
2.344930633706249807e+02 1.468979233873253237e-91 -1.432479472342503631e-91 4.370437940089010650e-91
2.342715153576523903e+02 7.908530827855259242e-93 -7.712027376602109640e-93 2.352908903231262642e-92
2.340503855847011891e+02 4.171697552237129000e-94 -4.068043285162471426e-94 1.241143838963672943e-93
2.338296728685533026e+02 2.156088904256191761e-95 -2.102516512605108241e-95 6.414694321117492096e-95
2.336093760304494822e+02 1.091835879760284043e-96 -1.064707008008403606e-96 3.248378767528971899e-96
2.333894938960684442e+02 5.417325195800045740e-98 -5.282720789405780044e-98 1.611737118100587087e-97
2.331700252955060364e+02 2.633596876886528897e-99 -2.568159833422763780e-99 7.835353587195821979e-99
2.329509690632544903e+02 1.254441860086553060e-100 -1.223272713721841788e-100 3.732156433894948415e-100
2.327323240381817868e+02 5.854484012082317240e-102 -5.709017510310937069e-102 1.741798553447557472e-101
2.325140890635109372e+02 2.677093614698438216e-103 -2.610575806768481349e-103 7.964763036165358772e-103
2.322962629868000590e+02 1.199431193701156882e-104 -1.169628898656376121e-104 3.568491286058689420e-104
2.320788446599215433e+02 5.265310267961220642e-106 -5.134482980049906241e-106 1.566510351597234462e-105
2.318618329390422730e+02 2.264693552438762784e-107 -2.208422658543170868e-107 6.737809763420696135e-107
2.316452266846033865e+02 9.544029362033273283e-109 -9.306888640283413252e-109 2.839494736434996171e-108
2.314290247613002691e+02 3.940859368895966440e-110 -3.842940743585353193e-110 1.172465948137728666e-109
2.312132260380630839e+02 1.594362073590941336e-111 -1.554746921696492962e-111 4.743471068878375633e-111
2.309978293880364504e+02 6.320039897365586623e-113 -6.163005717576572657e-113 1.880308551230774590e-112
2.307828336885604585e+02 2.454649750863016731e-114 -2.393659010843055517e-114 7.302958512569088618e-114
2.305682378211505750e+02 9.341058499268331466e-116 -9.108960999313538195e-116 2.779107799785020563e-115
2.303540406714788560e+02 3.482887918769239329e-117 -3.396348520837723388e-117 1.036212435837620205e-116
2.301402411293541093e+02 1.272388552332218635e-118 -1.240773484083737851e-118 3.785550588748174900e-118
2.299268380887030219e+02 4.554459606568038823e-120 -4.441294841738404188e-120 1.355021405487448046e-119
2.297138304475510324e+02 1.597315858870227716e-121 -1.557627314203587052e-121 4.752259031944042699e-121
2.295012171080032601e+02 5.488852998471744288e-123 -5.352471339084418500e-123 1.633017733602790775e-122
2.292889969762259170e+02 1.848030962394456953e-124 -1.802112893661203515e-124 5.498174818450117842e-124
2.290771689624270948e+02 6.096403925137271513e-126 -5.944926433603464737e-126 1.813773428387800776e-125
2.288657319808386603e+02 1.970493797302083330e-127 -1.921532891633187399e-127 5.862520486237354059e-127
2.286546849496970708e+02 6.240411917306394941e-129 -6.085356255808447704e-129 1.856618009042123759e-128
2.284440267912255820e+02 1.936369753613150057e-130 -1.888256728859375715e-130 5.760996236085676229e-130
2.282337564316154612e+02 5.887083155646093944e-132 -5.740806662188875338e-132 1.751497297348106197e-131
2.280238728010078830e+02 1.753674139230777544e-133 -1.710100556699108757e-133 5.217448835160664431e-133
2.278143748334757390e+02 5.118402941179939916e-135 -4.991225863068103293e-135 1.522803174542798435e-134
2.276052614670056471e+02 1.463716249700635737e-136 -1.427347257669547344e-136 4.354779757070818626e-136
2.273965316434801025e+02 4.101249245706163961e-138 -3.999345365597764945e-138 1.220184385701009227e-137
2.271881843086592596e+02 1.125932305258268029e-139 -1.097945948222735712e-139 3.349810558739272143e-139
2.269802184121636799e+02 3.028623194034762619e-141 -2.899045868396996926e-141 8.956292256466522164e-141
2.267726329074563409e+02 7.982061234588194185e-143 7.982061234588194185e-143 7.982061234588194185e-143
2.265654267518251288e+02 2.061207498217163737e-144 2.061207498217163737e-144 2.061207498217163737e-144
2.263585989063655290e+02 5.215130969116262138e-146 5.215130969116262138e-146 5.215130969116262138e-146
2.261521483359630338e+02 1.292842357762480769e-147 1.292842357762480769e-147 1.292842357762480769e-147
2.259460740092762308e+02 3.140239506230658019e-149 3.140239506230658019e-149 3.140239506230658019e-149
2.257403748987190397e+02 7.473375788809544572e-151 7.473375788809544572e-151 7.473375788809544572e-151
2.255350499804444269e+02 1.742640149659240448e-152 1.742640149659240448e-152 1.742640149659240448e-152
2.253300982343265559e+02 3.981396754675730424e-154 3.981396754675730424e-154 3.981396754675730424e-154
2.251255186439446732e+02 8.912510361573992880e-156 8.912510361573992880e-156 8.912510361573992880e-156
2.249213101965657700e+02 1.954796193750483337e-157 1.954796193750483337e-157 1.954796193750483337e-157
2.247174718831280700e+02 4.200875096786849081e-159 4.200875096786849081e-159 4.200875096786849081e-159
2.245140026982244308e+02 8.845347524833898563e-161 8.845347524833898563e-161 8.845347524833898563e-161
2.243109016400857172e+02 1.824848771259118080e-162 1.824848771259118080e-162 1.824848771259118080e-162
2.241081677105646008e+02 3.688720129174415750e-164 3.688720129174415750e-164 3.688720129174415750e-164
2.239057999151187630e+02 7.305692341111362831e-166 7.305692341111362831e-166 7.305692341111362831e-166
2.237037972627951490e+02 1.417698565664187991e-167 1.417698565664187991e-167 1.417698565664187991e-167
2.235021587662132561e+02 2.695524404053004277e-169 2.695524404053004277e-169 2.695524404053004277e-169
2.233008834415496437e+02 5.021569565680537646e-171 5.021569565680537646e-171 5.021569565680537646e-171
2.230999703085214492e+02 9.165845790622230237e-173 9.165845790622230237e-173 9.165845790622230237e-173
2.228994183903706130e+02 1.639239672789313463e-174 1.639239672789313463e-174 1.639239672789313463e-174
2.226992267138481907e+02 2.872428410922109406e-176 2.872428410922109406e-176 2.872428410922109406e-176
2.224993943091983795e+02 4.931656486675767711e-178 4.931656486675767711e-178 4.931656486675767711e-178
