6.860526242979276503e+02 1.453714449350107986e-200 1.453714449350107986e-200 1.453714449350107986e-200
6.841596998041001143e+02 8.524679682307299550e-199 8.524679682307299550e-199 8.524679682307299550e-199
6.822771923066339923e+02 4.897944712599626997e-197 4.897944712599626997e-197 4.897944712599626997e-197
6.804050160524654984e+02 2.757315963643568032e-195 2.757315963643568032e-195 2.757315963643568032e-195
6.785430862271844035e+02 1.520883818279455743e-193 1.520883818279455743e-193 1.520883818279455743e-193
6.766913189422263031e+02 8.219443044621147858e-192 8.219443044621147858e-192 8.219443044621147858e-192
6.748496312222736151e+02 4.352367803950019893e-190 4.352367803950019893e-190 4.352367803950019893e-190
6.730179409928615542e+02 2.258112812224622140e-188 2.258112812224622140e-188 2.258112812224622140e-188
6.711961670681861278e+02 1.147895961810289633e-186 1.147895961810289633e-186 1.147895961810289633e-186
6.693842291391085837e+02 5.717369605820905812e-185 5.717369605820905812e-185 5.717369605820905812e-185
6.675820477613547155e+02 2.790145532208056326e-183 2.790145532208056326e-183 2.790145532208056326e-183
6.657895443439035716e+02 1.334118146737482577e-181 1.334118146737482577e-181 1.334118146737482577e-181
6.640066411375624966e+02 6.250267056391541264e-180 6.250267056391541264e-180 6.250267056391541264e-180
6.622332612237266858e+02 2.869060482358382065e-178 2.869060482358382065e-178 2.869060482358382065e-178
6.604693285033160919e+02 1.290380170933783099e-176 1.290380170933783099e-176 1.290380170933783099e-176
6.587147676858911609e+02 5.686335828476051408e-175 5.686335828476051408e-175 5.686335828476051408e-175
6.569695042789390982e+02 2.455184743346725912e-173 2.455184743346725912e-173 2.455184743346725912e-173
6.552334645773325974e+02 1.038658299349955200e-171 1.038658299349955200e-171 1.038658299349955200e-171
6.535065756529530745e+02 4.305246892491921005e-170 4.305246892491921005e-170 4.305246892491921005e-170
6.517887653444786338e+02 1.748478415864285146e-168 1.748478415864285146e-168 1.748478415864285146e-168
6.500799622473323325e+02 6.957598066990001372e-167 6.957598066990001372e-167 6.957598066990001372e-167
6.483800957037889248e+02 2.712659257540724160e-165 2.712659257540724160e-165 2.712659257540724160e-165
6.466890957932346282e+02 1.036258247548856455e-163 1.036258247548856455e-163 1.036258247548856455e-163
6.450068933225815044e+02 3.878623307691952364e-162 -3.676256086984667766e-162 1.143350270236857200e-161
6.433334198168279272e+02 1.422407563814708861e-160 -1.400665306756826439e-160 4.245480434386244161e-160
6.416686075097688899e+02 5.111017294052563900e-159 -5.033108819278384614e-159 1.525514340738351241e-158
6.400123893348476258e+02 1.799399084609190661e-157 -1.771970515578611442e-157 5.370768684796993087e-157
6.383646989161495640e+02 6.207039187309132715e-156 -6.112424154450444361e-156 1.852650252906870876e-155
6.367254705595356654e+02 2.097868812218535226e-154 -2.065890614464242724e-154 6.261628238901313838e-154
6.350946392439104784e+02 6.947187386665822903e-153 -6.841290139520078393e-153 2.073566491285172420e-152
6.334721406126254806e+02 2.254117482058732569e-151 -2.219757557270864808e-151 6.727992521388330624e-151
6.318579109650128203e+02 7.166068058976302915e-150 -7.056834373735472888e-150 2.138897049168807872e-149
6.302518872480492291e+02 2.232143736543184744e-148 -2.198118761574565212e-148 6.662406234660934700e-148
6.286540070481453313e+02 6.812401454451562708e-147 -6.708558773906721170e-147 2.033336168280984659e-146
6.270642085830614860e+02 2.037113168523417032e-145 -2.006061080150948026e-145 6.080287417197782089e-145
6.254824306939433427e+02 5.968523754854818711e-144 -5.877544456329458246e-144 1.781459196603909681e-143
6.239086128374807458e+02 1.713387304077881222e-142 -1.687269828227934786e-142 5.114044436383697595e-142
6.223426950781818050e+02 4.819267240056465827e-141 -4.745806268647940251e-141 1.438434074876087074e-140
6.207846180807650853e+02 1.328138365141056954e-139 -1.307893309283338001e-139 3.964170039565451536e-139
6.192343231026646890e+02 3.586265859452842420e-138 -3.531599753457509148e-138 1.070413147236319399e-137
6.176917519866476596e+02 9.488083299600895305e-137 -9.343454711627753740e-137 2.831962131082954244e-136
6.161568471535422304e+02 2.459525577114451942e-135 -2.422034579189012258e-135 7.341085733417916447e-135
6.146295515950722574e+02 6.246849527569988467e-134 -6.151627658418572619e-134 1.864532671355854955e-133
6.131098088668002219e+02 1.554560376167314018e-132 -1.530863928210000811e-132 4.639984680544628846e-132
6.115975630811730070e+02 3.790451902198326806e-131 -3.732673351032241760e-131 1.131357715542889537e-130
6.100927589006716971e+02 9.055474954635710574e-130 -8.917440694737413433e-130 2.702839060400883298e-129
6.085953415310605124e+02 2.119670348616404687e-128 -2.087359826057920812e-128 6.326700523290729929e-128
6.071052567147369246e+02 4.861410143879939953e-127 -4.787306780485426889e-127 1.451012706824530679e-126
6.056224507241773836e+02 1.092428566897706588e-125 -1.075776478577781690e-125 3.260633612373194997e-125
6.041468703554808144e+02 2.405252535855740942e-124 -2.368588831818318974e-124 7.179093903529801278e-124
6.026784629220037459e+02 5.188778852686705303e-123 -5.109685348227231852e-123 1.548724305360064179e-122
6.012171762480905954e+02 1.096747084956830084e-121 -1.080029168676790987e-121 3.273523338590450940e-121
5.997629586628934248e+02 2.271353149671479059e-120 -2.236730498451798989e-120 6.779436797794757794e-120
5.983157589942812820e+02 4.608925472947069716e-119 -4.538670779541038933e-119 1.375652172543517782e-118
5.968755265628384450e+02 9.163292607679529916e-118 -9.023614863588871950e-118 2.735020007894793178e-117
5.954422111759479321e+02 1.785008430515582388e-116 -1.757799220744359622e-116 5.327816081775523835e-116
5.940157631219605037e+02 3.406950593278938725e-115 -3.355017822661268372e-115 1.016891900921914627e-114
5.925961331644480197e+02 6.371302817539865946e-114 -6.274183884141717515e-114 1.901678951922145013e-113
5.911832725365376291e+02 1.167421011228146541e-112 -1.149625799372126076e-112 3.484467821828419159e-112
5.897771329353281544e+02 2.095866477576169923e-111 -2.063918801774812098e-111 6.255651756927152313e-111
5.883776665163846928e+02 3.686689521632085789e-110 -3.630492639398668577e-110 1.100387168266284075e-109
5.869848258883127983e+02 6.353987631529672804e-109 -6.257132636676736274e-109 1.896510789973608188e-108
5.855985641074084924e+02 1.072983424305111866e-107 -1.056627741847915224e-107 3.202594590458138806e-107
5.842188346723841050e+02 1.775319437497921722e-106 -1.748257918818271843e-106 5.298896793814115286e-106
5.828455915191688064e+02 2.878040165009920310e-105 -2.834169672724854442e-105 8.590250002744695449e-105
5.814787890157821266e+02 4.571450696986671430e-104 -4.501767238440233149e-104 1.364466863241357539e-103
5.801183819572795528e+02 7.114560508257697244e-103 -7.006111962026927423e-103 2.123523297854232290e-102
5.787643255607683841e+02 1.084873152281603277e-101 -1.068336232527645756e-101 3.238082537090852468e-101
5.774165754604941867e+02 1.620864436127981738e-100 -1.596157303265566166e-100 4.837886175521529134e-100
5.760750877029945514e+02 2.372746122556319010e-99 -2.336577919718327953e-99 7.082070164830965566e-99
5.747398187423219724e+02 3.403240952775054220e-98 -3.351364728885617667e-98 1.015784663443572611e-97
5.734107254353305052e+02 4.782676126123958392e-97 -4.709772919753193379e-97 1.427512517200111120e-96
5.720877650370301808e+02 6.585459650786586340e-96 -6.485076285635681372e-96 1.965599558720885239e-95
5.707708951960038348e+02 8.884603712838143328e-95 -8.749174074510408807e-95 2.651838150018669546e-94
5.694600739498885105e+02 1.174429298107960635e-93 -1.156527257654062318e-93 3.505385853869983589e-93
5.681552597209174564e+02 1.521081694177110408e-92 -1.497895567888610605e-92 4.540058956242831420e-92
5.668564113115240843e+02 1.930256616903592686e-91 -1.900833362478745290e-91 5.761346596285930117e-91
5.655634879000068622e+02 2.400017493955564936e-90 -2.363433588618645725e-90 7.163468576529775597e-90
5.642764490362513925e+02 2.923819862570168087e-89 -2.879251541987627960e-89 8.726891267127964135e-89
5.629952546375133124e+02 3.489985834146152702e-88 -3.436787342174716439e-88 1.041675901046702240e-87
5.617198649842557643e+02 4.081629343920309610e-87 -4.019412321788382421e-87 1.218267100962900254e-86
5.604502407160454140e+02 4.677139358735070413e-86 -4.605844868599623925e-86 1.396012358606976475e-85
5.591863428275037222e+02 5.251264626594743411e-85 -5.171218640062408840e-85 1.567374789325189566e-84
5.579281326643115335e+02 5.776760275260792562e-84 -5.688704062505546065e-84 1.724222461302713119e-83
5.566755719192690322e+02 6.226466188744347503e-83 -6.131555026552352806e-83 1.858448740404104708e-82
5.554286226284076520e+02 6.575605802583844250e-82 -6.475372641442185321e-82 1.962658424660987265e-81
5.541872471671546236e+02 6.804038357281355163e-81 -6.700323156955383322e-81 2.030839987151809552e-80
5.529514082465490219e+02 6.898180971967912152e-80 -6.793030738558824587e-80 2.058939268249464889e-79
5.517210689095076077e+02 6.852345647493682454e-79 -6.747894090313324986e-79 2.045258538530068869e-78
5.504961925271406926e+02 6.669308190858188229e-78 -6.567646707085085187e-78 1.990626308880146164e-77
5.492767427951176842e+02 6.360029927095971264e-77 -6.263082828427311364e-77 1.898314268261925466e-76
5.480626837300796979e+02 5.942570996445885885e-76 -5.851987300560589938e-76 1.773712929345236171e-75
5.468539796661005994e+02 5.440345058392150985e-75 -5.357416884277789797e-75 1.623810700106209177e-74
5.456505952511938631e+02 4.879949867378330420e-74 -4.805563899589873193e-74 1.456546363434653482e-73
5.444524954438661553e+02 4.288852615167330630e-73 -4.223476850835460040e-73 1.280118208117012067e-72
5.432596455097166199e+02 3.693207689526174828e-72 -3.636911449668154092e-72 1.102332682872050425e-71
5.420720110180792517e+02 3.116041172643287777e-71 -3.068542787496962146e-71 9.300625132783537299e-71
5.408895578387104024e+02 2.575962230821572405e-70 -2.536696367701370369e-70 7.688620829344514857e-70
5.397122521385193750e+02 2.086472389188106702e-69 -2.054667909193146859e-69 6.227612687569360005e-69
5.385400603783418774e+02 1.655856282589401087e-68 -1.630615762615571557e-68 4.942328327794373730e-68
5.373729493097544037e+02 1.287565957654992363e-67 -1.267939354420409522e-67 3.843071269730394248e-67
5.362108859719309066e+02 9.809642459589847574e-67 -9.660112286566478787e-67 2.927939720574617262e-66
5.350538376885398293e+02 7.322741758575484161e-66 -7.211119867494665319e-66 2.185660338464563575e-65
5.339017720646813814e+02 5.355883307801867570e-65 -5.274242599589749122e-65 1.598600921519348426e-64
5.327546569838643791e+02 3.838180025314312224e-64 -3.779673945643800388e-64 1.145603399627242484e-63
5.316124606050210559e+02 2.694985438926497465e-63 -2.653905283289978646e-63 8.043876161142973576e-63
5.304751513595617780e+02 1.854062424831458341e-62 -1.825800612403173934e-62 5.533925462066090401e-62
5.293426979484661388e+02 1.249767219084931255e-61 -1.230716788931249302e-61 3.730251227101111638e-61
5.282150693394115706e+02 8.254119518377368244e-61 -8.128300465865987945e-61 2.463653950262072443e-60
5.270922347639393593e+02 5.341327710872230357e-60 -5.259908876284537791e-60 1.594256429802899851e-59
5.259741637146554467e+02 3.386604982808019512e-59 -3.334982344049514359e-59 1.010819230966555250e-58
5.248608259424676135e+02 2.103859381658525200e-58 -2.071789868559317965e-58 6.279508631876368720e-58
5.237521914538580177e+02 1.280577073255139910e-57 -1.261057002862922374e-57 3.822211149373202194e-57
5.226482305081887034e+02 7.637154609750491981e-57 -7.520740066110716748e-57 2.279504928561170071e-56
5.215489136150431477e+02 4.462665039147247136e-56 -4.394639820267036100e-56 1.331996989856153128e-55
5.204542115315995261e+02 2.555017303842525314e-55 -2.516070708072567524e-55 7.626105315757618151e-55
5.193640952600380842e+02 1.433277384354346540e-54 -1.411429675209372989e-54 4.277984443918066359e-54
5.182785360449804557e+02 7.877773646273453097e-54 -7.757691302679407132e-54 2.351323859522631564e-53
5.171975053709613803e+02 4.242419350920795270e-53 -4.177751377322941252e-53 1.266259007916453272e-52
5.161209749599318002e+02 2.238517734752888269e-52 -2.204395599764509738e-52 6.681431069270286646e-52
5.150489167687928784e+02 1.157295677798785803e-51 -1.139654808250951746e-51 3.454246163848523650e-51
5.139813029869618504e+02 5.862258569374940321e-51 -5.772899090495090691e-51 1.749741622924497133e-50
5.129181060339656142e+02 2.909527433647955910e-50 -2.865176975171812966e-50 8.684231842467724786e-50
5.118592985570670066e+02 1.414870820688353315e-49 -1.393303686157718735e-49 4.223045327534425555e-49
5.108048534289186478e+02 6.741367003866784755e-49 -6.638607114435954147e-49 2.012134112216952290e-48
5.097547437452459462e+02 3.147139539116498943e-48 -3.099167115885756734e-48 9.393446194118754012e-48
5.087089428225591519e+02 1.439530512917698654e-47 -1.417587486191097029e-47 4.296648512026494337e-47
5.076674241958929770e+02 6.451528166160774097e-47 -6.353186343110001706e-47 1.925624267543154990e-46
5.066301616165743553e+02 2.832964731137274129e-46 -2.789781331929620284e-46 8.455710794204168541e-46
5.055971290500173154e+02 1.218867747440437944e-45 -1.200288323580859068e-45 3.638023818461734800e-45
5.045683006735445701e+02 5.138174507241839106e-45 -5.059852374069394700e-45 1.533620138855307416e-44
5.035436508742358797e+02 2.122256938624060661e-44 -2.089906988201164035e-44 6.334420865449285856e-44
5.025231542468029602e+02 8.588630551990385142e-44 -8.457712486651009373e-44 2.563497359063177966e-43
5.015067855914891766e+02 3.405545822962164551e-43 -3.353634465514693313e-43 1.016472611143902321e-42
5.004945199119956101e+02 1.323080845972858378e-42 -1.302912882803978905e-42 3.949074574749695502e-42
4.994863324134319100e+02 5.036430944064515315e-42 -4.959659706620896912e-42 1.503252159474992818e-41
4.984821985002914175e+02 1.878435261988778778e-41 -1.849801929947887387e-41 5.606672453925444688e-41
4.974820937744517551e+02 6.864460781990812239e-41 -6.759824551595592114e-41 2.048874611557721761e-40
4.964859940331978123e+02 2.457839227772713875e-40 -2.420373935175570838e-40 7.336052390720998588e-40
4.954938752672700844e+02 8.622582571624250418e-40 -8.491146969428183748e-40 2.573631211267668295e-39
4.945057136589354059e+02 2.963862826895003036e-39 -2.918684124079330068e-39 8.846409777869336140e-39
4.935214855800807641e+02 9.981956776804546421e-39 -9.829799985101637368e-39 2.979371353871073021e-38
4.925411675903303035e+02 3.293897779531197991e-38 -3.243688293593420341e-38 9.831483852655816846e-38
4.915647364351842725e+02 1.064979865889734778e-37 -1.048746183124266844e-37 3.178705914903736610e-37
4.905921690441802525e+02 3.373723795704852958e-37 -3.322297507175843816e-37 1.006974509858554931e-36
4.896234425290760441e+02 1.047163506584277168e-36 -1.031201401823177390e-36 3.125528414991731727e-36
4.886585341820546660e+02 3.184610483622265493e-36 -3.136066883797039510e-36 9.505287851041570495e-36
4.876974214739491913e+02 9.489317755141730792e-36 -9.344670349491788064e-36 2.832330585977524965e-35
4.867400820524899814e+02 2.770451207053892239e-35 -2.728220712625334130e-35 8.269123126733118073e-35
4.857864937405716432e+02 7.925065666783658395e-35 -7.804262440957701633e-35 2.365439377452501842e-34
4.848366345345403943e+02 2.221222583768321561e-34 -2.187364081349204104e-34 6.629809248885847654e-34
4.838904826025017769e+02 6.099835718405640116e-34 -6.006854805133744928e-34 1.820652624194502516e-33
4.829480162826480978e+02 1.641273828256597567e-33 -1.616255590253615849e-33 4.898803246766811326e-33
4.820092140816048527e+02 4.326939244655638505e-33 -4.260982914555493118e-33 1.291486140386677013e-32
4.810740546727974447e+02 1.117679788651481268e-32 -1.100642789599917697e-32 3.336002366902880371e-32
4.801425168948356941e+02 2.828725758513125218e-32 -2.785606967839124306e-32 8.443058484865375289e-32
4.792145797499177888e+02 7.014571401102720663e-32 -6.907646980338348164e-32 2.093678978254378839e-31
4.782902224022528799e+02 1.704308785692295061e-31 -1.678329685182584061e-31 5.086947256567174620e-31
4.773694241765011270e+02 4.057254707986112791e-31 -3.995409194993016951e-31 1.210991861096524253e-30
4.764521645562323329e+02 9.463528855005614397e-31 -9.319274416657952207e-31 2.824633212666918275e-30
4.755384231824022550e+02 2.162772288558784394e-30 -2.129804705821268775e-30 6.455349282938837212e-30
4.746281798518461414e+02 4.842898091135243706e-30 -4.769076737195114101e-30 1.445487291946560291e-29
4.737214145157900589e+02 1.062519020014111888e-29 -1.046322788956954844e-29 3.171360828985178899e-29
4.728181072783784202e+02 2.284046521576861369e-29 -2.249230183126859894e-29 6.817323226280582632e-29
4.719182383952190776e+02 4.810719428762211713e-29 -4.737388094748898052e-29 1.435882695227332260e-28
4.710217882719449563e+02 9.927775892357971255e-29 -9.776442864129416128e-29 2.963199464884535640e-28
4.701287374627912072e+02 2.007385382393635690e-28 -1.976785767720646091e-28 5.991556532507917023e-28
4.692390666691898673e+02 3.976915935271807789e-28 -3.916292994935716332e-28 1.187012486547933146e-27
4.683527567383790142e+02 7.719673517453723009e-28 -7.601994795281504549e-28 2.304134183018895057e-27
4.674697886620289182e+02 1.468210538934553747e-27 -1.445828454671608861e-27 4.382249532540716355e-27
4.665901435748828021e+02 2.735990853491968584e-27 -2.694280156613672305e-27 8.166261863597609474e-27
4.657138027534135745e+02 4.995487487030908264e-27 -4.919324682474572995e-27 1.491029965653638880e-26
4.648407476144948873e+02 8.936718676424357676e-27 -8.800450770901623624e-27 2.667388812375034041e-26
4.639709597140878259e+02 1.566445712341611252e-26 -1.542556065006970376e-26 4.675447489690192879e-26
4.631044207459424911e+02 2.690232249976047411e-26 -2.649192230615893542e-26 8.029656730567988938e-26
4.622411125403127699e+02 4.526906711585049524e-26 -4.457817174372203876e-26 1.351163059754230235e-25
4.613810170626872491e+02 7.463644394125497436e-26 -7.349655286498031563e-26 2.227694407474902873e-25
4.605241164125327487e+02 1.205697599396777245e-25 -1.187263483727375807e-25 3.598658682520930066e-25
4.596703928220528610e+02 1.908378879920927389e-25 -1.879151825115262812e-25 5.695909584957117360e-25
4.588198286549599061e+02 2.959583709056232347e-25 -2.914137178353384071e-25 8.833304596465849225e-25
4.579724064052601307e+02 4.497158081571451337e-25 -4.427815418485995788e-25 1.342213158162889938e-24
4.571281086960528910e+02 6.695604674586975384e-25 -6.591698627088898671e-25 1.998290797626284852e-24
4.562869182783430801e+02 9.767640875535042258e-25 -9.614543831422904683e-25 2.914982558249298736e-24
4.554488180298660609e+02 1.396189006413661300e-24 -1.373966049840305469e-24 4.166344062667628068e-24
4.546137909539262409e+02 1.955525285232063123e-24 -1.923656490986278428e-24 5.834707061450404674e-24
4.537818201782479264e+02 2.683879705705030415e-24 -2.638546975021505678e-24 8.006306386431565773e-24
4.529528889538387944e+02 3.609670652994309012e-24 -3.545350115276698506e-24 1.076469142126531653e-23
4.521269806538664398e+02 4.757900469913889696e-24 -4.666222029692065806e-24 1.418202296951984446e-23
4.513040787725460632e+02 6.147041925850302963e-24 -6.014690457422015550e-24 1.830877430912262295e-23
4.504841669240411193e+02 7.785979598071223333e-24 -7.590893155111894695e-24 2.316285235125434136e-23
4.496672288413760157e+02 9.671672905274947205e-24 -9.376325973656508151e-24 2.871967178420640109e-23
4.488532483753597262e+02 1.178843044593994177e-23 -1.132832061319927557e-23 3.490518150507916058e-23
4.480422094935221935e+02 1.410987592076288064e-23 -1.337445595830479820e-23 4.159420779983056242e-23
4.472340962790613617e+02 1.660481427152121030e-23 -1.540714231840296428e-23 4.861677086144538487e-23
4.464288929298021458e+02 1.924824471538774680e-23 -1.727898241601084460e-23 5.577547184678634408e-23
4.456265837571662018e+02 2.203868893115750723e-23 -1.880090291107396191e-23 6.287828077338897050e-23
4.448271531851532927e+02 2.502277965681862501e-23 -1.974904494433085873e-23 6.979460425796811462e-23
4.440305857493329427e+02 2.832765061593926665e-23 -1.989623116655313088e-23 7.655153239843166418e-23
4.432368660958475175e+02 3.220103120888271888e-23 -1.910449099414185165e-23 8.350655341190729528e-23
4.424459789804257071e+02 3.705801159017782822e-23 -1.754548307571056378e-23 9.166150625606622610e-23
4.416579092674064100e+02 4.353213532548805712e-23 -1.610295957706231286e-23 1.031672302280384212e-22
4.408726419287733620e+02 5.252675467406170927e-23 -1.676412126250950636e-23 1.218176306106329190e-22
4.400901620431997117e+02 6.526048043591494665e-23 -2.233730783860900403e-23 1.528582687104388973e-22
4.393104547951029986e+02 8.329824251090667605e-23 -3.537969144511350119e-23 2.019761764669268651e-22
4.385335054737102496e+02 1.085573061857219167e-22 -5.766918267299194552e-23 2.747837950444358025e-22
4.377592994721324544e+02 1.432761314649755187e-22 -9.064157446415246709e-23 3.771938373941034810e-22
4.369878222864493864e+02 1.899339621552544299e-22 -1.358423591593774286e-22 5.157102834698862648e-22
4.362190595148039165e+02 2.511112901645266751e-22 -1.950047437556133335e-22 6.972273240846666838e-22
4.354529968565055924e+02 3.292865206881061877e-22 -2.698936030502997734e-22 9.284666444265122428e-22
4.346896201111442224e+02 4.265725313005146451e-22 -3.620444091838532535e-22 1.215189471784882544e-21
4.339289151777120424e+02 5.444079843715697785e-22 -4.724515620349186369e-22 1.561267530778058194e-21
4.331708680537358305e+02 6.832309981856359561e-22 -6.012374950757452800e-22 1.967699491447017286e-21
4.324154648344174348e+02 8.421750457768334648e-22 -7.473359794092308840e-22 2.431686070962897908e-21
4.316626917117838502e+02 1.018836048168840789e-21 -9.082296965503456350e-22 2.945901792888027402e-21
4.309125349738455952e+02 1.209162720703343099e-21 -1.079785097295719601e-21 3.498110538702405612e-21
4.301649810037645238e+02 1.407516972527404215e-21 -1.256223434606125856e-21 4.071257379660934285e-21
4.294200162790294826e+02 1.606936401362854694e-21 -1.430254656719106279e-21 4.644127459444816042e-21
4.286776273706411757e+02 1.799607281659533645e-21 -1.593381569999980338e-21 5.192596133319048004e-21
4.279378009423053868e+02 1.977526530433469419e-21 -1.736358291766787394e-21 5.691411352633726233e-21
4.272005237496339305e+02 2.133299354434147676e-21 -1.849764155065737803e-21 6.116362863934033156e-21
4.264657826393546429e+02 2.260991128724497466e-21 -1.924637558640358707e-21 6.446619816089353264e-21
4.257335645485294435e+02 2.356933054294973929e-21 -1.953109503907912238e-21 6.666975612497859720e-21
4.250038565037793319e+02 2.420375653391587070e-21 -1.928988525959259372e-21 6.769739832742433137e-21
4.242766456205191048e+02 2.453894360707892980e-21 -1.848280444398719831e-21 6.756069165814505790e-21
4.235519191021983261e+02 2.463476756922867089e-21 -1.709678333263538689e-21 6.636631847109272868e-21
4.228296642395511640e+02 2.458258012113421345e-21 -1.515126317031483229e-21 6.431642341258325542e-21
4.221098684098531066e+02 2.449914373231710577e-21 -1.270628561392154905e-21 6.170457307855576060e-21
4.213925190761858062e+02 2.451767496555824327e-21 -9.874835505448615585e-22 5.891018543656510212e-21
4.206776037867091418e+02 2.477688732672179227e-21 -6.838913012457921956e-22 5.639268766590150273e-21
4.199651101739410137e+02 2.540917057497392214e-21 -3.859818792861752030e-22 5.467815994280959630e-21
4.192550259540435036e+02 2.652914195098173161e-21 -1.254008066294457757e-22 5.431229196825792097e-21
4.185473389261177886e+02 2.822374905415116266e-21 7.033996877443063634e-23 5.574409842055801896e-21
4.178420369715046263e+02 3.054490876122856281e-21 1.922751629442939717e-22 5.916706589301418590e-21
4.171391080530928548e+02 3.350536308761597643e-21 2.559031092200289444e-22 6.445169508303166718e-21
4.164385402146347701e+02 3.707806345408333764e-21 2.913727079370457712e-22 7.124239982879622510e-21
4.157403215800680982e+02 4.119900632926316451e-21 3.289458962417490648e-22 7.910855369610884589e-21
4.150444403528447310e+02 4.577308190586484861e-21 3.908307855712049706e-22 8.763785595601763999e-21
4.143508848152665678e+02 5.068220429104628764e-21 4.894712790387470163e-22 9.646969579170511265e-21
4.136596433278280642e+02 5.579479820950732177e-21 6.285611428546848969e-22 1.053039849904677871e-20
4.129707043285644659e+02 6.097564196486000188e-21 8.046005174767555828e-22 1.139052787549524479e-20
4.122840563324077152e+02 6.609511222385109884e-21 1.008435055895682755e-21 1.221058738887453701e-20
4.115996879305479297e+02 7.103702943663669078e-21 1.226866214960986609e-21 1.298053967236635155e-20
4.109175877898016438e+02 7.570453519189316252e-21 1.444508280944102085e-21 1.369639875743452967e-20
4.102377446519861905e+02 8.002370671465549625e-21 1.645921487642075353e-21 1.435881985528902314e-20
4.095601473333003355e+02 8.394488877641992813e-21 1.817828341139952955e-21 1.497114941414403418e-20
4.088847847237108795e+02 8.744196444808305000e-21 1.951036734739281727e-21 1.553735615487732677e-20
4.082116457863457413e+02 9.050996953668512545e-21 2.041657998000260467e-21 1.606033590933676613e-20
4.075407195568922702e+02 9.316157103680560395e-21 2.091371327056483978e-21 1.654094288030463531e-20
4.068719951430024366e+02 9.542297929337054695e-21 2.106778515809240161e-21 1.697781734286486923e-20
4.062054617237029106e+02 9.732985554106773946e-21 2.098153423735379628e-21 1.736781768447816977e-20
4.055411085488117919e+02 9.892372052267888140e-21 2.077985832562870402e-21 1.770675827197290738e-20
4.048789249383602851e+02 1.002492715399310526e-20 2.059637810701382038e-21 1.799021649728482698e-20
4.042189002820207975e+02 1.013528751967282629e-20 2.056264373318474574e-21 1.821431066602717651e-20
4.035610240385397560e+02 1.022823203661424715e-20 2.080004464447208306e-21 1.837645960878128599e-20
4.029052857351770172e+02 1.030876947157332871e-20 2.141374005030113403e-21 1.847616493811654401e-20
4.022516749671494836e+02 1.038230048021380226e-20 2.248780021453211168e-21 1.851582093897439336e-20
4.016001813970813714e+02 1.045479271617961616e-20 2.408086039088374034e-21 1.850149939327085829e-20
4.009507947544588546e+02 1.053289041909089127e-20 2.622165371819254212e-21 1.844361546636252832e-20
4.003035048350902798e+02 1.062387396036159974e-20 2.890381026343537140e-21 1.835736689437966234e-20
3.996583015005721791e+02 1.073539534346232588e-20 3.207958016027696463e-21 1.826283267089695380e-20
3.990151746777593758e+02 1.087494530547070129e-20 3.565309450660632543e-21 1.818458116028077005e-20
3.983741143582411155e+02 1.104905546509699638e-20 3.947571784131922565e-21 1.815053914606207020e-20
3.977351105978216879e+02 1.126229940001654151e-20 4.334863547417621756e-21 1.818973525261546126e-20
3.970981535160065619e+02 1.151621974797186116e-20 4.703933142879904671e-21 1.832850635306381765e-20
3.964632332954926710e+02 1.180836150531824724e-20 5.031571873997572080e-21 1.858515113663892090e-20
3.958303401816643259e+02 1.213162104019245704e-20 5.299208778662633355e-21 1.896403330172228072e-20
3.951994644820936173e+02 1.247411461942501853e-20 5.496940828302810378e-21 1.945128841054722668e-20
3.945705965660455377e+02 1.281972340618901997e-20 5.625099404406289375e-21 2.001434740797175058e-20
3.939437268639880472e+02 1.314938539950902755e-20 5.692865881871023343e-21 2.060590491714703177e-20
3.933188458671065746e+02 1.344308860116171295e-20 5.715175114758999893e-21 2.117100208756442601e-20
3.926959441268232354e+02 1.368239136620050636e-20 5.709597779753013760e-21 2.165518495264799896e-20
3.920750122543205975e+02 1.385317792969650534e-20 5.694078873108030734e-21 2.201227698628497995e-20
3.914560409200700519e+02 1.394827290085377355e-20 5.685391947616104502e-21 2.221115385409144109e-20
3.908390208533643886e+02 1.396950767174855935e-20 5.697604613664128930e-21 2.224141072983298977e-20
3.902239428418550915e+02 1.392886568751600528e-20 5.739744921483086207e-21 2.211798645354892436e-20
3.896107977310937258e+02 1.384843280129312449e-20 5.812086591311195624e-21 2.188477901127505337e-20
3.889995764240779295e+02 1.375903200702093653e-20 5.901188993491237062e-21 2.161687502055063750e-20
3.883902698808013270e+02 1.369760677995199990e-20 5.975570931974714786e-21 2.141964262792928501e-20
3.877828691178079907e+02 1.370360524338218646e-20 5.986917714827465138e-21 2.142029277193690778e-20
3.871773652077509951e+02 1.381477764992261523e-20 5.883341398164369801e-21 2.174621390168086216e-20
3.865737492789547787e+02 1.406290484472177158e-20 5.634125166094666647e-21 2.249168452334887801e-20
3.859720125149821115e+02 1.447000628592794450e-20 5.249951794614162866e-21 2.369006077724172463e-20
3.853721461542047564e+02 1.504552526700344165e-20 4.781213794221367871e-21 2.530983673978551392e-20
3.847741414893781666e+02 1.578486179688708665e-20 4.298479563306211559e-21 2.727124403046796173e-20
3.841779898672202762e+02 1.666943832726695563e-20 3.872462280327652059e-21 2.946641437420626071e-20
3.835836826879940418e+02 1.766826840243079870e-20 3.562560955650421249e-21 3.177397584921117916e-20
3.829912114050940204e+02 1.874078739458532883e-20 3.412653793142671411e-21 3.406892099602798626e-20
3.824005675246364149e+02 1.984053223743410499e-20 3.450282566264170841e-21 3.623078190860403914e-20
3.818117426050536665e+02 2.091915249731639692e-20 3.686748781003593264e-21 3.815155621362920057e-20
3.812247282566916624e+02 2.193021638140172414e-20 4.117184828623481013e-21 3.974324793417997027e-20
3.806395161414119457e+02 2.283234573944647729e-20 4.720546081220668582e-21 4.094414539767228599e-20
3.800560979721961985e+02 2.359136084384535582e-20 5.459894412348956141e-21 4.172282727534175550e-20
3.794744655127557280e+02 2.418131112347442928e-20 6.283542571692919917e-21 4.207907967525593865e-20
3.788946105771434532e+02 2.458447456619495867e-20 7.127708285183124382e-21 4.204124084720679295e-20
3.783165250293700410e+02 2.479058603953712209e-20 7.921287172645953762e-21 4.165988490642829041e-20
3.777402007830232833e+02 2.479566884706540502e-20 8.593094654663868713e-21 4.099824303946694132e-20
3.771656298008913382e+02 2.460087318122011729e-20 9.081269940749855391e-21 4.012047642169037617e-20
3.765928040945885868e+02 2.421166651603483768e-20 9.343388460678607729e-21 3.907994457139106764e-20
3.760217157241859809e+02 2.363758998665645800e-20 9.364566558501421771e-21 3.791061341481149122e-20
3.754523567978437768e+02 2.289262225201641305e-20 9.160506905070473426e-21 3.662473759896235568e-20
3.748847194714481930e+02 2.199601715038654223e-20 8.773977209179674267e-21 3.521805709159341319e-20
3.743187959482511360e+02 2.097334168041582002e-20 8.266057898006117415e-21 3.368062546282552412e-20
3.737545784785131673e+02 1.985736511576825082e-20 7.705537037163357119e-21 3.200919319437314453e-20
3.731920593591499369e+02 1.868845164478580040e-20 7.159632451504374797e-21 3.021727083806722298e-20
3.726312309333814028e+02 1.751418362983028150e-20 6.687429553111681488e-21 2.834093770654888151e-20
3.720720855903845177e+02 1.638807094828081994e-20 6.335617549747964209e-21 2.644052434681367718e-20
3.715146157649490988e+02 1.536735477746632872e-20 6.135160695962243097e-21 2.459954885897041586e-20
3.709588139371362558e+02 1.451006018547952072e-20 6.097478441903819808e-21 2.292264192905522314e-20
3.704046726319405707e+02 1.387156444455990026e-20 6.209580099273273293e-21 2.153354878984652724e-20
3.698521844189550052e+02 1.350101071210273629e-20 6.430346259926989540e-21 2.057167516427848153e-20
3.693013419120384810e+02 1.343790568219202646e-20 6.695794542065420900e-21 2.018001682231863051e-20
3.687521377689870974e+02 1.370920254884874082e-20 6.943794769933699197e-21 2.047461032776378244e-20
3.682045646912076791e+02 1.432710263439996968e-20 7.150352307532571173e-21 2.150385296126736819e-20
3.676586154233945649e+02 1.528772877445172604e-20 7.341441548840890910e-21 2.323401600006255966e-20
3.671142827532090109e+02 1.657074740655288812e-20 7.566558652363339677e-21 2.557493616074243656e-20
3.665715595109619471e+02 1.813995481130869617e-20 7.866652764521488564e-21 2.841325685809590227e-20
3.660304385692986671e+02 1.994479900585236070e-20 8.261265445662389635e-21 3.162833256604233026e-20
3.654909128428872691e+02 2.192277819734353655e-20 8.750948069197848904e-21 3.509460832548922420e-20
3.649529752881091440e+02 2.400263066941230214e-20 9.324499241544087806e-21 3.868076209728051647e-20
3.644166189027527025e+02 2.610819975441426029e-20 9.965575590774244516e-21 4.225082391805427606e-20
3.638818367257091495e+02 2.816281425191430765e-20 1.065720070515778898e-20 4.566842779867082632e-20
3.633486218366718958e+02 3.009396816520177993e-20 1.138426911791279153e-20 4.880366721249077134e-20
3.628169673558373916e+02 3.183801982476205738e-20 1.213457764341215624e-20 5.154146200611196152e-20
3.622868664436099948e+02 3.334457147706372568e-20 1.289895267357861456e-20 5.379019028054883680e-20
3.617583123003078072e+02 3.458015202677808918e-20 1.367093451526186559e-20 5.548936953829431878e-20
3.612312981658726585e+02 3.553082351645671189e-20 1.444630855800957390e-20 5.661533847490385589e-20
3.607058173195816266e+02 3.620337768429916510e-20 1.522257826080241464e-20 5.718417710779591556e-20
3.601818630797612286e+02 3.662488674234520697e-20 1.599829909386839321e-20 5.725147439082202072e-20
3.596594288035043405e+02 3.684051737357154680e-20 1.677209046468842087e-20 5.690894428245467274e-20
3.591385078863896183e+02 3.690969476846625903e-20 1.754118119904528527e-20 5.627820833788723580e-20
3.586190937622029082e+02 3.690089297859103199e-20 1.829959167249065953e-20 5.550219428469141046e-20
3.581011799026616131e+02 3.688550355721957449e-20 1.903653969089576528e-20 5.473446742354338672e-20
3.575847598171408208e+02 3.693137074725783886e-20 1.973624908272545435e-20 5.412649241179022336e-20
3.570698270524026725e+02 3.709665630904595989e-20 2.038057146980686181e-20 5.381274114828506099e-20
3.565563751923270388e+02 3.742469527144655319e-20 2.095491018131725881e-20 5.389448036157585058e-20
3.560443978576454356e+02 3.794041955893359774e-20 2.145555860352790681e-20 5.442528051433928266e-20
3.555338887056765884e+02 3.864876441853657720e-20 2.189432656261441707e-20 5.540320227445874334e-20
3.550248414300645550e+02 3.953524862292751502e-20 2.229710508279125757e-20 5.677339216306376946e-20
3.545172497605192916e+02 4.056865927044753778e-20 2.269702361204490122e-20 5.844029492885017133e-20
3.540111074625586411e+02 4.170550884378286670e-20 2.312619219115102723e-20 6.028482549641470918e-20
3.535064083372538448e+02 4.289570282286474562e-20 2.360971104703765665e-20 6.218169459869183759e-20
3.530031462209757365e+02 4.408869579261811053e-20 2.416306919916883593e-20 6.401432238606738513e-20
3.525013149851442336e+02 4.523935040751224306e-20 2.479201681943143582e-20 6.568668399559305331e-20
3.520009085359794199e+02 4.631276147061901326e-20 2.549344826051379681e-20 6.713207468072423272e-20
3.515019208142551292e+02 4.728746426090002920e-20 2.625625895895522241e-20 6.831866956284483599e-20
3.510043457950539505e+02 4.815669098517606896e-20 2.706187921711725418e-20 6.925150275323488072e-20
3.505081774875252449e+02 4.892763419819421671e-20 2.788489933257367778e-20 6.997036906381476166e-20
3.500134099346441872e+02 4.961897276778074530e-20 2.869471145703879755e-20 7.054323407852269305e-20
3.495200372129737616e+02 5.025716374214471946e-20 2.945918766596569612e-20 7.105513981832374280e-20
3.490280534324282371e+02 5.087215910875313969e-20 3.015079347554470640e-20 7.159352474196156697e-20
3.485374527360386878e+02 5.149324317277763630e-20 3.075409520529156062e-20 7.223239114026371199e-20
3.480482292997206741e+02 5.214559978711235240e-20 3.127195487162049596e-20 7.301924470260420885e-20
3.475603773320437995e+02 5.284802844329148486e-20 3.172719157540289371e-20 7.396886531118008203e-20
3.470738910740030292e+02 5.361197401592120291e-20 3.215811935373723277e-20 7.506582867810517304e-20
3.465887647987923401e+02 5.444176863742731483e-20 3.260929305426747070e-20 7.627424422058715895e-20
3.461049928115795637e+02 5.533575903400533811e-20 3.312082118361871376e-20 7.755069688439195645e-20
3.456225694492841853e+02 5.628785219354694329e-20 3.371951591154069301e-20 7.885618847555319356e-20
3.451414890803557682e+02 5.728898125212074643e-20 3.441365471815391924e-20 8.016430778608756760e-20
3.446617461045549931e+02 5.832807321392243285e-20 3.519160510685343981e-20 8.146454132099142588e-20
3.441833349527365726e+02 5.939226858090876251e-20 3.602372713033079684e-20 8.276081003148672817e-20
3.437062500866334744e+02 6.046636029929773035e-20 3.686673942819702879e-20 8.406598117039843192e-20
3.432304859986434735e+02 6.153163692248841140e-20 3.766972621101649455e-20 8.539354763396032824e-20
3.427560372116168423e+02 6.256448565899706779e-20 3.838086693474382950e-20 8.674810438325030607e-20
3.422828982786466554e+02 6.353519988366552957e-20 3.895373835568138817e-20 8.811666141164966496e-20
3.418110637828597760e+02 6.440742639322685398e-20 3.935190427316947512e-20 8.946294851328423283e-20
3.413405283372106851e+02 6.513858533188011770e-20 3.955079972069878465e-20 9.072637094306145076e-20
3.408712865842761062e+02 6.568142484968233240e-20 3.953671337871362701e-20 9.182613632065104381e-20
3.404033331960517899e+02 6.598667085375090573e-20 3.930364353521280924e-20 9.266969817228900823e-20
3.399366628737507199e+02 6.600654151052931582e-20 3.884945989261937135e-20 9.316362312843925427e-20
3.394712703476034790e+02 6.569875300594448730e-20 3.817289453906506473e-20 9.322461147282390987e-20
3.390071503766594105e+02 6.503057097296852570e-20 3.727250019549153339e-20 9.278864175044551801e-20
3.385442977485902816e+02 6.398246717640516285e-20 3.614808073621276812e-20 9.181685361659755759e-20
3.380827072794949117e+02 6.255101263492744096e-20 3.480438926976652069e-20 9.029763600008835521e-20
3.376223738137058490e+02 6.075075276901900780e-20 3.325620228605603432e-20 8.824530325198198129e-20
3.371632922235970682e+02 5.861493826671808892e-20 3.153333006610925969e-20 8.569654646732691815e-20
3.367054574093939436e+02 5.619510042998765888e-20 2.968388940411029188e-20 8.270631145586502589e-20
3.362488642989843015e+02 5.355954392780727420e-20 2.777440785517734632e-20 7.934468000043720207e-20
3.357935078477310071e+02 5.079087741580161507e-20 2.588605138508677541e-20 7.569570344651645473e-20
3.353393830382862006e+02 4.798271932284804608e-20 2.410722383653920060e-20 7.185821480915688553e-20
3.348864848804072949e+02 4.523571609530444205e-20 2.252358181249849400e-20 6.794785037811038708e-20
3.344348084107737122e+02 4.265300955247930945e-20 2.120684700523397656e-20 6.409917209972463631e-20
3.339843486928060088e+02 4.033530191370588256e-20 2.020370922226529538e-20 6.046689460514646371e-20
3.335351008164857376e+02 3.837569788180631991e-20 1.952603058729706385e-20 5.722536517631557597e-20
3.330870598981771309e+02 3.685455124216933886e-20 1.914425384783106624e-20 5.456484863650761749e-20
3.326402210804502033e+02 3.583460015932356400e-20 1.898803483261231348e-20 5.268116548603481151e-20
3.321945795319052195e+02 3.535672776078993669e-20 1.896038488840515351e-20 5.175307063317471687e-20
3.317501304469984120e+02 3.543671825019753768e-20 1.896806045980586217e-20 5.190537604058921318e-20
3.313068690458693482e+02 3.606338009883329348e-20 1.895604333421520565e-20 5.317071686345137830e-20
3.308647905741697173e+02 3.719836562321615290e-20 1.892159909161579202e-20 5.547513215481651379e-20
3.304238903028929712e+02 3.877792278374344116e-20 1.889853249091096812e-20 5.865731307657591721e-20
3.299841635282061816e+02 4.071666759905426255e-20 1.892978497561486831e-20 6.250355022249365378e-20
3.295456055712823513e+02 4.291326853099128594e-20 1.904912285930794672e-20 6.677741420267462516e-20
3.291082117781346597e+02 4.525770167669396369e-20 1.927600619429274417e-20 7.123939715909518923e-20
3.286719775194517865e+02 4.763949352445619335e-20 1.961712420382901718e-20 7.566186284508336952e-20
3.282368981904346015e+02 4.995615391307187586e-20 2.006784290453688163e-20 7.984446492160687612e-20
3.278029692106341599e+02 5.212086089564139595e-20 2.061002695818002441e-20 8.363169483310276748e-20
3.273701860237909500e+02 5.406843616573538856e-20 2.120555879676307021e-20 8.693131353470771292e-20
3.269385440976754467e+02 5.575877732307512123e-20 2.178714721123289186e-20 8.973040743491735060e-20
3.265080389239297460e+02 5.717720029292221153e-20 2.225041342490642422e-20 9.210398716093800486e-20
3.260786660179109049e+02 5.833156747969015413e-20 2.245394279728243001e-20 9.420919216209788427e-20
3.256504209185348486e+02 5.924657549917253923e-20 2.223539825440247290e-20 9.625775274394260556e-20
3.252232991881221551e+02 5.995606338613610540e-20 2.144788148406875630e-20 9.846424528820345449e-20
3.247972964122446911e+02 6.049457893979287486e-20 2.000851590943395250e-20 1.009806419701518032e-19
3.243724081995734991e+02 6.088961858353541815e-20 1.793735789307221375e-20 1.038418792739986226e-19
3.239486301817278786e+02 6.115587923911665407e-20 1.536514008012866872e-20 1.069466183981046454e-19
3.235259580131257735e+02 6.129252429445631469e-20 1.250716807623277695e-20 1.100778805126798585e-19
3.231043873708350702e+02 6.128392176507564833e-20 9.619478440159496252e-21 1.129483650899918064e-19
3.226839139544265436e+02 6.110366266531370586e-20 6.955959783456439130e-21 1.152513655471709666e-19
3.222645334858271440e+02 6.072104187840370185e-20 4.736294748320902670e-21 1.167057890084865010e-19
3.218462417091753878e+02 6.010871299415012176e-20 3.126111507441088357e-21 1.170913144808591431e-19
3.214290343906770318e+02 5.925001301916725002e-20 2.227043838344826571e-21 1.162729821999896614e-19
3.210129073184625099e+02 5.814453878536930798e-20 2.073933713851165547e-21 1.142151438568874504e-19
3.205978563024449386e+02 5.681092505228873033e-20 2.636989531896262131e-21 1.109848605726812106e-19
3.201838771741797132e+02 5.528634422902041787e-20 3.827341094675379015e-21 1.067453473633654507e-19
3.197709657867247870e+02 5.362289627141653571e-20 5.504968669677552730e-21 1.017408238731555247e-19
3.193591180145022577e+02 5.188164739895050393e-20 7.488627394281560773e-21 9.627466740361944709e-20
3.189483297531610333e+02 5.012548742289301339e-20 9.568417767346446097e-21 9.068255707843957466e-20
3.185385969194404083e+02 4.841213029867225937e-20 1.152317296272541313e-20 8.530108763461910561e-20
3.181299154510347194e+02 4.678846202449359148e-20 1.314609908893680362e-20 8.043082496005037933e-20
3.177222813064592515e+02 4.528708515559329310e-20 1.428035954295701026e-20 7.629381076822956992e-20
3.173156904649168837e+02 4.392540894601831892e-20 1.485754847209525584e-20 7.299326941994138200e-20
3.169101389261659278e+02 4.270710348126144348e-20 1.491886724121118161e-20 7.049533972131171138e-20
3.165056227103889341e+02 4.162528969330365135e-20 1.459838223697402797e-20 6.865219714963327472e-20
3.161021378580625196e+02 4.066656402612517682e-20 1.407177959512410122e-20 6.726134845712624941e-20
3.156996804298282200e+02 3.981490248769858256e-20 1.349921216334018462e-20 6.613059281205698050e-20
3.152982465063641939e+02 3.905464863247702692e-20 1.298829448475870349e-20 6.512100278019535637e-20
3.148978321882580076e+02 3.837211143928561078e-20 1.258329577173140671e-20 6.416092710683981486e-20
3.144984335958803854e+02 3.775569707666070791e-20 1.227367106330989723e-20 6.323772309001151558e-20
3.141000468692600975e+02 3.719487622994913469e-20 1.201368635030214428e-20 6.237606610959612510e-20
3.137026681679591888e+02 3.667855970716763025e-20 1.174697738001242668e-20 6.161014203432283683e-20
3.133062936709500264e+02 3.619356302403380685e-20 1.143027746373934728e-20 6.095684858432826641e-20
3.129109195764925175e+02 3.572377059520828812e-20 1.104989380516276213e-20 6.039764738525381410e-20
3.125165421020127496e+02 3.525038987187915303e-20 1.062597090379399869e-20 5.987480883996430737e-20
3.121231574839821974e+02 3.475337720427316353e-20 1.020433945803775822e-20 5.930241495050856885e-20
3.117307619777981813e+02 3.421379990181316440e-20 9.840904707998902544e-21 5.858669509562742325e-20
3.113393518576647807e+02 3.361665003485789945e-20 9.585298158180298730e-21 5.764800191153549716e-20
3.109489234164753952e+02 3.295350122233524116e-20 9.468534358009880080e-21 5.643846808666060826e-20
3.105594729656951358e+02 3.222442295906356300e-20 9.496257899147434404e-21 5.495258801897969461e-20
3.101709968352450915e+02 3.143872414393632629e-20 9.647088826154738678e-21 5.323035946171791389e-20
3.097834913733867666e+02 3.061434357774936555e-20 9.875101621435091721e-21 5.135358553406363638e-20
3.093969529466078825e+02 2.977597765924969591e-20 1.011607600010040969e-20 4.943587931839897912e-20
3.090113779395087477e+02 2.895227049410310933e-20 1.029797915420485912e-20 4.760656183400135954e-20
3.086267627546892527e+02 2.817253984724928570e-20 1.035600658353807697e-20 4.598907311096049443e-20
3.082431038126375142e+02 2.746354982172808647e-20 1.025010751104471277e-20 4.467699213241146318e-20
3.078603975516183482e+02 2.684677259171740666e-20 9.978606348633379097e-21 4.371493883480143422e-20
3.074786404275634482e+02 2.633643628153267802e-20 9.579634409305708985e-21 4.309323815375964404e-20
3.070978289139615072e+02 2.593847802038111971e-20 9.117492839038975514e-21 4.275946320172326089e-20
3.067179595017503289e+02 2.565035595181844215e-20 8.660545081164066739e-21 4.264016682247281757e-20
3.063390286992080291e+02 2.546155712866933085e-20 8.261319769335459250e-21 4.266179448800319944e-20
3.059610330318472506e+02 2.535458746328645738e-20 7.945563147492771070e-21 4.276361177908014368e-20
3.055839690423080128e+02 2.530624280482007177e-20 7.710962797443587475e-21 4.290152281219655908e-20
3.052078332902526654e+02 2.528901769569266452e-20 7.532929240935949644e-21 4.304510615044937940e-20
3.048326223522614100e+02 2.527258221824799971e-20 7.374110442638123692e-21 4.317105399385787874e-20
3.044583328217280496e+02 2.522531937357485043e-20 7.194622749681093200e-21 4.325601599746860767e-20
3.040849613087573857e+02 2.511594540919230022e-20 6.960562429302395233e-21 4.327132838908220520e-20
3.037125044400621618e+02 2.491522595600915227e-20 6.649251804283415439e-21 4.318120010773488910e-20
3.033409588588625070e+02 2.459775765753252705e-20 6.250890982244613685e-21 4.294462433282043740e-20
3.029703212247840156e+02 2.414372430208564751e-20 5.767447472576677813e-21 4.252000113159462023e-20
3.026005882137583285e+02 2.354047905136749722e-20 5.210202929947087835e-21 4.187075517278790660e-20
3.022317565179235430e+02 2.278376942175195892e-20 4.597206524012199749e-21 4.097033231949171507e-20
3.018638228455254193e+02 2.187842196602965718e-20 3.951232063997899198e-21 3.980561186806141516e-20
3.014967839208200076e+02 2.083834276302804622e-20 3.298153220594574662e-21 3.837853230546152078e-20
3.011306364839755361e+02 1.968576236201438765e-20 2.665259054676250527e-21 3.670626566935252476e-20
3.007653772909768009e+02 1.844974723089325887e-20 2.079019552276270373e-21 3.482047490951024737e-20
3.004010031135286454e+02 1.716409774790550302e-20 1.562095828469241794e-21 3.276609966734176124e-20
3.000375107389615437e+02 1.586483875152104379e-20 1.129818802459079481e-21 3.059985870058300510e-20
2.996748969701364445e+02 1.458756851440109334e-20 7.867905496378682642e-22 2.838834647916431842e-20
2.993131586253515479e+02 1.336495601153167248e-20 5.246105835242755521e-22 2.620530143953906940e-20
2.989522925382491394e+02 1.222466015506449381e-20 3.219615040941304467e-22 2.412735880603485868e-20
2.985922955577230482e+02 1.118788958432917288e-20 1.483065611006829766e-22 2.222747260755766428e-20
2.982331645478272435e+02 1.026873443686058790e-20 -2.812207077424707736e-23 2.056559094449542137e-20
2.978748963876842026e+02 9.474293976619359626e-21 -2.291842321402654918e-22 1.917777218537898625e-20
2.975174879713953260e+02 8.805511445727167593e-21 -4.566831729997291613e-22 1.806770606445406585e-20
2.971609362079503285e+02 8.258527366138073840e-21 -6.891034278860232562e-22 1.720615816016217244e-20
2.968052380211387913e+02 7.826291459335798602e-21 -8.882522161675873644e-22 1.654083513483918457e-20
2.964503903494613724e+02 7.500144515493688139e-21 -1.012612869882535152e-21 1.601290190086991294e-20
2.960963901460420402e+02 7.271101659800011129e-21 -1.030873867423095267e-21 1.557307718702311903e-20
2.957432343785408193e+02 7.130635845508623027e-21 -9.311205197529493234e-22 1.519239221077019387e-20
2.953909200290672743e+02 7.070864427766858970e-21 -7.247600998095953385e-22 1.486648895534331328e-20
2.950394440940947334e+02 7.084164135509546745e-21 -4.457533670075592313e-22 1.461408163802665272e-20
2.946888035843741704e+02 7.162358026965001965e-21 -1.450962046072296919e-22 1.446981225853723513e-20
2.943389955248507022e+02 7.295709407218507975e-21 1.202283824140649658e-22 1.447119043202295249e-20
2.939900169545783228e+02 7.472004150593106745e-21 3.028705841377664267e-22 1.464113771704844857e-20
2.936418649266369130e+02 7.675994861678816652e-21 3.795785178536363856e-22 1.497241120550399842e-20
2.932945365080491342e+02 7.889418936388192643e-21 3.561718683851727386e-22 1.542266600439121255e-20
2.929480287796981770e+02 8.091699473248148558e-21 2.603702939899886952e-22 1.592302865250630992e-20
2.926023388362460764e+02 8.261312842944255337e-21 1.286947688630252127e-22 1.639393091702548396e-20
2.922574637860518578e+02 8.377683163674102054e-21 -4.574934520665930811e-24 1.675994126186887004e-20
2.919134007510919560e+02 8.423364512858022894e-21 -1.131090682963526486e-22 1.695983809401239844e-20
2.915701468668790994e+02 8.386213360262015863e-21 -1.797732899286665199e-22 1.695220001045269975e-20
2.912276992823837531e+02 8.261244568487605475e-21 -1.954417006837496730e-22 1.671793083765896062e-20
2.908860551599544806e+02 8.051902668960695331e-21 -1.570521583421670772e-22 1.626085749626355924e-20
2.905452116752398979e+02 7.770555663979755044e-21 -6.610443374178225962e-23 1.560721576170129385e-20
2.902051660171107983e+02 7.438115478314861324e-21 7.134648535089949800e-23 1.480488447127882465e-20
2.898659153875827883e+02 7.082790092163925296e-21 2.420107851666454657e-22 1.392356939916120362e-20
2.895274570017397764e+02 6.738062572897665110e-21 4.187748647177604482e-22 1.305735028107756977e-20
2.891897880876572344e+02 6.440062311236493984e-21 5.505280376989794025e-22 1.232959658477400932e-20
2.888529058863273917e+02 6.224540782988298511e-21 5.555381261828466882e-22 1.189354343979374958e-20
2.885168076515830080e+02 6.123690551087968235e-21 3.377265789214573738e-22 1.190965452325447834e-20
2.881814906500238180e+02 6.163057334485024499e-21 -1.639717058222874740e-22 1.249008637479233722e-20
2.878469521609416688e+02 6.358795824125321875e-21 -9.372007159464289510e-22 1.365479236419707270e-20
2.875131894762473621e+02 6.715512466970007406e-21 -1.915603139494072790e-21 1.534662807343408685e-20
2.871801999003972696e+02 7.224920208583153899e-21 -3.021565235722369424e-21 1.747140565288867572e-20
2.868479807503209713e+02 7.865494996574827728e-21 -4.187848413531244733e-21 1.991883840668090019e-20
2.865165293553494053e+02 8.603264377909774035e-21 -5.359275832551923744e-21 2.256580458837147332e-20
2.861858430571425060e+02 9.393770075512517897e-21 -6.488460056388170421e-21 2.527600020741320772e-20
2.858559192096191737e+02 1.018513063331527207e-20 -7.532352415270741442e-21 2.790261368190128408e-20
2.855267551788859919e+02 1.092199731544949664e-20 -8.451038559112414490e-21 3.029503319001140627e-20
2.851983483431673676e+02 1.155006510883398642e-20 -9.208428030323586944e-21 3.230855824799155829e-20
2.848706960927357841e+02 1.202069501559584116e-20 -9.774114309771447851e-21 3.381550434096313018e-20
2.845437958298428498e+02 1.229514806799044066e-20 -1.012568151396298109e-20 3.471597764994386392e-20
2.842176449686508022e+02 1.234794373122047055e-20 -1.025082484848799386e-20 3.494671231092893345e-20
2.838922409351636134e+02 1.216894199364725558e-20 -1.014878506262784626e-20 3.448666904992235742e-20
2.835675811671603128e+02 1.176390119893937776e-20 -9.830766350814145656e-21 3.335856874869289966e-20
2.832436631141267185e+02 1.115346008914859948e-20 -9.319201167333498029e-21 3.162612134563069848e-20
2.829204842371894983e+02 1.037070010897224210e-20 -8.645922029945019750e-21 2.938732224788950244e-20
2.825980420090491521e+02 9.457627072177576572e-21 -7.849471897867440652e-21 2.676472604222259229e-20
2.822763339139145842e+02 8.461038662270886382e-21 -6.971905795130236086e-21 2.389398311967200885e-20
2.819553574474375637e+02 7.428295995725558402e-21 -6.055490710301011395e-21 2.091208270175212970e-20
2.816351101166474677e+02 6.403488785086656267e-21 -5.139694966465822772e-21 1.794667253663913681e-20
2.813155894398874466e+02 5.424385012727970797e-21 -4.258781873636951581e-21 1.510755189909289468e-20
2.809967929467492809e+02 4.520410062011775031e-21 -3.440205376103041822e-21 1.248102550012659113e-20
2.806787181780107403e+02 3.711735949838577194e-21 -2.703872413303004971e-21 1.012734431298016011e-20
2.803613626855714642e+02 3.009407552831040655e-21 -2.062211616003978211e-21 8.081026721666059897e-21
2.800447240323910023e+02 2.416312612789594742e-21 -1.520887867458731541e-21 6.353513093037921402e-21
2.797287997924257752e+02 1.928729502099792970e-21 -1.079933024942090109e-21 4.937392029141676049e-21
2.794135875505673425e+02 1.538164381184314894e-21 -7.350167902297298550e-22 3.811345552598359455e-21
2.790990849025809553e+02 1.233211452712887872e-21 -4.785431210308047330e-22 2.944966026456580476e-21
2.787852894550442215e+02 1.001224228158523671e-21 -3.002505156239884599e-22 2.302698971941035613e-21
2.784721988252866822e+02 8.296571166650690614e-22 -1.872157967334610452e-22 1.846530030063599262e-21
2.781598106413290452e+02 7.070108788501506763e-22 -1.239794950946162937e-22 1.538001252794917552e-21
2.778481225418239546e+02 6.233811719055839802e-22 -9.441098065604695055e-23 1.341173324467214911e-21
2.775371321759958505e+02 5.706592808484718210e-22 -8.555341902054236258e-23 1.226871980717486099e-21
2.772268372035821358e+02 5.424651115636369052e-22 -9.039397202293949696e-23 1.175324195150213401e-21
2.769172352947745708e+02 5.339050403747633296e-22 -1.068032488406743831e-22 1.174613329590201042e-21
2.766083241301606677e+02 5.412441297015874365e-22 -1.339715290928907725e-22 1.216459788496065645e-21
2.763001014006663354e+02 5.615677237578380637e-22 -1.696734983383442830e-22 1.292808945854020504e-21
2.759925648074975015e+02 5.924861574496758628e-22 -2.098958285976346424e-22 1.394868143496986274e-21
2.756857120620837804e+02 6.319126644058367274e-22 -2.499176419420755022e-22 1.513742970753748957e-21
2.753795408860211182e+02 6.779223685611264133e-22 -2.855046110828173040e-22 1.641349348205070225e-21
2.750740490110158021e+02 7.286824502134974809e-22 -3.137108929565246183e-22 1.771075793383519580e-21
2.747692341788282420e+02 7.824321419874090842e-22 -3.333384729750117786e-22 1.898202756949829759e-21
2.744650941412173779e+02 8.374869541336117408e-22 -3.451572208075689218e-22 2.020131129074792403e-21
2.741616266598852008e+02 8.922440914261452191e-22 -3.518738940196729345e-22 2.136362076871963185e-21
2.738588295064222962e+02 9.451739232469373962e-22 -3.577519080302874217e-22 2.248099754524162214e-21
2.735567004622530476e+02 9.947932276353183153e-22 -3.677979868167193335e-22 2.357384442087355776e-21
2.732552373185810097e+02 1.039626890651608531e-21 -3.865786137785454255e-22 2.465832395081762488e-21
2.729544378763361010e+02 1.078173020503819123e-21 -4.169638208580960775e-22 2.573309861865734511e-21
2.726542999461200907e+02 1.108889919180212723e-21 -4.592482525604433700e-22 2.677028090920868815e-21
2.723548213481541325e+02 1.130221096495101671e-21 -5.109900174840038066e-22 2.771432210474207149e-21
2.720559999122258432e+02 1.140666983380685478e-21 -5.675757781680292271e-22 2.848909744929400182e-21
2.717578334776366091e+02 1.138901008130849118e-21 -6.232227324365048714e-22 2.901024748698203296e-21
2.714603198931499719e+02 1.123915958915640935e-21 -6.720532537029044319e-22 2.919885171534186490e-21
2.711634570169394465e+02 1.095177030991950643e-21 -7.089848217710535127e-22 2.899338883754954987e-21
2.708672427165375893e+02 1.052753111119601888e-21 -7.303246663726788473e-22 2.835830888611882811e-21
2.705716748687842710e+02 9.973990271372500110e-22 -7.340605398246712977e-22 2.728858594099171508e-21
2.702767513597767675e+02 9.305685781752546162e-22 -7.198885097333383593e-22 2.581025666083847404e-21
2.699824700848186581e+02 8.543496478909727224e-22 -6.890368559273902328e-22 2.397736151709335489e-21
2.696888289483701442e+02 7.713260799848040115e-22 -6.439497265061146552e-22 2.186601886475722678e-21
2.693958258639983683e+02 6.843834002261969784e-22 -5.878929943347959709e-22 1.956659794787189740e-21
2.691034587543274483e+02 5.964843876793584318e-22 -5.245397226966377733e-22 1.717508498055354543e-21
2.688117255509903316e+02 5.104443298153174567e-22 -4.575839729977781776e-22 1.478472632628413091e-21
2.685206241945788861e+02 4.287341536550950257e-22 -3.904197742287273652e-22 1.247888081538917511e-21
2.682301526345964930e+02 3.533333064159342295e-22 -3.259080785573722351e-22 1.032574691389240741e-21
2.679403088294089912e+02 2.856449415398016906e-22 -2.662401553339101458e-22 8.375300384135135740e-22
2.676510907461977240e+02 2.264757269753407086e-22 -2.128929433621245594e-22 6.658443973128059296e-22
2.673624963609113365e+02 1.760734032621500890e-22 -1.666618869468018038e-22 5.188086934711019583e-22
2.670745236582187090e+02 1.342085387169811866e-22 -1.277506108867742759e-22 3.961676883207366492e-22
2.667871706314622884e+02 1.002834843439654761e-22 -9.589460605829289679e-23 2.964615747462238254e-22
2.665004352826111926e+02 7.345129949326864944e-23 -7.049740681922300518e-23 2.174000058057603276e-22
2.662143156222153380e+02 5.272978289516729986e-23 -5.076159046941248454e-23 1.562211562597470843e-22
2.659288096693585430e+02 3.709974133225987156e-23 -3.580216117333761780e-23 1.100016438378573609e-22
2.656439154516139638e+02 2.558122543434604706e-23 -2.473538575316039989e-23 7.589783662185249694e-23
2.653596310049976523e+02 1.728577247083822810e-23 -1.674104855021528054e-23 5.131259349189173968e-23
2.650759543739242758e+02 1.144611528259252106e-23 -1.109983891268836395e-23 3.399206947787340754e-23
2.647928836111615283e+02 7.427061843927319694e-24 -7.209968426077023798e-24 2.206409211393166318e-23
2.645104167777860766e+02 4.722322002911986132e-24 -4.588206527806522099e-24 1.403285053363049436e-23
2.642285519431390526e+02 2.942155989732206718e-24 -2.860577876651878666e-24 8.744889856116292470e-24
2.639472871847822262e+02 1.796142409150081390e-24 -1.747320444320139322e-24 5.339605262620301735e-24
2.636666205884542364e+02 1.074423473919946411e-24 -1.045694387868016954e-24 3.194541335707909592e-24
2.633865502480268788e+02 6.297461747026297948e-25 -6.131332496366075128e-25 1.872625599041866919e-24
2.631070742654626429e+02 3.616657764158918224e-25 -3.522300689830058303e-25 1.075561621814789567e-24
2.628281907507711139e+02 2.035158684638369916e-25 -1.982541887688648297e-25 6.052859256965387670e-25
2.625498978219666810e+02 1.122111014948279269e-25 -1.093314389454195523e-25 3.337536419350754061e-25
2.622721936050263025e+02 6.062031555503954266e-26 -5.907400556004756400e-26 1.803146366701266493e-25
2.619950762338471577e+02 3.208808999064468181e-26 -3.127360820068171337e-26 9.544978818197107126e-26
2.617185438502053216e+02 1.664223394531117218e-26 -1.622150095417262353e-26 4.950596884479497075e-26
2.614425946037134736e+02 8.457080548563159515e-27 -8.243973278821023055e-27 2.515813437594734208e-26
2.611672266517805383e+02 4.210848292225555720e-27 -4.105021481396543088e-27 1.252671806584765381e-26
2.608924381595698492e+02 2.054273929747644064e-27 -2.002757108462047131e-27 6.111304967957334901e-27
2.606182272999589600e+02 9.819428622676607290e-28 -9.573608445371396768e-28 2.921246569072461135e-27
2.603445922534989450e+02 4.598887180978245444e-28 -4.483921609438382833e-28 1.368169597139487372e-27
2.600715312083739832e+02 2.110365225624313748e-28 -2.057669824545058809e-28 6.278400275793686754e-28
2.597990423603616819e+02 9.488564967313253854e-29 -9.251858495243757225e-29 2.822898842987026381e-28
2.595271239127931722e+02 4.180047996366198372e-29 -4.075849356458719762e-29 1.243594534919111539e-28
2.592557740765137169e+02 1.804262141083145443e-29 -1.759313783571196310e-29 5.367838065737487195e-29
2.589849910698432041e+02 7.630543803131263501e-30 -7.440543818347207088e-30 2.270163142460973409e-29
2.587147731185376074e+02 3.161904200015274915e-30 -3.083204765929303833e-30 9.407013165959853662e-30
2.584451184557497641e+02 1.283746259984017121e-30 -1.251804406338926180e-30 3.819296926306960597e-30
2.581760253219911760e+02 5.106776626103764146e-31 -4.979744747102131759e-31 1.519329799930966093e-30
2.579074919650936408e+02 1.990451751634020802e-31 -1.940949578098346886e-31 5.921853081366388927e-31
2.576395166401712231e+02 7.601398795794626233e-32 -7.412386277340601124e-32 2.261518386892985250e-31
2.573720976095824540e+02 2.844280399280782274e-32 -2.773565939197793274e-32 8.462126737759357822e-32
2.571052331428926436e+02 1.042769434570054027e-32 -1.016847076818990203e-32 3.102385945959098120e-32
2.568389215168370470e+02 3.745770308305798821e-33 -3.652662275919259469e-33 1.114420289253085711e-32
2.565731610152830058e+02 1.318350645431337224e-33 -1.285583065376960855e-33 3.922284356239635646e-33
2.563079499291937964e+02 4.546295437269446981e-34 -4.433304217940316065e-34 1.352589509247921003e-33
2.560432865565915677e+02 1.536106345968453140e-34 -1.497930652033391334e-34 4.570143343970297401e-34
2.557791692025210466e+02 5.085361261501736856e-35 -4.958983650461865058e-35 1.512970617346533877e-34
2.555155961790134143e+02 1.649526231116265167e-35 -1.608534758593300767e-35 4.907587220825830833e-35
2.552525658050502386e+02 5.242440653237531286e-36 -5.112167044819853209e-36 1.559704835129491712e-35
2.549900764065279759e+02 1.632468063522172122e-36 -1.591902417290359932e-36 4.856838544334704511e-36
2.547281263162219886e+02 4.980726953893373800e-37 -4.856961632675395216e-37 1.481841554046214198e-36
2.544667138737518428e+02 1.488941516416976020e-37 -1.451943552039007340e-37 4.429826584872958962e-37
2.542058374255456386e+02 4.361133757132651016e-38 -4.252767344592368692e-38 1.297503485885767072e-37
2.539454953248056484e+02 1.251578323992950135e-38 -1.220479114353018432e-38 3.723635762338918442e-38
2.536856859314733299e+02 3.519277525134544145e-39 -3.431831188990272435e-39 1.047038623925936072e-38
2.534264076121950495e+02 9.695849238711833166e-40 -9.454930073531172491e-40 2.884662855095484045e-39
2.531676587402877203e+02 2.617309283035454497e-40 -2.552275588097669035e-40 7.786894154168577620e-40
2.529094376957048951e+02 6.922470112679085640e-41 -6.750464442973776281e-41 2.059540466833194654e-40
2.526517428650031150e+02 1.793923770847494952e-41 -1.749349497537653434e-41 5.337197039232643084e-41
2.523945726413077466e+02 4.554951221368227192e-42 -4.441772992200819225e-42 1.355167543493727297e-41
2.521379254242803540e+02 1.133183719499365204e-42 -1.105027225220199212e-42 3.371394664218929779e-42
2.518817996200847062e+02 2.762191418655807992e-43 -2.693558686354746912e-43 8.217941523666362896e-43
2.516261936413545186e+02 6.596963270730917778e-44 -6.433047407236466722e-44 1.962697394869830427e-43
2.513711059071601426e+02 1.543729520725966872e-44 -1.505372254650545584e-44 4.592831296102479329e-44
2.511165348429761934e+02 3.539445266520061364e-45 -3.451500247995224513e-45 1.053039078103534724e-44
2.508624788806491210e+02 7.951261572935507695e-46 -7.753695773136347935e-46 2.365621891900736488e-45
2.506089364583648660e+02 1.750143778992253088e-46 -1.706657805425092069e-46 5.206945363409598439e-46
2.503559060206173115e+02 3.774402962698485048e-47 -3.680620091459295903e-47 1.122942601685626600e-46
2.501033860181757404e+02 7.975531746524650320e-48 -7.777363192893146117e-48 2.372842668594244554e-47
2.498513749080539412e+02 1.651231174957095588e-48 -1.610202939982649095e-48 4.912665289896839967e-48
2.495998711534783467e+02 3.349600081221469136e-49 -3.266372398627936966e-49 9.965572561070874859e-49
2.493488732238568844e+02 6.657556870409364738e-50 -6.492136252420333838e-50 1.980724999323906331e-49
2.490983795947479962e+02 1.296503397119587032e-50 -1.264289123714028264e-50 3.857295917953202564e-50
2.488483887478297163e+02 2.473826745945074211e-51 -2.412359479056987953e-51 7.360012970947136969e-51
2.485988991708691458e+02 4.624893640320266549e-52 -4.509978745445630882e-52 1.375976602608616250e-51
2.483499093576915300e+02 8.471709713059031898e-53 -8.261212862745021935e-53 2.520463228886308759e-52
2.481014178081506714e+02 1.520467809348213159e-53 -1.482688698330110900e-53 4.523624317026536986e-53
2.478534230280978932e+02 2.673746574070446834e-54 -2.607311913549486685e-54 7.954805061690380932e-54
2.476059235293529923e+02 4.606807865814876113e-55 -4.492342379402084418e-55 1.370595811103183737e-54
2.473589178296738851e+02 7.777084283967537930e-56 -7.583846856407249773e-56 2.313801542434232382e-55
2.471124044527271337e+02 1.286383197974625990e-56 -1.254420400192844092e-56 3.827186796142096072e-56
2.468663819280587006e+02 2.084782532220191892e-57 -2.032981886097249251e-57 6.202546950537633318e-57
2.466208487910644749e+02 3.310457429778874491e-58 -3.228202409088258576e-58 9.849117268646006850e-58
2.463758035829615665e+02 5.150532154784659382e-59 -5.022556752310206901e-59 1.532362106187952567e-58
2.461312448507588329e+02 7.851507419742196056e-60 -7.656420819288585808e-60 2.335943565877297903e-59
2.458871711472288837e+02 1.172710558603096071e-60 -1.143572190455586984e-60 3.488993307661778987e-60
2.456435810308787779e+02 1.716190417175472321e-61 -1.673548191964781896e-61 5.105929026315726538e-61
2.454004730659224265e+02 2.460803621247311178e-62 -2.399659974004955767e-62 7.321267216499578123e-62
2.451578458222516588e+02 3.457206247264613143e-63 -3.371304960310690856e-63 1.028571745483991714e-62
2.449156978754086538e+02 4.758942618978744791e-64 -4.640697057574769790e-64 1.415858229553225937e-63
2.446740278065579162e+02 6.418484471561155464e-65 -6.259004234544103688e-65 1.909597317766641546e-64
2.444328342024584799e+02 8.481865251128897511e-66 -8.271116143230263590e-66 2.523484664548806072e-65
2.441921156554366235e+02 1.098214288359412678e-66 -1.070926931849429148e-66 3.267355508568254768e-66
2.439518707633579879e+02 1.393219865390382014e-67 -1.358602498370087989e-67 4.145042229150852346e-67
2.437120981296010314e+02 1.731765462506210241e-68 -1.688736245079773036e-68 5.152267170092193518e-68
2.434727963630293459e+02 2.109091090603302010e-69 -2.056686454436067934e-69 6.274868635642672211e-69
2.432339640779651120e+02 2.516740555331026075e-70 -2.454207043347735348e-70 7.487688154009787176e-70
2.429955998941622681e+02 2.942513101337355242e-71 -2.869400408917054584e-71 8.754426611591765873e-71
2.427577024367797662e+02 3.370817269027647765e-72 -3.287062492911298334e-72 1.002869703096659437e-71
2.425202703363555372e+02 3.783457523057383264e-73 -3.689449864878937943e-73 1.125636491099370384e-72
2.422833022287796609e+02 4.160824156126690132e-74 -4.057440060376908902e-74 1.237908837263028995e-73
2.420467967552687867e+02 4.483391963915285200e-75 -4.371993018294034865e-75 1.333877694612460625e-74
2.418107525623396725e+02 4.733374897796020543e-76 -4.615764620370265595e-76 1.408251441596230545e-75
2.415751683017838332e+02 4.896344254897919068e-77 -4.774684674052688115e-77 1.456737318384852625e-76
2.413400426306414772e+02 4.962606427282986070e-78 -4.839300428706804267e-78 1.476451328327277545e-77
2.411053742111762404e+02 4.928157395145653104e-79 -4.805707352500699559e-79 1.466202214279200517e-78
2.408711617108496910e+02 4.795083269037461490e-80 -4.675939722347652904e-80 1.426610626042257513e-79
2.406374038022960917e+02 4.571351160880664534e-81 -4.457766691152924395e-81 1.360046901291425440e-80
2.404040991632975590e+02 4.270019537824612056e-82 -4.163922262025738142e-82 1.270396133767496108e-81
2.401712464767586823e+02 3.907976896659788094e-83 -3.810875302880451302e-83 1.162682909620002749e-82
2.399388444306823089e+02 3.504378121417499708e-84 -3.417304755895115034e-84 1.042606099873011445e-83
2.397068917181442771e+02 3.078979378978689931e-85 -3.002475906008417928e-85 9.160434663965797789e-85
2.394753870372695133e+02 2.650571034063807843e-86 -2.584712233307550402e-86 7.885854301435166446e-86
2.392443290912073053e+02 2.235676502169853204e-87 -2.180126595596821502e-87 6.651479599936528357e-87
2.390137165881071439e+02 1.847631356668537439e-88 -1.801723216943384625e-88 5.496985930280459503e-88
2.387835482410947350e+02 1.496092801820316049e-89 -1.458919348826836381e-89 4.451104952467468131e-89
2.385538227682479544e+02 1.186966849891328553e-90 -1.157474256687966089e-90 3.531407956470623195e-90
2.383245388925732584e+02 9.226893201763042443e-92 -8.997632369624482755e-92 2.745141877315057037e-91
2.380956953419816671e+02 7.027635774944462950e-93 -6.853019943755923543e-93 2.090829149364484859e-92
2.378672908492656290e+02 5.244448722584649230e-94 -5.114139781976631925e-94 1.560303722714592932e-93
2.376393241520753463e+02 3.834663761132093804e-95 -3.739383780579379395e-95 1.140871130284356767e-94
2.374117939928956389e+02 2.747208252019317699e-96 -2.678948304047237197e-96 8.173364808085872180e-96
2.371846991190227811e+02 1.928380462467401064e-97 -1.880465947817469713e-97 5.737226872752271320e-97
2.369580382825415654e+02 1.326266226620561845e-98 -1.293312458532929812e-98 3.945844911774053664e-98
2.367318102403024511e+02 8.937283727221356619e-100 -8.715218828509503221e-100 2.658978628295221646e-99
2.365060137538986567e+02 5.900886044403212832e-101 -5.754266590243334559e-101 1.755603867904976022e-100
2.362806475896439053e+02 3.817383196052715318e-102 -3.722532586108459209e-102 1.135729897821388984e-101
2.360557105185495175e+02 2.419642111488570293e-103 -2.359521207106079104e-103 7.198805430083220185e-103
2.358312013163025540e+02 1.502703709948090678e-104 -1.465365995567962578e-104 4.470773415464143625e-104
2.356071187632431361e+02 9.143920261206798975e-106 -8.916721059682954644e-106 2.720456158209655259e-105
2.353834616443427592e+02 5.451654807914211321e-107 -5.316197412840949713e-107 1.621950702866937236e-106
2.351602287491820107e+02 3.184645643017675233e-108 -3.105516677917375365e-108 9.474807963952725832e-108
2.349374188719289407e+02 1.822765200837845573e-109 -1.777474911075368571e-109 5.423005312751059717e-109
2.347150308113173764e+02 1.022203090098155225e-110 -9.968043859066577010e-111 3.041210566102968004e-110
2.344930633706249807e+02 5.616690554909661590e-112 -5.477132512754311818e-112 1.671051362257363592e-111
2.342715153576523903e+02 3.023852848273766014e-113 -2.948719105521624285e-113 8.996424802069156313e-113
2.340503855847011891e+02 1.595062319418174003e-114 -1.555429768499176653e-114 4.745554407335524659e-114
2.338296728685533026e+02 8.243877043891661317e-116 -8.039041237331496530e-116 2.452679532511481916e-115
2.336093760304494822e+02 4.174670500406947248e-117 -4.070942364419362832e-117 1.242028336523325733e-116
2.333894938960684442e+02 2.071332157630050902e-118 -2.019865718853345430e-118 6.162530034113447234e-118
2.331700252955060364e+02 1.006964452781668343e-119 -9.819443833695874659e-120 2.995873288932924290e-119
2.329509690632544903e+02 4.796399829733316686e-121 -4.677223570495348269e-121 1.427002322996198164e-120
2.327323240381817868e+02 2.238481273001410797e-122 -2.182861676228706833e-122 6.659824222231528964e-122
2.325140890635109372e+02 1.023595573957790673e-123 -9.981622706871658424e-124 3.045353418602747524e-123
2.322962629868000590e+02 4.586064732285096916e-125 -4.472114674154395112e-125 1.364424413872458842e-124
2.320788446599215433e+02 2.013208748550513506e-126 -1.963186503484568130e-126 5.989604000585594486e-126
2.318618329390422730e+02 8.659130498535776699e-128 -8.443976879633792448e-128 2.576223787670534584e-127
2.316452266846033865e+02 3.649191107499209044e-129 -3.558519570330847262e-129 1.085690178532926599e-128
2.314290247613002691e+02 1.506800578599264577e-130 -1.469361069227730823e-130 4.482962226426259976e-130
2.312132260380630839e+02 6.096095978315975482e-132 -5.944626138344052689e-132 1.813681809497600365e-131
2.309978293880364504e+02 2.416488101372870443e-133 -2.356445564754204986e-133 7.189421767499945482e-133
2.307828336885604585e+02 9.385434288905156428e-135 -9.152234182662795105e-135 2.792310276047310796e-134
2.305682378211505750e+02 3.571584528622813715e-136 -3.482841283942833957e-136 1.062601034118846215e-135
2.303540406714788560e+02 1.331693684027124446e-137 -1.298605059778304364e-137 3.961992427832553256e-137
2.301402411293541093e+02 4.865019599505226969e-139 -4.744138343235958579e-139 1.447417754224641103e-138
2.299268380887030219e+02 1.741412653430025232e-140 -1.698143732324090486e-140 5.180969039184140718e-140
2.297138304475510324e+02 6.107389873761764385e-142 -5.955639414104507726e-142 1.817041916162803650e-141
2.295012171080032601e+02 2.098681048915619276e-143 -2.046535071594758521e-143 6.243897169425997528e-143
2.292889969762259170e+02 7.066007341909879852e-145 -6.890438091503436830e-145 2.102245277532319653e-144
2.290771689624270948e+02 2.330980149729410000e-146 -2.273062231193826876e-146 6.935022530652646875e-146
2.288657319808386603e+02 7.534248030608732580e-148 -7.347044392811061065e-148 2.241554045402852623e-147
2.286546849496970708e+02 2.386042080544805565e-149 -2.326756036920860481e-149 7.098840198010471611e-149
2.284440267912255820e+02 7.403773623984485047e-151 -7.219811886833082570e-151 2.202735913480205266e-150
2.282337564316154612e+02 2.250945663071107635e-152 -2.195016363305570233e-152 6.696907689447785504e-152
2.280238728010078830e+02 6.705230916189183161e-154 -6.538625886107241604e-154 1.994908771848560925e-153
2.278143748334757390e+02 1.957038247582721054e-155 -1.908411672273801952e-155 5.822488167439244474e-155
2.276052614670056471e+02 5.596567361326428635e-157 -5.457509320666458288e-157 1.665064404331931685e-156
2.273965316434801025e+02 1.568126177042726728e-158 -1.529162892353919736e-158 4.665415246439373596e-158
2.271881843086592596e+02 4.305039307967116865e-160 -4.198032548713386651e-160 1.280811116464762165e-159
2.269802184121636799e+02 1.158004068135323471e-161 -1.108459750267662765e-161 3.424467886538309708e-161
2.267726329074563409e+02 3.051967441827726357e-163 3.051967441827726357e-163 3.051967441827726357e-163
2.265654267518251288e+02 7.881094858243733892e-165 7.881094858243733892e-165 7.881094858243733892e-165
2.263585989063655290e+02 1.994022528121016064e-166 1.994022528121016064e-166 1.994022528121016064e-166
2.261521483359630338e+02 4.943225399235426248e-168 4.943225399235426248e-168 4.943225399235426248e-168
2.259460740092762308e+02 1.200680933269185991e-169 1.200680933269185991e-169 1.200680933269185991e-169
2.257403748987190397e+02 2.857469883738251427e-171 2.857469883738251427e-171 2.857469883738251427e-171
2.255350499804444269e+02 6.663042093106901681e-173 6.663042093106901681e-173 6.663042093106901681e-173
2.253300982343265559e+02 1.522300181764490395e-174 1.522300181764490395e-174 1.522300181764490395e-174
2.251255186439446732e+02 3.407727734611823639e-176 3.407727734611823639e-176 3.407727734611823639e-176
2.249213101965657700e+02 7.474227725644642894e-178 7.474227725644642894e-178 7.474227725644642894e-178
2.247174718831280700e+02 1.606218449818721731e-179 1.606218449818721731e-179 1.606218449818721731e-179
2.245140026982244308e+02 3.382047802448019030e-181 3.382047802448019030e-181 3.382047802448019030e-181
2.243109016400857172e+02 6.977369469440674021e-183 6.977369469440674021e-183 6.977369469440674021e-183
2.241081677105646008e+02 1.410394308611902097e-184 1.410394308611902097e-184 1.410394308611902097e-184
2.239057999151187630e+02 2.793355564407966853e-186 2.793355564407966853e-186 2.793355564407966853e-186
2.237037972627951490e+02 5.420617228522418002e-188 5.420617228522418002e-188 5.420617228522418002e-188
2.235021587662132561e+02 1.030642647061361265e-189 1.030642647061361265e-189 1.030642647061361265e-189
2.233008834415496437e+02 1.920013687056194201e-191 1.920013687056194201e-191 1.920013687056194201e-191
2.230999703085214492e+02 3.504591371533868189e-193 3.504591371533868189e-193 3.504591371533868189e-193
2.228994183903706130e+02 6.267686959135972050e-195 6.267686959135972050e-195 6.267686959135972050e-195
2.226992267138481907e+02 1.098282477604609704e-196 1.098282477604609704e-196 1.098282477604609704e-196
2.224993943091983795e+02 1.885635124720948220e-198 1.885635124720948220e-198 1.885635124720948220e-198
