302
957
922
866
494
403
1055
680
1078
305
575
480
1015
134
845
739
1140
1013
987
504
1025
369
861
525
483
340
116
1165
10
406
459
94
578
794
165
189
1176
780
261
356
613
991
610
147
514
1123
984
292
360
239
122
241
1149
389
789
247
82
248
622
694
481
149
107
26
387
1030
1039
1002
473
367
930
1188
1167
1047
598
320
771
270
109
841
823
281
612
756
489
1056
564
40
1161
667
49
346
1171
306
502
634
738
118
541
784
927
451
297
620
731
956
158
415
884
1101
89
56
696
101
722
1041
272
1105
411
925
4
980
357
259
1034
1116
54
875
1052
96
495
435
321
900
355
61
593
323
754
85
244
131
808
883
713
854
135
283
668
798
580
417
71
373
16
833
642
996
23
433
206
815
476
607
78
379
1200
835
1135
778
169
911
631
748
163
72
557
441
666
57
65
279
1139
1019
258
1145
860
113
114
1096
527
602
1125
69
208
197
1121
802
142
617
