568
72
612
771
321
1114
624
461
287
623
142
134
525
603
620
1025
336
649
89
165
502
337
846
802
738
550
263
495
622
874
569
959
1167
1101
197
1160
1125
139
1157
1022
756
258
1181
905
306
16
1120
11
106
575
863
497
57
610
671
101
383
10
521
457
1047
1198
875
155
602
1105
584
34
1056
1089
1108
297
563
680
270
980
302
815
451
107
1123
1113
393
588
829
427
619
460
580
723
1034
113
937
473
621
600
23
99
825
116
356
357
1030
833
1078
489
667
483
244
444
281
169
283
415
344
956
149
1021
406
111
268
933
1149
94
642
541
403
2
505
208
931
854
613
305
54
245
156
760
901
1180
417
493
176
300
1122
323
886
1004
1064
247
579
551
109
749
527
239
1096
122
189
361
272
578
320
1192
572
1013
922
835
266
4
214
616
389
1146
350
186
996
367
598
543
1126
61
476
984
692
726
564
1019
1074
924
542
341
338
746
193
630
121
520
987
974
