1.613107999999999993e+04 0.000000000000000000e+00 0.000000000000000000e+00 0.000000000000000000e+00
1.617140769999999975e+04 0.000000000000000000e+00 0.000000000000000000e+00 0.000000000000000000e+00
1.621173539999999775e+04 0.000000000000000000e+00 0.000000000000000000e+00 0.000000000000000000e+00
1.625206310000000121e+04 0.000000000000000000e+00 0.000000000000000000e+00 0.000000000000000000e+00
1.629239079999999922e+04 0.000000000000000000e+00 0.000000000000000000e+00 0.000000000000000000e+00
1.633271849999999904e+04 0.000000000000000000e+00 0.000000000000000000e+00 0.000000000000000000e+00
1.637304619999999886e+04 0.000000000000000000e+00 0.000000000000000000e+00 0.000000000000000000e+00
1.641337390000000232e+04 0.000000000000000000e+00 0.000000000000000000e+00 0.000000000000000000e+00
1.645370160000000033e+04 0.000000000000000000e+00 0.000000000000000000e+00 0.000000000000000000e+00
1.649402929999999833e+04 0.000000000000000000e+00 0.000000000000000000e+00 0.000000000000000000e+00
1.653435699999999997e+04 0.000000000000000000e+00 0.000000000000000000e+00 0.000000000000000000e+00
1.657468470000000161e+04 0.000000000000000000e+00 0.000000000000000000e+00 0.000000000000000000e+00
1.661501239999999962e+04 0.000000000000000000e+00 0.000000000000000000e+00 0.000000000000000000e+00
1.665534010000000126e+04 0.000000000000000000e+00 0.000000000000000000e+00 0.000000000000000000e+00
1.669566779999999926e+04 0.000000000000000000e+00 0.000000000000000000e+00 0.000000000000000000e+00
1.673599550000000090e+04 0.000000000000000000e+00 0.000000000000000000e+00 0.000000000000000000e+00
1.677632319999999891e+04 0.000000000000000000e+00 0.000000000000000000e+00 0.000000000000000000e+00
1.681665090000000055e+04 0.000000000000000000e+00 0.000000000000000000e+00 0.000000000000000000e+00
1.685697859999999855e+04 0.000000000000000000e+00 0.000000000000000000e+00 0.000000000000000000e+00
1.689730630000000019e+04 0.000000000000000000e+00 0.000000000000000000e+00 0.000000000000000000e+00
1.693763400000000183e+04 0.000000000000000000e+00 0.000000000000000000e+00 0.000000000000000000e+00
1.697796169999999984e+04 0.000000000000000000e+00 0.000000000000000000e+00 0.000000000000000000e+00
1.701828939999999784e+04 0.000000000000000000e+00 0.000000000000000000e+00 0.000000000000000000e+00
1.705861710000000312e+04 0.000000000000000000e+00 0.000000000000000000e+00 0.000000000000000000e+00
1.709894480000000112e+04 0.000000000000000000e+00 0.000000000000000000e+00 0.000000000000000000e+00
1.713927249999999913e+04 0.000000000000000000e+00 0.000000000000000000e+00 0.000000000000000000e+00
1.717960020000000077e+04 0.000000000000000000e+00 0.000000000000000000e+00 0.000000000000000000e+00
1.721992789999999877e+04 0.000000000000000000e+00 0.000000000000000000e+00 0.000000000000000000e+00
1.726025560000000041e+04 0.000000000000000000e+00 0.000000000000000000e+00 0.000000000000000000e+00
1.730058329999999842e+04 0.000000000000000000e+00 0.000000000000000000e+00 0.000000000000000000e+00
1.734091100000000006e+04 0.000000000000000000e+00 0.000000000000000000e+00 0.000000000000000000e+00
1.738123869999999806e+04 0.000000000000000000e+00 0.000000000000000000e+00 0.000000000000000000e+00
1.742156639999999970e+04 0.000000000000000000e+00 0.000000000000000000e+00 0.000000000000000000e+00
1.746189410000000134e+04 0.000000000000000000e+00 0.000000000000000000e+00 0.000000000000000000e+00
1.750222179999999935e+04 0.000000000000000000e+00 0.000000000000000000e+00 0.000000000000000000e+00
1.754254949999999735e+04 0.000000000000000000e+00 0.000000000000000000e+00 0.000000000000000000e+00
1.758287720000000263e+04 0.000000000000000000e+00 0.000000000000000000e+00 0.000000000000000000e+00
1.762320490000000063e+04 0.000000000000000000e+00 0.000000000000000000e+00 0.000000000000000000e+00
1.766353259999999864e+04 0.000000000000000000e+00 0.000000000000000000e+00 0.000000000000000000e+00
1.770386030000000028e+04 0.000000000000000000e+00 0.000000000000000000e+00 0.000000000000000000e+00
1.774418800000000192e+04 0.000000000000000000e+00 0.000000000000000000e+00 0.000000000000000000e+00
1.778451569999999992e+04 0.000000000000000000e+00 0.000000000000000000e+00 0.000000000000000000e+00
1.782484339999999793e+04 0.000000000000000000e+00 0.000000000000000000e+00 0.000000000000000000e+00
1.786517109999999957e+04 0.000000000000000000e+00 0.000000000000000000e+00 0.000000000000000000e+00
1.790549880000000121e+04 0.000000000000000000e+00 0.000000000000000000e+00 0.000000000000000000e+00
1.794582649999999921e+04 0.000000000000000000e+00 0.000000000000000000e+00 0.000000000000000000e+00
1.798615420000000086e+04 0.000000000000000000e+00 0.000000000000000000e+00 0.000000000000000000e+00
1.802648189999999886e+04 0.000000000000000000e+00 0.000000000000000000e+00 0.000000000000000000e+00
1.806680960000000050e+04 0.000000000000000000e+00 0.000000000000000000e+00 0.000000000000000000e+00
1.810713730000000214e+04 0.000000000000000000e+00 0.000000000000000000e+00 0.000000000000000000e+00
1.814746500000000015e+04 0.000000000000000000e+00 0.000000000000000000e+00 0.000000000000000000e+00
1.818779269999999815e+04 0.000000000000000000e+00 0.000000000000000000e+00 0.000000000000000000e+00
1.822812039999999979e+04 0.000000000000000000e+00 0.000000000000000000e+00 0.000000000000000000e+00
1.826844810000000143e+04 0.000000000000000000e+00 0.000000000000000000e+00 0.000000000000000000e+00
1.830877579999999944e+04 0.000000000000000000e+00 0.000000000000000000e+00 0.000000000000000000e+00
1.834910349999999744e+04 0.000000000000000000e+00 0.000000000000000000e+00 0.000000000000000000e+00
1.838943120000000272e+04 0.000000000000000000e+00 0.000000000000000000e+00 0.000000000000000000e+00
1.842975890000000072e+04 0.000000000000000000e+00 0.000000000000000000e+00 0.000000000000000000e+00
1.847008659999999873e+04 0.000000000000000000e+00 0.000000000000000000e+00 0.000000000000000000e+00
1.851041430000000037e+04 0.000000000000000000e+00 0.000000000000000000e+00 0.000000000000000000e+00
1.855074199999999837e+04 0.000000000000000000e+00 0.000000000000000000e+00 0.000000000000000000e+00
1.859106970000000001e+04 0.000000000000000000e+00 0.000000000000000000e+00 0.000000000000000000e+00
1.863139740000000165e+04 0.000000000000000000e+00 0.000000000000000000e+00 0.000000000000000000e+00
1.867172509999999966e+04 0.000000000000000000e+00 0.000000000000000000e+00 0.000000000000000000e+00
1.871205279999999766e+04 0.000000000000000000e+00 0.000000000000000000e+00 0.000000000000000000e+00
1.875238050000000294e+04 0.000000000000000000e+00 0.000000000000000000e+00 0.000000000000000000e+00
1.879270820000000094e+04 0.000000000000000000e+00 0.000000000000000000e+00 0.000000000000000000e+00
1.883303589999999895e+04 0.000000000000000000e+00 0.000000000000000000e+00 0.000000000000000000e+00
1.887336359999999695e+04 0.000000000000000000e+00 0.000000000000000000e+00 0.000000000000000000e+00
1.891369130000000223e+04 0.000000000000000000e+00 0.000000000000000000e+00 0.000000000000000000e+00
1.895401900000000023e+04 0.000000000000000000e+00 0.000000000000000000e+00 0.000000000000000000e+00
1.899434669999999824e+04 0.000000000000000000e+00 0.000000000000000000e+00 0.000000000000000000e+00
1.903467439999999988e+04 0.000000000000000000e+00 0.000000000000000000e+00 0.000000000000000000e+00
1.907500210000000152e+04 0.000000000000000000e+00 0.000000000000000000e+00 0.000000000000000000e+00
1.911532979999999952e+04 0.000000000000000000e+00 0.000000000000000000e+00 0.000000000000000000e+00
1.915565750000000116e+04 0.000000000000000000e+00 0.000000000000000000e+00 0.000000000000000000e+00
1.919598519999999917e+04 0.000000000000000000e+00 0.000000000000000000e+00 0.000000000000000000e+00
1.923631289999999717e+04 0.000000000000000000e+00 0.000000000000000000e+00 0.000000000000000000e+00
1.927664060000000245e+04 0.000000000000000000e+00 0.000000000000000000e+00 0.000000000000000000e+00
1.931696830000000045e+04 0.000000000000000000e+00 0.000000000000000000e+00 0.000000000000000000e+00
1.935729599999999846e+04 0.000000000000000000e+00 0.000000000000000000e+00 0.000000000000000000e+00
1.939762370000000374e+04 0.000000000000000000e+00 0.000000000000000000e+00 0.000000000000000000e+00
1.943795140000000174e+04 0.000000000000000000e+00 0.000000000000000000e+00 0.000000000000000000e+00
1.947827909999999974e+04 0.000000000000000000e+00 0.000000000000000000e+00 0.000000000000000000e+00
1.951860679999999775e+04 0.000000000000000000e+00 0.000000000000000000e+00 0.000000000000000000e+00
1.955893449999999939e+04 0.000000000000000000e+00 0.000000000000000000e+00 0.000000000000000000e+00
1.959926220000000103e+04 0.000000000000000000e+00 0.000000000000000000e+00 0.000000000000000000e+00
1.963958989999999903e+04 0.000000000000000000e+00 0.000000000000000000e+00 0.000000000000000000e+00
1.967991760000000068e+04 0.000000000000000000e+00 0.000000000000000000e+00 0.000000000000000000e+00
1.972024529999999868e+04 0.000000000000000000e+00 0.000000000000000000e+00 0.000000000000000000e+00
1.976057300000000032e+04 0.000000000000000000e+00 0.000000000000000000e+00 0.000000000000000000e+00
1.980090070000000196e+04 0.000000000000000000e+00 0.000000000000000000e+00 0.000000000000000000e+00
1.984122839999999997e+04 0.000000000000000000e+00 0.000000000000000000e+00 0.000000000000000000e+00
1.988155609999999797e+04 0.000000000000000000e+00 0.000000000000000000e+00 0.000000000000000000e+00
1.992188380000000325e+04 0.000000000000000000e+00 0.000000000000000000e+00 0.000000000000000000e+00
1.996221150000000125e+04 0.000000000000000000e+00 0.000000000000000000e+00 0.000000000000000000e+00
2.000253919999999925e+04 0.000000000000000000e+00 0.000000000000000000e+00 0.000000000000000000e+00
2.004286689999999726e+04 0.000000000000000000e+00 0.000000000000000000e+00 0.000000000000000000e+00
2.008319460000000254e+04 0.000000000000000000e+00 0.000000000000000000e+00 0.000000000000000000e+00
2.012352230000000054e+04 0.000000000000000000e+00 0.000000000000000000e+00 0.000000000000000000e+00
2.016384999999999854e+04 0.000000000000000000e+00 0.000000000000000000e+00 0.000000000000000000e+00
2.020417770000000019e+04 0.000000000000000000e+00 0.000000000000000000e+00 0.000000000000000000e+00
2.024450539999999819e+04 7.158650540318198315e-318 7.158650540318198315e-318 7.158650540318198315e-318
2.028483309999999983e+04 6.324124405643742604e-310 6.324124405643742604e-310 6.324124405643742604e-310
2.032516080000000147e+04 4.351581705458769531e-302 4.351581705458769531e-302 4.351581705458769531e-302
2.036548849999999948e+04 2.332247805111348813e-294 2.332247805111348813e-294 2.332247805111348813e-294
2.040581620000000112e+04 9.736138352718799573e-287 9.736138352718799573e-287 9.736138352718799573e-287
2.044614390000000276e+04 3.165827047058703737e-279 3.165827047058703737e-279 3.165827047058703737e-279
2.048647160000000076e+04 8.018261110484778419e-272 8.018261110484778419e-272 8.018261110484778419e-272
2.052679929999999877e+04 1.581867774215762134e-264 1.581867774215762134e-264 1.581867774215762134e-264
2.056712699999999677e+04 2.430870482868106631e-257 2.430870482868106631e-257 2.430870482868106631e-257
2.060745470000000205e+04 2.909779534989641558e-250 2.909779534989641558e-250 2.909779534989641558e-250
2.064778240000000005e+04 2.713127699184138181e-243 2.713127699184138181e-243 2.713127699184138181e-243
2.068811009999999806e+04 1.970597110662215143e-236 1.970597110662215143e-236 1.970597110662215143e-236
2.072843780000000334e+04 1.114933071006937164e-229 1.114933071006937164e-229 1.114933071006937164e-229
2.076876550000000134e+04 4.913934141226325883e-223 4.913934141226325883e-223 4.913934141226325883e-223
2.080909319999999934e+04 1.687120178501408335e-216 1.687120178501408335e-216 1.687120178501408335e-216
2.084942090000000098e+04 4.512381380088983841e-210 4.512381380088983841e-210 4.512381380088983841e-210
2.088974859999999899e+04 9.401907532227966623e-204 9.401907532227966623e-204 9.401907532227966623e-204
2.093007629999999699e+04 1.526104388387821897e-197 1.526104388387821897e-197 1.526104388387821897e-197
2.097040400000000227e+04 1.929828329055204966e-191 1.929828329055204966e-191 1.929828329055204966e-191
2.101073170000000027e+04 1.901199829202578306e-185 1.901199829202578306e-185 1.901199829202578306e-185
2.105105939999999828e+04 1.459218740741957033e-179 1.459218740741957033e-179 1.459218740741957033e-179
2.109138709999999992e+04 8.725812480682981957e-174 8.725812480682981957e-174 8.725812480682981957e-174
2.113171480000000156e+04 4.065312311091842228e-168 4.065312311091842228e-168 4.065312311091842228e-168
2.117204249999999956e+04 1.475688356606144692e-162 1.475688356606144692e-162 1.475688356606144692e-162
2.121237019999999757e+04 4.173675012810882022e-157 4.108953288652776206e-157 4.238396736968987838e-157
2.125269789999999921e+04 9.197648466238517122e-152 9.055991745482784885e-152 9.339305186994249360e-152
2.129302560000000085e+04 1.579357833205589211e-146 1.555207513332974280e-146 1.603508153078204141e-146
2.133335329999999885e+04 2.113204698449014000e-141 2.081133345288740494e-141 2.145276051609287506e-141
2.137368100000000049e+04 2.203291741234179960e-136 2.170115145233412700e-136 2.236468337234947220e-136
2.141400870000000214e+04 1.790128957380179221e-131 1.763394001402612850e-131 1.816863913357745591e-131
2.145433640000000014e+04 1.133421083100219392e-126 1.116637878618047574e-126 1.150204287582391210e-126
2.149466410000000178e+04 5.592499974704710986e-122 5.510420495585256734e-122 5.674579453824165237e-122
2.153499179999999978e+04 2.150511465534459235e-117 2.119237915004109150e-117 2.181785016064809320e-117
2.157531949999999779e+04 6.444840106385244584e-113 6.352002581795925851e-113 6.537677630974563317e-113
2.161564719999999943e+04 1.505327016933208723e-108 1.483853804378119214e-108 1.526800229488298233e-108
2.165597490000000107e+04 2.740385823402447086e-104 2.701684695409982935e-104 2.779086951394911237e-104
2.169630259999999907e+04 3.888379009262092125e-100 3.834024918754611955e-100 3.942733099769572295e-100
2.173663030000000072e+04 4.300464355843248618e-96 4.240972877985802262e-96 4.359955833700694973e-96
2.177695800000000236e+04 3.707368704207911572e-92 3.656619848729449547e-92 3.758117559686373597e-92
2.181728570000000036e+04 2.491342829815196360e-88 2.457599728274276007e-88 2.525085931356116714e-88
2.185761339999999836e+04 1.305064219641362960e-84 1.287574916332756229e-84 1.322553522949969690e-84
2.189794110000000001e+04 5.329347175888702177e-81 5.258677444524616659e-81 5.400016907252787695e-81
2.193826879999999801e+04 1.696572981651678907e-77 1.674308356260250286e-77 1.718837607043107528e-77
2.197859649999999965e+04 4.210557998398551472e-74 4.155860359627741466e-74 4.265255637169361478e-74
2.201892420000000129e+04 8.146797571799860119e-71 8.042001418986507283e-71 8.251593724613212955e-71
2.205925189999999930e+04 1.228924726537603282e-67 1.213264447807908206e-67 1.244585005267298357e-67
2.209957960000000094e+04 1.445322932648027802e-64 1.427067779484481247e-64 1.463578085811574358e-64
2.213990730000000258e+04 1.325302720123692567e-61 1.308700834260057758e-61 1.341904605987327375e-61
2.218023500000000058e+04 9.475110527991042392e-59 9.357304391795665425e-59 9.592916664186419359e-59
2.222056269999999859e+04 5.281775113630168626e-56 5.216542202217068684e-56 5.347008025043268568e-56
2.226089039999999659e+04 2.295664001830373378e-53 2.267473704112975322e-53 2.323854299547771433e-53
2.230121810000000187e+04 7.779914023215278764e-51 7.684830158624081627e-51 7.874997887806475902e-51
2.234154579999999987e+04 2.055812124776386580e-48 2.030778617595053939e-48 2.080845631957719221e-48
2.238187349999999788e+04 4.235816109142006267e-46 4.184367950574143692e-46 4.287264267709868842e-46
2.242220120000000315e+04 6.805146684821419528e-44 6.722606016018452554e-44 6.887687353624386501e-44
2.246252890000000116e+04 8.524816294959365594e-42 8.421439402379694485e-42 8.628193187539036703e-42
2.250285659999999916e+04 8.326814523002740079e-40 8.225741805308586294e-40 8.427887240696893864e-40
2.254318430000000080e+04 6.341865344092111522e-38 6.264723959759763165e-38 6.419006728424459879e-38
2.258351199999999881e+04 3.766137093690021970e-36 3.720178915667410356e-36 3.812095271712633584e-36
2.262383970000000045e+04 1.743860526996122576e-34 1.722489246356472885e-34 1.765231807635772267e-34
2.266416740000000209e+04 6.295906461606269264e-33 6.218343609303108809e-33 6.373469313909429720e-33
2.270449510000000009e+04 1.772266271181108338e-31 1.750298326085064560e-31 1.794234216277152115e-31
2.274482280000000173e+04 3.889700084013113115e-30 3.841150035221481499e-30 3.938250132804744731e-30
2.278515049999999974e+04 6.655964328778444586e-29 6.572249354600552143e-29 6.739679302956337029e-29
2.282547820000000138e+04 8.879816192209980338e-28 8.767206341349194470e-28 8.992426043070766206e-28
2.286580589999999938e+04 9.236015894525332186e-27 9.117860115842750073e-27 9.354171673207914298e-27
2.290613359999999739e+04 7.489312099766907856e-26 7.392621414360875135e-26 7.586002785172940577e-26
2.294646129999999903e+04 4.734389292012360662e-25 4.672685449445709903e-25 4.796093134579011422e-25
2.298678900000000067e+04 2.333127352204348157e-24 2.302423963971850990e-24 2.363830740436845323e-24
2.302711669999999867e+04 8.962982900801250451e-24 8.843870239992357494e-24 9.082095561610143408e-24
2.306744440000000031e+04 2.684065788308265075e-23 2.648042705638044786e-23 2.720088870978485364e-23
2.310777210000000196e+04 6.265370253244433906e-23 6.180449858417714199e-23 6.350290648071153614e-23
2.314809979999999996e+04 1.139986320050195343e-22 1.124383202879923848e-22 1.155589437220466838e-22
2.318842750000000160e+04 1.616732018154827627e-22 1.594388978204030074e-22 1.639075058105625181e-22
2.322875519999999960e+04 1.787096751429956919e-22 1.762163944693988182e-22 1.812029558165925656e-22
2.326908289999999761e+04 1.539628185019304776e-22 1.517947765601594992e-22 1.561308604437014561e-22
2.330941059999999925e+04 1.033778768201429661e-22 1.019089359268525162e-22 1.048468177134334160e-22
2.334973830000000089e+04 5.409656252439533946e-23 5.332110788283698732e-23 5.487201716595369160e-23
2.339006599999999889e+04 2.206117503772263755e-23 2.174224032196586586e-23 2.238010975347940925e-23
2.343039370000000054e+04 7.011252804952936100e-24 6.909059942411120865e-24 7.113445667494751336e-24
2.347072140000000218e+04 1.737301650892644514e-24 1.711793128219817867e-24 1.762810173565471160e-24
2.351104910000000018e+04 3.440042786796627875e-25 3.390476901019826612e-25 3.489608672573429139e-25
2.355137679999999818e+04 1.172138067786652191e-25 1.158939789078136526e-25 1.185336346495167856e-25
2.359170449999999983e+04 3.970002054915913021e-25 3.904918170191572895e-25 4.035085939640253147e-25
2.363203220000000147e+04 1.788026130953284066e-24 1.758432395860545698e-24 1.817619866046022433e-24
2.367235989999999947e+04 6.394671956748170529e-24 6.289903207072892238e-24 6.499440706423448820e-24
2.371268760000000111e+04 1.798377105164697403e-23 1.769475478080427688e-23 1.827278732248967118e-23
2.375301530000000275e+04 4.006667384867072116e-23 3.944455902569131784e-23 4.068878867165012447e-23
2.379334300000000076e+04 7.163809678056016933e-23 7.058814514388595168e-23 7.268804841723438698e-23
2.383367069999999876e+04 1.048360102864526038e-22 1.034239341148899530e-22 1.062480864580152664e-22
2.387399840000000040e+04 1.288290318639780627e-22 1.272437941070314286e-22 1.304142696209246968e-22
2.391432609999999841e+04 1.368067322734551405e-22 1.351921299608155880e-22 1.384213345860946929e-22
2.395465379999999641e+04 1.307739390161761410e-22 1.292217462801433664e-22 1.323261317522089157e-22
2.399498150000000169e+04 1.252931915413000528e-22 1.239022688581045628e-22 1.266841142244955429e-22
2.403530919999999969e+04 1.479776266293693982e-22 1.462638542141648528e-22 1.496913990445739435e-22
2.407563689999999769e+04 2.239308816522955936e-22 2.206141532997032137e-22 2.272476100048879736e-22
2.411596460000000297e+04 3.443786717412398008e-22 3.387357588762907176e-22 3.500215846061888840e-22
2.415629230000000098e+04 4.546629186685557908e-22 4.471534813268031643e-22 4.621723560103084172e-22
2.419661999999999898e+04 4.958638254548243340e-22 4.880786897823797822e-22 5.036489611272688859e-22
2.423694770000000062e+04 4.682305155937435219e-22 4.618741932987568392e-22 4.745868378887302045e-22
2.427727539999999863e+04 4.405382825804588620e-22 4.360251004471773126e-22 4.450514647137404115e-22
2.431760310000000027e+04 4.909701456794916620e-22 4.864770570176205446e-22 4.954632343413627795e-22
2.435793079999999827e+04 6.431283955711236461e-22 6.365669470123391052e-22 6.496898441299081870e-22
2.439825849999999991e+04 8.483542902569972593e-22 8.394855360591654765e-22 8.572230444548290422e-22
2.443858620000000155e+04 1.017461362228780907e-21 1.007246017639832633e-21 1.027676706817729182e-21
2.447891389999999956e+04 1.082261352033114256e-21 1.072087363106326888e-21 1.092435340959901624e-21
2.451924160000000120e+04 1.043249604333758466e-21 1.034224308282525997e-21 1.052274900384990935e-21
2.455956929999999920e+04 9.542845620424298617e-22 9.464593514821560254e-22 9.621097726027036980e-22
2.459989699999999721e+04 8.608984869551320747e-22 8.535462959019434165e-22 8.682506780083207329e-22
2.464022469999999885e+04 7.733347519104308386e-22 7.665680227196112743e-22 7.801014811012504029e-22
2.468055240000000049e+04 6.975797402326050651e-22 6.920429432985464876e-22 7.031165371666636426e-22
2.472088009999999849e+04 6.526134665473938925e-22 6.479982920528051359e-22 6.572286410419826491e-22
2.476120780000000377e+04 6.405283793039228444e-22 6.357364129626335462e-22 6.453203456452121426e-22
2.480153550000000178e+04 6.306923007800754318e-22 6.255200699694804752e-22 6.358645315906703884e-22
2.484186319999999978e+04 5.978831655601407103e-22 5.930430878240743922e-22 6.027232432962070283e-22
2.488219089999999778e+04 5.660352855253475870e-22 5.620756054619025764e-22 5.699949655887925976e-22
2.492251859999999942e+04 5.972564075941749673e-22 5.934330937652995115e-22 6.010797214230504232e-22
2.496284629999999743e+04 7.353824914541775881e-22 7.300103421656079739e-22 7.407546407427472023e-22
2.500317399999999907e+04 9.647167949798724896e-22 9.570140616029703185e-22 9.724195283567746608e-22
2.504350170000000071e+04 1.221462098557378233e-21 1.211811916610060257e-21 1.231112280504696209e-21
2.508382940000000235e+04 1.435106619203844736e-21 1.424568292150769241e-21 1.445644946256920232e-21
2.512415710000000036e+04 1.551040596128955941e-21 1.540487341238581146e-21 1.561593851019330735e-21
2.516448480000000200e+04 1.528571928731085844e-21 1.518514931890571585e-21 1.538628925571600103e-21
2.520481250000000000e+04 1.356425975364412161e-21 1.347573328965337172e-21 1.365278621763487150e-21
2.524514019999999800e+04 1.086720800571114096e-21 1.079767549500498454e-21 1.093674051641729737e-21
2.528546789999999964e+04 8.297157601096517907e-22 8.246478905370763021e-22 8.347836296822272793e-22
2.532579560000000129e+04 6.986375127699494674e-22 6.946264454011930453e-22 7.026485801387058895e-22
2.536612329999999929e+04 7.541513587858021136e-22 7.496787035706109515e-22 7.586240140009932757e-22
2.540645100000000457e+04 9.682455770709141419e-22 9.617509218980414159e-22 9.747402322437868680e-22
2.544677870000000257e+04 1.218280393319048236e-21 1.209549006937215865e-21 1.227011779700880606e-21
2.548710640000000058e+04 1.360085801767022531e-21 1.350404983706250442e-21 1.369766619827794620e-21
2.552743409999999858e+04 1.355349415008055470e-21 1.346372557940037073e-21 1.364326272076073867e-21
2.556776180000000022e+04 1.305292944185005748e-21 1.297360603442395952e-21 1.313225284927615544e-21
2.560808949999999822e+04 1.331218928846287865e-21 1.323284119166219141e-21 1.339153738526356590e-21
2.564841719999999623e+04 1.456154301518458747e-21 1.447761809671679030e-21 1.464546793365238463e-21
2.568874490000000151e+04 1.628581974318783557e-21 1.619886345526649095e-21 1.637277603110918019e-21
2.572907259999999951e+04 1.818551484361163770e-21 1.809256674325028956e-21 1.827846294397298584e-21
2.576940030000000115e+04 2.046609189063763257e-21 2.036348390778722897e-21 2.056869987348803618e-21
2.580972800000000279e+04 2.326975457051488769e-21 2.315768640096580599e-21 2.338182274006396938e-21
2.585005570000000080e+04 2.604840679213006798e-21 2.592652586780983974e-21 2.617028771645029623e-21
2.589038339999999880e+04 2.763890192214480645e-21 2.750970830529705575e-21 2.776809553899255714e-21
2.593071110000000044e+04 2.716514884530279433e-21 2.703945806340417933e-21 2.729083962720140934e-21
2.597103879999999845e+04 2.496227007868726312e-21 2.485061010120787945e-21 2.507393005616664679e-21
2.601136650000000009e+04 2.249320477735729719e-21 2.239403370452040283e-21 2.259237585019419155e-21
2.605169419999999809e+04 2.137229744916604731e-21 2.127398073600631985e-21 2.147061416232577478e-21
2.609202190000000337e+04 2.254517015577062691e-21 2.243728981294201532e-21 2.265305049859923850e-21
2.613234960000000137e+04 2.604125322344211310e-21 2.591961955663388597e-21 2.616288689025034024e-21
2.617267729999999938e+04 3.086520175627254467e-21 3.072803679788273356e-21 3.100236671466235577e-21
2.621300500000000102e+04 3.500396859280098102e-21 3.485359730835680921e-21 3.515433987724515284e-21
2.625333269999999902e+04 3.627202800539106873e-21 3.612150019522857788e-21 3.642255581555355957e-21
2.629366039999999703e+04 3.399468291389230317e-21 3.386020793842284019e-21 3.412915788936176615e-21
2.633398810000000231e+04 2.989379088494583206e-21 2.977954265225996409e-21 3.000803911763170003e-21
2.637431580000000031e+04 2.681789802510300437e-21 2.671323283137915293e-21 2.692256321882685580e-21
2.641464350000000195e+04 2.647417310175052498e-21 2.636567736675127079e-21 2.658266883674977917e-21
2.645497120000000359e+04 2.857998765213143065e-21 2.846166457465506337e-21 2.869831072960779793e-21
2.649529890000000159e+04 3.196620210423778772e-21 3.183840374032839756e-21 3.209400046814717787e-21
2.653562659999999960e+04 3.581818680039592203e-21 3.567811870197555410e-21 3.595825489881628995e-21
2.657595429999999760e+04 3.969404083946098147e-21 3.953332510938252968e-21 3.985475656953943327e-21
2.661628199999999924e+04 4.321296472588454479e-21 4.302829121649661106e-21 4.339763823527247852e-21
2.665660969999999725e+04 4.651450131520971284e-21 4.630577137543630733e-21 4.672323125498311834e-21
2.669693739999999889e+04 5.050434859277394706e-21 5.025964391522932657e-21 5.074905327031856755e-21
2.673726510000000053e+04 5.574042237349140222e-21 5.545121989606173419e-21 5.602962485092107024e-21
2.677759280000000217e+04 6.132237987502823447e-21 6.100854772111729599e-21 6.163621202893917295e-21
2.681792050000000017e+04 6.551792689625433236e-21 6.520733660539666596e-21 6.582851718711199877e-21
2.685824820000000182e+04 6.724760940115622073e-21 6.695053847861796625e-21 6.754468032369447522e-21
2.689857589999999982e+04 6.674752664504290467e-21 6.646822835424747620e-21 6.702682493583833314e-21
2.693890359999999782e+04 6.526283653015768277e-21 6.500664232519561446e-21 6.551903073511975107e-21
2.697923129999999946e+04 6.427582813430913502e-21 6.403909743925080056e-21 6.451255882936746948e-21
2.701955900000000111e+04 6.462445901758972985e-21 6.439696048145885880e-21 6.485195755372060090e-21
2.705988669999999911e+04 6.594956444680139321e-21 6.572064500347408238e-21 6.617848389012870403e-21
2.710021440000000075e+04 6.690410321201469085e-21 6.666925009006487812e-21 6.713895633396450357e-21
2.714054210000000239e+04 6.628041697396849414e-21 6.604332921656429798e-21 6.651750473137269029e-21
2.718086980000000040e+04 6.434217458009115725e-21 6.410938033291433181e-21 6.457496882726798270e-21
2.722119749999999840e+04 6.290657256952910677e-21 6.268058628226664975e-21 6.313255885679156378e-21
2.726152520000000004e+04 6.371120817401983880e-21 6.348557288674762386e-21 6.393684346129205374e-21
2.730185289999999804e+04 6.664411516223957213e-21 6.641258433345869938e-21 6.687564599102044488e-21
2.734218059999999969e+04 6.974593332334572886e-21 6.951088294152819482e-21 6.998098370516326290e-21
2.738250830000000133e+04 7.084404045779772201e-21 7.061155151959818030e-21 7.107652939599726372e-21
2.742283600000000297e+04 6.917755895464420754e-21 6.895667740575195255e-21 6.939844050353646253e-21
2.746316370000000097e+04 6.599063038648070811e-21 6.578951477507350090e-21 6.619174599788791532e-21
2.750349140000000261e+04 6.386573827404479116e-21 6.367729989569699558e-21 6.405417665239258674e-21
2.754381910000000062e+04 6.504710008869560309e-21 6.485097179079944285e-21 6.524322838659176332e-21
2.758414679999999862e+04 7.008930561044105267e-21 6.987358262019594005e-21 7.030502860068616529e-21
2.762447449999999662e+04 7.808123820136040451e-21 7.784572937187346207e-21 7.831674703084734695e-21
2.766480219999999827e+04 8.760630217900756962e-21 8.735060914982305979e-21 8.786199520819207945e-21
2.770512989999999991e+04 9.699382767132750999e-21 9.671404262040870785e-21 9.727361272224631212e-21
2.774545759999999791e+04 1.044553129822320864e-20 1.041538519857710402e-20 1.047567739786931326e-20
2.778578530000000319e+04 1.090793268482988616e-20 1.087701703511861761e-20 1.093884833454115470e-20
2.782611300000000119e+04 1.113869735514371682e-20 1.110816813261658886e-20 1.116922657767084478e-20
2.786644069999999920e+04 1.121994862788138481e-20 1.118978330973494240e-20 1.125011394602782722e-20
2.790676840000000084e+04 1.113517790036271251e-20 1.110525295766694613e-20 1.116510284305847888e-20
2.794709609999999884e+04 1.079989880288592628e-20 1.077046701545728991e-20 1.082933059031456265e-20
2.798742379999999685e+04 1.020409728618857751e-20 1.017614191969373071e-20 1.023205265268342431e-20
2.802775150000000212e+04 9.543210054152671491e-21 9.518309635888309502e-21 9.568110472417033480e-21
2.806807920000000013e+04 9.209865421258736311e-21 9.187515778169358398e-21 9.232215064348114225e-21
2.810840690000000177e+04 9.543926370359335309e-21 9.519683273259299278e-21 9.568169467459371340e-21
2.814873460000000341e+04 1.049753574292669451e-20 1.046712359765522133e-20 1.052794788819816768e-20
2.818906230000000141e+04 1.159495079831332703e-20 1.155889508779981253e-20 1.163100650882684153e-20
2.822938999999999942e+04 1.230940926580132649e-20 1.227227180005226347e-20 1.234654673155038951e-20
2.826971769999999742e+04 1.248504782682269326e-20 1.245120434195519940e-20 1.251889131169018713e-20
2.831004539999999906e+04 1.238862745009112276e-20 1.235859208302559028e-20 1.241866281715665523e-20
2.835037310000000070e+04 1.243336335662083445e-20 1.240472037721215319e-20 1.246200633602951570e-20
2.839070079999999871e+04 1.287944815429180207e-20 1.284977562691594616e-20 1.290912068166765798e-20
2.843102850000000399e+04 1.367846228860330754e-20 1.364648793853425199e-20 1.371043663867236309e-20
2.847135620000000199e+04 1.452793614748922612e-20 1.449396802388452738e-20 1.456190427109392486e-20
2.851168389999999999e+04 1.513664878278059748e-20 1.510163251095357869e-20 1.517166505460761627e-20
2.855201160000000164e+04 1.548228427980718938e-20 1.544687255388320387e-20 1.551769600573117488e-20
2.859233929999999964e+04 1.579271166677370945e-20 1.575702849745388504e-20 1.582839483609353386e-20
2.863266699999999764e+04 1.626936891072892736e-20 1.623233291336951434e-20 1.630640490808834037e-20
2.867299469999999928e+04 1.683614443333804371e-20 1.679604152094499365e-20 1.687624734573109377e-20
2.871332240000000093e+04 1.719698066418306282e-20 1.715467900832739244e-20 1.723928232003873321e-20
2.875365009999999893e+04 1.720025908084091746e-20 1.715917184712026295e-20 1.724134631456157197e-20
2.879397780000000057e+04 1.708546308605467253e-20 1.704657219435382032e-20 1.712435397775552474e-20
2.883430550000000221e+04 1.724071568575878858e-20 1.720075753774208794e-20 1.728067383377548922e-20
2.887463320000000022e+04 1.778038241698220599e-20 1.773781579527281836e-20 1.782294903869159361e-20
2.891496089999999822e+04 1.850682381901212984e-20 1.846394366184667781e-20 1.854970397617758187e-20
2.895528859999999986e+04 1.919550226322588819e-20 1.915351701044542060e-20 1.923748751600635577e-20
2.899561629999999786e+04 1.974234176049693460e-20 1.969942388222652917e-20 1.978525963876734003e-20
2.903594399999999951e+04 2.009798224145571861e-20 2.005294035618093404e-20 2.014302412673050317e-20
2.907627170000000115e+04 2.023655939217854294e-20 2.019068848496521180e-20 2.028243029939187409e-20
2.911659940000000279e+04 2.020243751910518716e-20 2.015781037228751316e-20 2.024706466592286116e-20
2.915692710000000079e+04 2.008902820103109767e-20 2.004670550757618872e-20 2.013135089448600662e-20
2.919725480000000243e+04 1.996020749279599119e-20 1.992016150837879475e-20 2.000025347721318763e-20
2.923758250000000044e+04 1.987295996669343266e-20 1.983526861053639697e-20 1.991065132285046836e-20
2.927791019999999844e+04 1.997315703232820041e-20 1.993816484156395001e-20 2.000814922309245081e-20
2.931823789999999644e+04 2.041569392938425268e-20 2.038209059555410099e-20 2.044929726321440438e-20
2.935856560000000172e+04 2.110699933946044613e-20 2.107194185317693250e-20 2.114205682574395976e-20
2.939889329999999973e+04 2.166774115204200619e-20 2.162996531361135897e-20 2.170551699047265340e-20
2.943922100000000137e+04 2.178153664070907727e-20 2.174189755233634807e-20 2.182117572908180647e-20
2.947954870000000301e+04 2.150641444429596890e-20 2.146633254411964055e-20 2.154649634447229726e-20
2.951987640000000101e+04 2.116684881501919043e-20 2.112709342238638980e-20 2.120660420765199107e-20
2.956020409999999902e+04 2.102979281275904652e-20 2.099034927204925569e-20 2.106923635346883734e-20
2.960053180000000066e+04 2.116196650517414703e-20 2.112266719471365576e-20 2.120126581563463831e-20
2.964085949999999866e+04 2.149319807922402031e-20 2.145350874242740310e-20 2.153288741602063751e-20
2.968118719999999666e+04 2.187126787841118760e-20 2.183027572909343823e-20 2.191226002772893697e-20
2.972151490000000194e+04 2.209676482576110545e-20 2.205454958959807189e-20 2.213898006192413901e-20
2.976184259999999995e+04 2.203801354363670422e-20 2.199524085864268178e-20 2.208078622863072667e-20
2.980217030000000159e+04 2.170332526782605079e-20 2.166033724369485423e-20 2.174631329195724735e-20
2.984249799999999959e+04 2.114421280316737216e-20 2.110225050661070122e-20 2.118617509972404311e-20
2.988282570000000123e+04 2.035691207769685033e-20 2.031791869647216023e-20 2.039590545892154044e-20
2.992315339999999924e+04 1.935769866732573523e-20 1.932251294221257271e-20 1.939288439243889775e-20
2.996348109999999724e+04 1.834267367878765168e-20 1.831091394362020264e-20 1.837443341395510073e-20
3.000380879999999888e+04 1.771023082604197688e-20 1.768061304806371173e-20 1.773984860402024203e-20
3.004413650000000052e+04 1.780237470509586545e-20 1.777203573862839313e-20 1.783271367156333777e-20
3.008446419999999853e+04 1.852731703070631068e-20 1.849387104239794097e-20 1.856076301901468039e-20
3.012479190000000381e+04 1.929919125163727119e-20 1.926329256475867701e-20 1.933508993851586537e-20
3.016511960000000181e+04 1.944845247772237971e-20 1.941238493377631498e-20 1.948452002166844444e-20
3.020544729999999981e+04 1.871664171174628536e-20 1.868240788724353756e-20 1.875087553624903315e-20
3.024577500000000146e+04 1.742131845867625938e-20 1.739001201711891686e-20 1.745262490023360191e-20
3.028610269999999946e+04 1.623996296653296058e-20 1.621100441141556406e-20 1.626892152165035710e-20
3.032643039999999746e+04 1.578088903028572289e-20 1.575143590624590173e-20 1.581034215432554404e-20
3.036675809999999910e+04 1.618255483863620540e-20 1.614921129073687898e-20 1.621589838653553182e-20
3.040708580000000075e+04 1.701869070207825072e-20 1.698101531208933013e-20 1.705636609206717131e-20
3.044741350000000239e+04 1.762322243039874057e-20 1.758419933655221791e-20 1.766224552424526323e-20
3.048774120000000039e+04 1.756783122173726594e-20 1.753084921262863877e-20 1.760481323084589311e-20
3.052806890000000203e+04 1.687325070298799244e-20 1.683980434537434962e-20 1.690669706060163525e-20
3.056839660000000003e+04 1.589012935924234521e-20 1.586004774061153052e-20 1.592021097787315990e-20
3.060872429999999804e+04 1.509284004692183923e-20 1.506464811051353051e-20 1.512103198333014795e-20
3.064905199999999968e+04 1.488012038935779811e-20 1.485147165628540660e-20 1.490876912243018962e-20
3.068937969999999768e+04 1.536842721230465022e-20 1.533771458579665588e-20 1.539913983881264456e-20
3.072970739999999932e+04 1.632553936025746209e-20 1.629285819895644388e-20 1.635822052155848031e-20
3.077003510000000097e+04 1.732529095395531760e-20 1.729166239490756416e-20 1.735891951300307103e-20
3.081036280000000261e+04 1.793096667075059282e-20 1.789679564867401775e-20 1.796513769282716790e-20
3.085069050000000061e+04 1.781308504665274884e-20 1.777874308759235119e-20 1.784742700571314649e-20
3.089101820000000225e+04 1.694932451576596997e-20 1.691665126153307049e-20 1.698199776999886945e-20
3.093134590000000026e+04 1.580509677557416226e-20 1.577563303254331115e-20 1.583456051860501336e-20
3.097167359999999826e+04 1.513650136234802956e-20 1.510904928348962692e-20 1.516395344120643220e-20
3.101200129999999626e+04 1.547583625620177408e-20 1.544753755964932906e-20 1.550413495275421910e-20
3.105232900000000154e+04 1.678931347526369948e-20 1.675810148496243201e-20 1.682052546556496696e-20
3.109265669999999955e+04 1.853952643928026164e-20 1.850469023376986498e-20 1.857436264479065830e-20
3.113298440000000119e+04 1.999001567740097694e-20 1.995207865897731470e-20 2.002795269582463919e-20
3.117331210000000283e+04 2.056372701071928015e-20 2.052446900556975291e-20 2.060298501586880739e-20
3.121363980000000083e+04 2.011135193117035776e-20 2.007315666503775127e-20 2.014954719730296425e-20
3.125396749999999884e+04 1.891612990757582816e-20 1.888058376162295778e-20 1.895167605352869855e-20
3.129429520000000048e+04 1.742480751902118944e-20 1.739188991285903932e-20 1.745772512518333956e-20
3.133462289999999848e+04 1.598462313828103175e-20 1.595361699388239923e-20 1.601562928267966427e-20
3.137495060000000012e+04 1.482780661845751091e-20 1.479822527730052668e-20 1.485738795961449515e-20
3.141527830000000176e+04 1.415826575238336932e-20 1.412948828439867486e-20 1.418704322036806378e-20
3.145560600000000341e+04 1.408229964147707819e-20 1.405374800831134324e-20 1.411085127464281314e-20
3.149593370000000141e+04 1.446458827449645993e-20 1.443608498684964256e-20 1.449309156214327730e-20
3.153626139999999941e+04 1.496730433434896867e-20 1.493830859507518608e-20 1.499630007362275126e-20
3.157658910000000105e+04 1.528820149959216287e-20 1.525780994564823530e-20 1.531859305353609044e-20
3.161691679999999906e+04 1.536413710809204324e-20 1.533212937016768466e-20 1.539614484601640182e-20
3.165724449999999706e+04 1.533724226148680167e-20 1.530392339956492686e-20 1.537056112340867648e-20
3.169757219999999870e+04 1.532819096192737922e-20 1.529430640671653935e-20 1.536207551713821908e-20
3.173789990000000034e+04 1.527158549660606429e-20 1.523830665515195023e-20 1.530486433806017834e-20
3.177822759999999835e+04 1.500155899759453548e-20 1.496990608007530800e-20 1.503321191511376297e-20
3.181855530000000363e+04 1.450014726803640353e-20 1.447090693504025654e-20 1.452938760103255051e-20
3.185888300000000163e+04 1.401426138768378241e-20 1.398711587716004035e-20 1.404140689820752447e-20
3.189921069999999963e+04 1.385848261506167948e-20 1.383146223845765281e-20 1.388550299166570615e-20
3.193953840000000127e+04 1.410266103211340317e-20 1.407420337155885313e-20 1.413111869266795320e-20
3.197986609999999928e+04 1.449068929958124149e-20 1.446096751510469132e-20 1.452041108405779165e-20
3.202019379999999728e+04 1.464614348037330759e-20 1.461575330072880329e-20 1.467653366001781190e-20
3.206052149999999892e+04 1.436666246714138953e-20 1.433587531549801275e-20 1.439744961878476631e-20
3.210084920000000056e+04 1.379796725905882270e-20 1.376738879737154047e-20 1.382854572074610493e-20
3.214117690000000221e+04 1.330281392168587165e-20 1.327220372426401735e-20 1.333342411910772596e-20
3.218150460000000021e+04 1.306604671239888424e-20 1.303369775415740303e-20 1.309839567064036545e-20
3.222183230000000185e+04 1.288597747230819627e-20 1.285208194664444822e-20 1.291987299797194431e-20
3.226215999999999985e+04 1.244595749746591096e-20 1.241348960551444523e-20 1.247842538941737670e-20
3.230248769999999786e+04 1.167405359965325289e-20 1.164540039370718970e-20 1.170270680559931607e-20
3.234281539999999950e+04 1.073276342416165229e-20 1.070750272845463592e-20 1.075802411986866866e-20
3.238314310000000478e+04 9.812734593891195363e-21 9.789508331816762197e-21 9.835960855965628529e-21
3.242347079999999551e+04 9.090070027129389304e-21 9.068426684653526239e-21 9.111713369605252368e-21
3.246379850000000442e+04 8.775762220205576498e-21 8.754678662304756646e-21 8.796845778106396350e-21
3.250412620000000243e+04 9.021676104819257305e-21 8.998362962325675424e-21 9.044989247312839186e-21
3.254445390000000043e+04 9.762645596906741728e-21 9.734534718406326662e-21 9.790756475407156795e-21
3.258478159999999843e+04 1.074562224317844174e-20 1.071255157719853939e-20 1.077869290915834409e-20
3.262510930000000008e+04 1.172001724878511337e-20 1.168349624125294498e-20 1.175653825631728176e-20
3.266543699999999808e+04 1.250036251078470029e-20 1.246206139992409067e-20 1.253866362164530991e-20
3.270576469999999608e+04 1.285129546573182895e-20 1.281361047598834822e-20 1.288898045547530968e-20
3.274609240000000500e+04 1.250023194699390719e-20 1.246624320722878533e-20 1.253422068675902905e-20
3.278642009999999573e+04 1.137978301325183396e-20 1.135101249783795452e-20 1.140855352866571340e-20
3.282674780000000464e+04 9.778299932555286855e-21 9.754200914862527308e-21 9.802398950248046402e-21
3.286707549999999901e+04 8.181173906873549365e-21 8.160653501311533492e-21 8.201694312435565239e-21
3.290740320000000065e+04 6.989478806873566593e-21 6.971506302478591752e-21 7.007451311268541434e-21
3.294773090000000229e+04 6.365493033568210004e-21 6.348603079783167426e-21 6.382382987353252582e-21
3.298805859999999666e+04 6.241169480859633120e-21 6.223820715390511566e-21 6.258518246328754675e-21
3.302838630000000558e+04 6.416082588904892072e-21 6.397898453886201028e-21 6.434266723923583116e-21
3.306871399999999994e+04 6.674501005050236861e-21 6.655590105871395435e-21 6.693411904229078287e-21
3.310904170000000158e+04 6.868679317916994802e-21 6.848665685768766550e-21 6.888692950065223054e-21
3.314936939999999595e+04 6.965343001951418964e-21 6.944136266335605745e-21 6.986549737567232184e-21
3.318969710000000487e+04 7.048188338372112828e-21 7.026302460780471051e-21 7.070074215963754604e-21
3.323002479999999923e+04 7.222933400083045140e-21 7.200488817466935787e-21 7.245377982699154494e-21
3.327035250000000087e+04 7.482816990009455955e-21 7.459525465060269106e-21 7.506108514958642804e-21
3.331068020000000251e+04 7.719847944542587528e-21 7.696513512357774543e-21 7.743182376727400513e-21
3.335100789999999688e+04 7.877286548641191350e-21 7.855177498862455494e-21 7.899395598419927206e-21
3.339133560000000580e+04 7.994120587854114418e-21 7.972573573004177101e-21 8.015667602704051735e-21
3.343166329999999289e+04 8.069222220181179225e-21 8.046043367337398613e-21 8.092401073024959836e-21
3.347199100000000180e+04 7.978500681855655751e-21 7.952849046498377841e-21 8.004152317212933660e-21
3.351231870000000345e+04 7.581722141112805819e-21 7.555082074734742672e-21 7.608362207490868966e-21
3.355264639999999781e+04 6.872704998215735561e-21 6.847717714722494746e-21 6.897692281708976376e-21
3.359297409999999945e+04 6.010293011469488810e-21 5.988838353783559694e-21 6.031747669155417926e-21
3.363330180000000109e+04 5.242383452423453522e-21 5.224661131180051281e-21 5.260105773666855764e-21
3.367362950000000274e+04 4.798923528895811248e-21 4.783777280654093717e-21 4.814069777137528779e-21
3.371395719999999710e+04 4.776475920802404732e-21 4.761754528540806341e-21 4.791197313064003124e-21
3.375428490000000602e+04 5.049219936381137629e-21 5.033245935603730173e-21 5.065193937158545084e-21
3.379461259999999311e+04 5.296849842607910528e-21 5.279400334872984584e-21 5.314299350342836472e-21
3.383494030000000203e+04 5.190484585373431938e-21 5.172471446001720766e-21 5.208497724745143110e-21
3.387526800000000367e+04 4.638396980450097716e-21 4.621739878623198881e-21 4.655054082276996552e-21
3.391559569999999803e+04 3.886074905532827063e-21 3.872492637648937766e-21 3.899657173416716359e-21
3.395592339999999967e+04 3.339776906351328084e-21 3.328192737763862844e-21 3.351361074938793323e-21
3.399625110000000132e+04 3.253716474009041085e-21 3.239510707418998593e-21 3.267922240599083577e-21
3.403657880000000296e+04 3.564017061502090495e-21 3.544119646762311257e-21 3.583914476241869733e-21
3.407690649999999732e+04 3.978171206369468825e-21 3.953856833079005391e-21 4.002485579659932258e-21
3.411723420000000624e+04 4.210733449983612088e-21 4.186341842580881573e-21 4.235125057386342603e-21
3.415756189999999333e+04 4.178161914289087324e-21 4.157598812617511640e-21 4.198725015960663008e-21
3.419788960000000225e+04 3.995206464969374219e-21 3.978840688408963120e-21 4.011572241529785319e-21
3.423821730000000389e+04 3.793139916362067947e-21 3.778673179933398440e-21 3.807606652790737454e-21
3.427854499999999825e+04 3.568659558479899806e-21 3.554734760660381865e-21 3.582584356299417748e-21
3.431887269999999990e+04 3.214399977409305118e-21 3.201287616863692023e-21 3.227512337954918212e-21
3.435920040000000154e+04 2.670067416236725215e-21 2.658558391840504999e-21 2.681576440632945432e-21
3.439952810000000318e+04 2.029081581692432425e-21 2.019949271888922828e-21 2.038213891495942022e-21
3.443985579999999754e+04 1.500997974933567822e-21 1.494390703241229332e-21 1.507605246625906312e-21
3.448018349999999919e+04 1.270469652879792419e-21 1.264933607072157349e-21 1.276005698687427489e-21
3.452051120000000083e+04 1.371664298685483539e-21 1.364433347924144765e-21 1.378895249446822313e-21
3.456083890000000247e+04 1.665942910605025638e-21 1.655951123791982487e-21 1.675934697418068790e-21
3.460116659999999683e+04 1.945623330494851912e-21 1.933942297792476522e-21 1.957304363197227303e-21
3.464149429999999847e+04 2.094874964824579916e-21 2.083021471969597573e-21 2.106728457679562259e-21
3.468182200000000739e+04 2.155375810153990410e-21 2.143568522348606976e-21 2.167183097959373845e-21
3.472214969999999448e+04 2.242179776713339161e-21 2.229994809262524732e-21 2.254364744164153591e-21
3.476247740000000340e+04 2.437094252075569653e-21 2.424718772697525264e-21 2.449469731453614041e-21
3.480280509999999776e+04 2.749621595306345369e-21 2.737049605590832308e-21 2.762193585021858429e-21
3.484313279999999941e+04 3.104594934507469621e-21 3.091322774368410128e-21 3.117867094646529114e-21
3.488346050000000105e+04 3.370438386129885800e-21 3.356627286884682611e-21 3.384249485375088990e-21
3.492378820000000269e+04 3.474408901434048043e-21 3.460531199567390343e-21 3.488286603300705742e-21
3.496411589999999705e+04 3.468852818665789056e-21 3.453085895240546804e-21 3.484619742091031308e-21
3.500444359999999870e+04 3.403397191526852790e-21 3.383056373938988061e-21 3.423738009114717518e-21
3.504477130000000761e+04 3.192431885893495675e-21 3.168868999743043648e-21 3.215994772043947702e-21
3.508509899999999470e+04 2.737921456496586193e-21 2.715881138419758670e-21 2.759961774573413716e-21
3.512542670000000362e+04 2.141633382077558082e-21 2.125166921253166392e-21 2.158099842901949773e-21
3.516575439999999799e+04 1.667358357337131964e-21 1.656883687852464839e-21 1.677833026821799089e-21
3.520608209999999963e+04 1.506823555989913546e-21 1.499329373612528057e-21 1.514317738367299036e-21
3.524640980000000127e+04 1.649349188464504272e-21 1.641308787019346655e-21 1.657389589909661889e-21
3.528673750000000291e+04 1.930040674212544658e-21 1.920008828996976244e-21 1.940072519428113072e-21
3.532706519999999728e+04 2.138437919251366380e-21 2.126830163798645954e-21 2.150045674704086805e-21
3.536739289999999892e+04 2.126477170973843592e-21 2.114667072917290046e-21 2.138287269030397138e-21
3.540772060000000783e+04 1.890629841067033897e-21 1.879839855906812931e-21 1.901419826227254864e-21
3.544804829999999492e+04 1.563368257364402101e-21 1.554111111877231242e-21 1.572625402851572961e-21
3.548837600000000384e+04 1.297874734529126826e-21 1.289534426982357500e-21 1.306215042075896152e-21
3.552870370000000548e+04 1.144800462302145499e-21 1.135854831349256614e-21 1.153746093255034384e-21
3.556903139999999985e+04 1.041753135698718058e-21 1.032065634993215781e-21 1.051440636404220335e-21
3.560935910000000149e+04 9.143645174126745853e-22 9.054390406252922585e-22 9.232899942000569122e-22
3.564968679999999586e+04 7.587689663987268560e-22 7.517986012534016744e-22 7.657393315440520376e-22
3.569001450000000477e+04 6.188459502699988204e-22 6.134741146157493319e-22 6.242177859242483090e-22
3.573034219999999914e+04 5.225848822948023156e-22 5.178282166358150156e-22 5.273415479537896157e-22
3.577066990000000078e+04 4.648655619900420218e-22 4.603010676088966481e-22 4.694300563711873955e-22
3.581099759999999515e+04 4.242872474258388643e-22 4.195604769078352860e-22 4.290140179438424426e-22
3.585132530000000406e+04 3.753182752090833773e-22 3.704217896905588289e-22 3.802147607276079257e-22
3.589165299999999843e+04 3.025641576136436926e-22 2.982129362910500883e-22 3.069153789362372968e-22
3.593198070000000007e+04 2.168405527078650046e-22 2.137476720762944128e-22 2.199334333394355964e-22
3.597230840000000171e+04 1.482226586019976261e-22 1.464510892199322457e-22 1.499942279840630065e-22
3.601263609999999608e+04 1.229780334564009433e-22 1.219367006450544142e-22 1.240193662677474724e-22
3.605296380000000499e+04 1.549813269091155165e-22 1.536957535956219748e-22 1.562669002226090582e-22
3.609329149999999936e+04 2.496262631841926382e-22 2.473756222344110143e-22 2.518769041339742622e-22
3.613361920000000100e+04 3.968392495124323172e-22 3.932959666572812556e-22 4.003825323675833788e-22
3.617394689999999537e+04 5.583952443183616212e-22 5.536326042440267978e-22 5.631578843926964445e-22
3.621427460000000428e+04 6.792910711391121475e-22 6.737915942237931557e-22 6.847905480544311393e-22
3.625460229999999865e+04 7.254337570667747103e-22 7.198516724193591944e-22 7.310158417141902263e-22
3.629493000000000029e+04 7.050626781461706556e-22 6.997409612552495839e-22 7.103843950370917274e-22
3.633525770000000193e+04 6.454372117218631011e-22 6.403460122454155247e-22 6.505284111983106775e-22
3.637558539999999630e+04 5.598641957465076983e-22 5.551136550379105436e-22 5.646147364551048530e-22
3.641591310000000522e+04 4.500823252691800166e-22 4.460253785432754903e-22 4.541392719950845430e-22
3.645624079999999958e+04 3.294200674981387111e-22 3.263793257476351426e-22 3.324608092486422795e-22
3.649656850000000122e+04 2.251169839586891514e-22 2.231309655298246735e-22 2.271030023875536293e-22
3.653689620000000286e+04 1.571170110533084904e-22 1.558088827402746310e-22 1.584251393663423499e-22
3.657722390000000451e+04 1.229686270661161370e-22 1.217860034136918666e-22 1.241512507185404075e-22
3.661755159999999887e+04 1.043221106778431995e-22 1.030739510178662209e-22 1.055702703378201780e-22
3.665787930000000051e+04 8.427543069728743554e-23 8.311209163897634951e-23 8.543876975559852156e-23
3.669820700000000215e+04 5.856802553304011222e-23 5.769252343941664056e-23 5.944352762666358387e-23
3.673853469999999652e+04 3.336944144178275718e-23 3.285050874249463446e-23 3.388837414107087991e-23
3.677886240000000544e+04 1.557724743585837675e-23 1.533655723783329267e-23 1.581793763388346083e-23
3.681919009999999253e+04 6.809260984999149651e-24 6.719644986856735829e-24 6.898876983141563473e-24
3.685951780000000144e+04 4.979699469791571485e-24 4.929745147374267195e-24 5.029653792208875775e-24
3.689984550000000309e+04 9.105769821677115151e-24 8.987422831745881968e-24 9.224116811608348335e-24
3.694017319999999745e+04 2.287842470714135596e-23 2.251463120131863411e-23 2.324221821296407781e-23
3.698050089999999909e+04 5.406272763240711299e-23 5.312933365821857809e-23 5.499612160659564790e-23
3.702082860000000073e+04 1.066693570653639284e-22 1.047916224155779505e-22 1.085470917151499062e-22
3.706115630000000237e+04 1.700217292398209137e-22 1.670786527501524021e-22 1.729648057294894252e-22
3.710148399999999674e+04 2.207334733287375998e-22 2.171343792413423810e-22 2.243325674161328185e-22
3.714181170000000566e+04 2.441420653793580518e-22 2.406537609791637782e-22 2.476303697795523255e-22
3.718213939999999275e+04 2.503288559545182898e-22 2.473940653526385131e-22 2.532636465563980664e-22
3.722246710000000166e+04 2.590197909506557261e-22 2.562594673615699025e-22 2.617801145397415497e-22
3.726279480000000331e+04 2.717897618735943617e-22 2.687285255390060283e-22 2.748509982081826950e-22
3.730312249999999767e+04 2.691521623790229704e-22 2.658806049008815116e-22 2.724237198571644292e-22
3.734345019999999931e+04 2.339333189276726750e-22 2.308515952669126515e-22 2.370150425884326985e-22
3.738377790000000095e+04 1.707477856754933596e-22 1.683060971371828345e-22 1.731894742138038847e-22
3.742410560000000260e+04 1.020848138019796901e-22 1.005179452567620326e-22 1.036516823471973476e-22
3.746443329999999696e+04 4.926144839817641742e-23 4.846484108163721808e-23 5.005805571471561675e-23
3.750476100000000588e+04 1.930638669643478646e-23 1.898833602797670390e-23 1.962443736489286902e-23
3.754508870000000024e+04 7.503857534581900644e-24 7.398458356748505825e-24 7.609256712415295464e-24
3.758541640000000189e+04 7.217608391124414947e-24 7.110349673745005337e-24 7.324867108503824556e-24
3.762574410000000353e+04 1.533091029116574331e-23 1.506474991864742223e-23 1.559707066368406439e-23
3.766607179999999789e+04 3.030453822341549469e-23 2.977070931516018878e-23 3.083836713167080059e-23
3.770639950000000681e+04 4.733324155570864713e-23 4.649854347515518573e-23 4.816793963626210852e-23
3.774672719999999390e+04 5.763866278631284249e-23 5.662215349799832108e-23 5.865517207462736390e-23
3.778705490000000282e+04 5.466656074779177227e-23 5.370246156297705290e-23 5.563065993260649163e-23
3.782738259999999718e+04 4.037926988876309045e-23 3.966714099086549823e-23 4.109139878666068268e-23
3.786771029999999882e+04 2.322853034347727251e-23 2.281887191547952608e-23 2.363818877147501894e-23
3.790803800000000047e+04 1.040666074657494988e-23 1.022312884727682576e-23 1.059019264587307400e-23
3.794836570000000211e+04 3.631009969192195837e-24 3.566973466767848723e-24 3.695046471616542951e-24
3.798869339999999647e+04 9.866653237786200483e-25 9.692644912457922849e-25 1.004066156311447812e-24
3.802902109999999811e+04 2.088039301214043297e-25 2.051214633997330763e-25 2.124863968430755601e-25
3.806934880000000703e+04 3.441389677867483960e-26 3.380697319456261327e-26 3.502082036278706592e-26
3.810967649999999412e+04 4.417284997170192517e-27 4.339381747106789737e-27 4.495188247233595296e-27
3.815000420000000304e+04 4.415761678785039794e-28 4.337885691574744724e-28 4.493637665995334864e-28
3.819033189999999740e+04 3.444585569399807851e-29 3.383954320868489595e-29 3.505216817931126108e-29
3.823065959999999905e+04 3.648726746239762916e-30 3.601156328855876760e-30 3.696297163623649072e-30
3.827098730000000069e+04 2.808956586833400002e-29 2.756178678774514794e-29 2.861734494892285211e-29
3.831131500000000233e+04 3.900682123266728416e-28 3.827139632584539391e-28 3.974224613948917441e-28
3.835164269999999669e+04 4.233298087143435828e-27 4.153483812427812547e-27 4.313112361859059109e-27
3.839197039999999834e+04 3.578059259142744013e-26 3.510598804993609588e-26 3.645519713291878439e-26
3.843229810000000725e+04 2.355280290109051048e-25 2.310874016617821657e-25 2.399686563600280438e-25
3.847262579999999434e+04 1.207435793576095119e-24 1.184670891964250570e-24 1.230200695187939667e-24
3.851295350000000326e+04 4.820719629631796352e-24 4.729830152401851870e-24 4.911609106861740834e-24
3.855328120000000490e+04 1.498946323451325644e-23 1.470685304723578992e-23 1.527207342179072297e-23
3.859360889999999927e+04 3.629833196354831368e-23 3.561396600370138743e-23 3.698269792339523994e-23
3.863393660000000091e+04 6.845633346679862172e-23 6.716566301925149275e-23 6.974700391434575068e-23
3.867426430000000255e+04 1.005465053152750909e-22 9.865080923512341901e-23 1.024422013954267629e-22
3.871459200000000419e+04 1.150129401972243239e-22 1.128444950661385377e-22 1.171813853283101101e-22
3.875491969999999856e+04 1.024596365277996797e-22 1.005278704188685272e-22 1.043914026367308321e-22
3.879524740000000747e+04 7.108619939354216421e-23 6.974594565602369173e-23 7.242645313106063668e-23
3.883557509999999456e+04 3.840998693363599585e-23 3.768580799334905851e-23 3.913416587392293320e-23
3.887590280000000348e+04 1.616327652399145172e-23 1.585853535120915675e-23 1.646801769677374668e-23
3.891623049999999785e+04 5.297134814280449089e-24 5.197263041790899944e-24 5.397006586769998233e-24
3.895655819999999949e+04 1.352007275462026688e-24 1.326516634246866165e-24 1.377497916677187212e-24
3.899688590000000113e+04 2.687468674597134548e-25 2.636799346846862187e-25 2.738138002347406908e-25
3.903721359999999549e+04 4.160391231893585269e-26 4.081951535501672129e-26 4.238830928285498409e-26
3.907754130000000441e+04 5.015928227597714576e-27 4.921358302471390508e-27 5.110498152724038644e-27
3.911786899999999878e+04 4.709717243945715748e-28 4.620920597160476673e-28 4.798513890730954823e-28
3.915819670000000042e+04 3.444012622573758318e-29 3.379079473399312848e-29 3.508945771748203787e-29
3.919852439999999478e+04 1.961376710928403611e-30 1.924397065231628959e-30 1.998356356625178262e-30
3.923885210000000370e+04 8.699287291242388153e-32 8.535271597545114293e-32 8.863302984939662012e-32
3.927917979999999807e+04 3.004918602649443468e-33 2.948264098364529445e-33 3.061573106934357491e-33
3.931950749999999971e+04 8.083661710477135571e-35 7.931252974143904172e-35 8.236070446810366970e-35
3.935983520000000135e+04 1.693596425805210090e-36 1.661665489014410824e-36 1.725527362596009357e-36
3.940016289999999572e+04 2.763364065904948894e-38 2.711263812282586658e-38 2.815464319527311130e-38
3.944049060000000463e+04 3.511499918911731853e-40 3.445294369441256574e-40 3.577705468382207133e-40
3.948081829999999900e+04 3.475150352811335183e-42 3.409630135265183115e-42 3.540670570357487252e-42
3.952114600000000064e+04 2.678433789072542298e-44 2.627934804359254090e-44 2.728932773785830506e-44
3.956147370000000228e+04 1.607735533764785431e-46 1.577423411630636420e-46 1.638047655898934442e-46
3.960180140000000392e+04 7.515790841441454343e-49 7.374088698809193364e-49 7.657492984073715322e-49
3.964212909999999829e+04 2.736283804992541633e-51 2.684694120527209655e-51 2.787873489457873612e-51
3.968245679999999993e+04 7.758432286271721581e-54 7.612155400495433043e-54 7.904709172048010119e-54
3.972278450000000885e+04 1.713220204935072660e-56 1.680919282921439527e-56 1.745521126948705792e-56
3.976311219999999594e+04 2.946312312812146911e-59 2.890762767009563348e-59 3.001861858614730474e-59
3.980343990000000485e+04 3.946124229377270421e-62 3.871724306575720970e-62 4.020524152178820304e-62
3.984376759999999922e+04 4.116130215982739126e-65 4.038525013381560455e-65 4.193735418583917797e-65
3.988409530000000086e+04 3.343750290538216099e-68 3.280707479662756317e-68 3.406793101413675882e-68
3.992442300000000250e+04 2.115460634969500781e-71 2.075575902816432089e-71 2.155345367122569474e-71
3.996475069999999687e+04 1.042323283031164573e-74 1.022671399997564621e-74 1.061975166064764525e-74
4.000507839999999851e+04 3.999689788273765684e-78 3.924279944543459868e-78 4.075099632004071499e-78
4.004540610000000015e+04 1.195299007692374215e-81 1.172762932108379015e-81 1.217835083276369415e-81
4.008573380000000179e+04 2.781974777844872061e-85 2.729523639290579767e-85 2.834425916399164355e-85
4.012606149999999616e+04 5.042619478204726498e-89 4.947546318291759046e-89 5.137692638117693951e-89
4.016638920000000508e+04 7.118452400680246640e-93 6.984241646458579622e-93 7.252663154901913658e-93
4.020671689999999217e+04 7.826027203972481814e-97 7.678475888815263944e-97 7.973578519129699683e-97
4.024704460000000108e+04 6.700751319989462825e-101 6.574415869825930160e-101 6.827086770152995491e-101
4.028737230000000272e+04 4.468194066227757047e-105 4.383951078864395243e-105 4.552437053591118852e-105
4.032769999999999709e+04 2.320421783765852219e-109 2.276672729872924791e-109 2.364170837658779646e-109
