2.000000000000000000e+00 0.000000000000000000e+00 0.000000000000000000e+00 0.000000000000000000e+00
2.004999999999999893e+00 0.000000000000000000e+00 0.000000000000000000e+00 0.000000000000000000e+00
2.009999999999999787e+00 0.000000000000000000e+00 0.000000000000000000e+00 0.000000000000000000e+00
2.015000000000000124e+00 0.000000000000000000e+00 0.000000000000000000e+00 0.000000000000000000e+00
2.020000000000000018e+00 0.000000000000000000e+00 0.000000000000000000e+00 0.000000000000000000e+00
2.024999999999999911e+00 0.000000000000000000e+00 0.000000000000000000e+00 0.000000000000000000e+00
2.029999999999999805e+00 0.000000000000000000e+00 0.000000000000000000e+00 0.000000000000000000e+00
2.035000000000000142e+00 0.000000000000000000e+00 0.000000000000000000e+00 0.000000000000000000e+00
2.040000000000000036e+00 0.000000000000000000e+00 0.000000000000000000e+00 0.000000000000000000e+00
2.044999999999999929e+00 0.000000000000000000e+00 0.000000000000000000e+00 0.000000000000000000e+00
2.049999999999999822e+00 0.000000000000000000e+00 0.000000000000000000e+00 0.000000000000000000e+00
2.055000000000000160e+00 0.000000000000000000e+00 0.000000000000000000e+00 0.000000000000000000e+00
2.060000000000000053e+00 0.000000000000000000e+00 0.000000000000000000e+00 0.000000000000000000e+00
2.064999999999999947e+00 0.000000000000000000e+00 0.000000000000000000e+00 0.000000000000000000e+00
2.069999999999999840e+00 0.000000000000000000e+00 0.000000000000000000e+00 0.000000000000000000e+00
2.075000000000000178e+00 0.000000000000000000e+00 0.000000000000000000e+00 0.000000000000000000e+00
2.080000000000000071e+00 0.000000000000000000e+00 0.000000000000000000e+00 0.000000000000000000e+00
2.084999999999999964e+00 0.000000000000000000e+00 0.000000000000000000e+00 0.000000000000000000e+00
2.089999999999999858e+00 0.000000000000000000e+00 0.000000000000000000e+00 0.000000000000000000e+00
2.095000000000000195e+00 0.000000000000000000e+00 0.000000000000000000e+00 0.000000000000000000e+00
2.100000000000000089e+00 0.000000000000000000e+00 0.000000000000000000e+00 0.000000000000000000e+00
2.104999999999999982e+00 0.000000000000000000e+00 0.000000000000000000e+00 0.000000000000000000e+00
2.109999999999999876e+00 0.000000000000000000e+00 0.000000000000000000e+00 0.000000000000000000e+00
2.115000000000000213e+00 0.000000000000000000e+00 0.000000000000000000e+00 0.000000000000000000e+00
2.120000000000000107e+00 0.000000000000000000e+00 0.000000000000000000e+00 0.000000000000000000e+00
2.125000000000000000e+00 0.000000000000000000e+00 0.000000000000000000e+00 0.000000000000000000e+00
2.129999999999999893e+00 0.000000000000000000e+00 0.000000000000000000e+00 0.000000000000000000e+00
2.134999999999999787e+00 0.000000000000000000e+00 0.000000000000000000e+00 0.000000000000000000e+00
2.140000000000000124e+00 0.000000000000000000e+00 0.000000000000000000e+00 0.000000000000000000e+00
2.145000000000000018e+00 0.000000000000000000e+00 0.000000000000000000e+00 0.000000000000000000e+00
2.149999999999999911e+00 0.000000000000000000e+00 0.000000000000000000e+00 0.000000000000000000e+00
2.154999999999999805e+00 0.000000000000000000e+00 0.000000000000000000e+00 0.000000000000000000e+00
2.160000000000000142e+00 0.000000000000000000e+00 0.000000000000000000e+00 0.000000000000000000e+00
2.165000000000000036e+00 0.000000000000000000e+00 0.000000000000000000e+00 0.000000000000000000e+00
2.169999999999999929e+00 0.000000000000000000e+00 0.000000000000000000e+00 0.000000000000000000e+00
2.174999999999999822e+00 0.000000000000000000e+00 0.000000000000000000e+00 0.000000000000000000e+00
2.180000000000000160e+00 0.000000000000000000e+00 0.000000000000000000e+00 0.000000000000000000e+00
2.185000000000000053e+00 0.000000000000000000e+00 0.000000000000000000e+00 0.000000000000000000e+00
2.189999999999999947e+00 0.000000000000000000e+00 0.000000000000000000e+00 0.000000000000000000e+00
2.194999999999999840e+00 0.000000000000000000e+00 0.000000000000000000e+00 0.000000000000000000e+00
2.200000000000000178e+00 0.000000000000000000e+00 0.000000000000000000e+00 0.000000000000000000e+00
2.205000000000000071e+00 0.000000000000000000e+00 0.000000000000000000e+00 0.000000000000000000e+00
2.209999999999999964e+00 0.000000000000000000e+00 0.000000000000000000e+00 0.000000000000000000e+00
2.214999999999999858e+00 0.000000000000000000e+00 0.000000000000000000e+00 0.000000000000000000e+00
2.220000000000000195e+00 0.000000000000000000e+00 0.000000000000000000e+00 0.000000000000000000e+00
2.225000000000000089e+00 0.000000000000000000e+00 0.000000000000000000e+00 0.000000000000000000e+00
2.229999999999999982e+00 0.000000000000000000e+00 0.000000000000000000e+00 0.000000000000000000e+00
2.234999999999999876e+00 0.000000000000000000e+00 0.000000000000000000e+00 0.000000000000000000e+00
2.240000000000000213e+00 0.000000000000000000e+00 0.000000000000000000e+00 0.000000000000000000e+00
2.245000000000000107e+00 0.000000000000000000e+00 0.000000000000000000e+00 0.000000000000000000e+00
2.250000000000000000e+00 0.000000000000000000e+00 0.000000000000000000e+00 0.000000000000000000e+00
2.254999999999999893e+00 0.000000000000000000e+00 0.000000000000000000e+00 0.000000000000000000e+00
2.259999999999999787e+00 0.000000000000000000e+00 0.000000000000000000e+00 0.000000000000000000e+00
2.265000000000000124e+00 0.000000000000000000e+00 0.000000000000000000e+00 0.000000000000000000e+00
2.270000000000000018e+00 0.000000000000000000e+00 0.000000000000000000e+00 0.000000000000000000e+00
2.274999999999999911e+00 0.000000000000000000e+00 0.000000000000000000e+00 0.000000000000000000e+00
2.280000000000000249e+00 0.000000000000000000e+00 0.000000000000000000e+00 0.000000000000000000e+00
2.285000000000000142e+00 0.000000000000000000e+00 0.000000000000000000e+00 0.000000000000000000e+00
2.290000000000000036e+00 0.000000000000000000e+00 0.000000000000000000e+00 0.000000000000000000e+00
2.294999999999999929e+00 0.000000000000000000e+00 0.000000000000000000e+00 0.000000000000000000e+00
2.299999999999999822e+00 0.000000000000000000e+00 0.000000000000000000e+00 0.000000000000000000e+00
2.305000000000000160e+00 0.000000000000000000e+00 0.000000000000000000e+00 0.000000000000000000e+00
2.310000000000000053e+00 0.000000000000000000e+00 0.000000000000000000e+00 0.000000000000000000e+00
2.314999999999999947e+00 0.000000000000000000e+00 0.000000000000000000e+00 0.000000000000000000e+00
2.319999999999999840e+00 0.000000000000000000e+00 0.000000000000000000e+00 0.000000000000000000e+00
2.325000000000000178e+00 0.000000000000000000e+00 0.000000000000000000e+00 0.000000000000000000e+00
2.330000000000000071e+00 0.000000000000000000e+00 0.000000000000000000e+00 0.000000000000000000e+00
2.334999999999999964e+00 0.000000000000000000e+00 0.000000000000000000e+00 0.000000000000000000e+00
2.339999999999999858e+00 0.000000000000000000e+00 0.000000000000000000e+00 0.000000000000000000e+00
2.345000000000000195e+00 0.000000000000000000e+00 0.000000000000000000e+00 0.000000000000000000e+00
2.350000000000000089e+00 0.000000000000000000e+00 0.000000000000000000e+00 0.000000000000000000e+00
2.354999999999999982e+00 0.000000000000000000e+00 0.000000000000000000e+00 0.000000000000000000e+00
2.359999999999999876e+00 0.000000000000000000e+00 0.000000000000000000e+00 0.000000000000000000e+00
2.365000000000000213e+00 0.000000000000000000e+00 0.000000000000000000e+00 0.000000000000000000e+00
2.370000000000000107e+00 0.000000000000000000e+00 0.000000000000000000e+00 0.000000000000000000e+00
2.375000000000000000e+00 0.000000000000000000e+00 0.000000000000000000e+00 0.000000000000000000e+00
2.379999999999999893e+00 0.000000000000000000e+00 0.000000000000000000e+00 0.000000000000000000e+00
2.384999999999999787e+00 0.000000000000000000e+00 0.000000000000000000e+00 0.000000000000000000e+00
2.390000000000000124e+00 0.000000000000000000e+00 0.000000000000000000e+00 0.000000000000000000e+00
2.395000000000000018e+00 0.000000000000000000e+00 0.000000000000000000e+00 0.000000000000000000e+00
2.399999999999999911e+00 0.000000000000000000e+00 0.000000000000000000e+00 0.000000000000000000e+00
2.405000000000000249e+00 0.000000000000000000e+00 0.000000000000000000e+00 0.000000000000000000e+00
2.410000000000000142e+00 0.000000000000000000e+00 0.000000000000000000e+00 0.000000000000000000e+00
2.415000000000000036e+00 0.000000000000000000e+00 0.000000000000000000e+00 0.000000000000000000e+00
2.419999999999999929e+00 0.000000000000000000e+00 0.000000000000000000e+00 0.000000000000000000e+00
2.424999999999999822e+00 0.000000000000000000e+00 0.000000000000000000e+00 0.000000000000000000e+00
2.430000000000000160e+00 0.000000000000000000e+00 0.000000000000000000e+00 0.000000000000000000e+00
2.435000000000000053e+00 0.000000000000000000e+00 0.000000000000000000e+00 0.000000000000000000e+00
2.439999999999999947e+00 0.000000000000000000e+00 0.000000000000000000e+00 0.000000000000000000e+00
2.444999999999999840e+00 0.000000000000000000e+00 0.000000000000000000e+00 0.000000000000000000e+00
2.450000000000000178e+00 0.000000000000000000e+00 0.000000000000000000e+00 0.000000000000000000e+00
2.455000000000000071e+00 0.000000000000000000e+00 0.000000000000000000e+00 0.000000000000000000e+00
2.459999999999999964e+00 0.000000000000000000e+00 0.000000000000000000e+00 0.000000000000000000e+00
2.464999999999999858e+00 0.000000000000000000e+00 0.000000000000000000e+00 0.000000000000000000e+00
2.470000000000000195e+00 0.000000000000000000e+00 0.000000000000000000e+00 0.000000000000000000e+00
2.475000000000000089e+00 0.000000000000000000e+00 0.000000000000000000e+00 0.000000000000000000e+00
2.479999999999999982e+00 0.000000000000000000e+00 0.000000000000000000e+00 0.000000000000000000e+00
2.484999999999999876e+00 0.000000000000000000e+00 0.000000000000000000e+00 0.000000000000000000e+00
2.490000000000000213e+00 0.000000000000000000e+00 0.000000000000000000e+00 0.000000000000000000e+00
2.495000000000000107e+00 0.000000000000000000e+00 0.000000000000000000e+00 0.000000000000000000e+00
2.500000000000000000e+00 0.000000000000000000e+00 0.000000000000000000e+00 0.000000000000000000e+00
2.504999999999999893e+00 0.000000000000000000e+00 0.000000000000000000e+00 0.000000000000000000e+00
2.509999999999999787e+00 7.158650540318198315e-318 7.158650540318198315e-318 7.158650540318198315e-318
2.515000000000000124e+00 6.324124405643742604e-310 6.324124405643742604e-310 6.324124405643742604e-310
2.520000000000000018e+00 4.351581705458769531e-302 4.351581705458769531e-302 4.351581705458769531e-302
2.524999999999999911e+00 2.332247805111348813e-294 2.332247805111348813e-294 2.332247805111348813e-294
2.530000000000000249e+00 9.736138352718799573e-287 9.736138352718799573e-287 9.736138352718799573e-287
2.535000000000000142e+00 3.165827047058703737e-279 3.165827047058703737e-279 3.165827047058703737e-279
2.540000000000000036e+00 8.018261110484778419e-272 8.018261110484778419e-272 8.018261110484778419e-272
2.544999999999999929e+00 1.581867774215762134e-264 1.581867774215762134e-264 1.581867774215762134e-264
2.549999999999999822e+00 2.430870482868106631e-257 2.430870482868106631e-257 2.430870482868106631e-257
2.555000000000000160e+00 2.909779534989641558e-250 2.909779534989641558e-250 2.909779534989641558e-250
2.560000000000000053e+00 2.713127699184138181e-243 2.713127699184138181e-243 2.713127699184138181e-243
2.564999999999999947e+00 1.970597110662215143e-236 1.970597110662215143e-236 1.970597110662215143e-236
2.570000000000000284e+00 1.114933071006937164e-229 1.114933071006937164e-229 1.114933071006937164e-229
2.575000000000000178e+00 4.913934141226325883e-223 4.913934141226325883e-223 4.913934141226325883e-223
2.580000000000000071e+00 1.687120178501408335e-216 1.687120178501408335e-216 1.687120178501408335e-216
2.584999999999999964e+00 4.512381380088983841e-210 4.512381380088983841e-210 4.512381380088983841e-210
2.589999999999999858e+00 9.401907532227966623e-204 9.401907532227966623e-204 9.401907532227966623e-204
2.594999999999999751e+00 1.526104388387821897e-197 1.526104388387821897e-197 1.526104388387821897e-197
2.600000000000000089e+00 1.929828329055204966e-191 1.929828329055204966e-191 1.929828329055204966e-191
2.604999999999999982e+00 1.901199829202578306e-185 1.901199829202578306e-185 1.901199829202578306e-185
2.609999999999999876e+00 1.459218740741957033e-179 1.459218740741957033e-179 1.459218740741957033e-179
2.615000000000000213e+00 8.725812480682981957e-174 8.725812480682981957e-174 8.725812480682981957e-174
2.620000000000000107e+00 4.065312311091842228e-168 4.065312311091842228e-168 4.065312311091842228e-168
2.625000000000000000e+00 1.475688356606144692e-162 1.475688356606144692e-162 1.475688356606144692e-162
2.629999999999999893e+00 4.173675012810882022e-157 4.108953288652776206e-157 4.238396736968987838e-157
2.634999999999999787e+00 9.197648466238517122e-152 9.055991745482784885e-152 9.339305186994249360e-152
2.640000000000000124e+00 1.579357833205589211e-146 1.555207513332974280e-146 1.603508153078204141e-146
2.645000000000000018e+00 2.113204698449014000e-141 2.081133345288740494e-141 2.145276051609287506e-141
2.649999999999999911e+00 2.203291741234179960e-136 2.170115145233412700e-136 2.236468337234947220e-136
2.655000000000000249e+00 1.790128957380179221e-131 1.763394001402612850e-131 1.816863913357745591e-131
2.660000000000000142e+00 1.133421083100219392e-126 1.116637878618047574e-126 1.150204287582391210e-126
2.665000000000000036e+00 5.592499974704710986e-122 5.510420495585256734e-122 5.674579453824165237e-122
2.669999999999999929e+00 2.150511465534459235e-117 2.119237915004109150e-117 2.181785016064809320e-117
2.674999999999999822e+00 6.444840106385244584e-113 6.352002581795925851e-113 6.537677630974563317e-113
2.680000000000000160e+00 1.505327016933208723e-108 1.483853804378119214e-108 1.526800229488298233e-108
2.685000000000000053e+00 2.740385823402447086e-104 2.701684695409982935e-104 2.779086951394911237e-104
2.689999999999999947e+00 3.888379009262092125e-100 3.834024918754611955e-100 3.942733099769572295e-100
2.695000000000000284e+00 4.300464355843248618e-96 4.240972877985802262e-96 4.359955833700694973e-96
2.700000000000000178e+00 3.707368704207911572e-92 3.656619848729449547e-92 3.758117559686373597e-92
2.705000000000000071e+00 2.491342829815196360e-88 2.457599728274276007e-88 2.525085931356116714e-88
2.709999999999999964e+00 1.305064219641362960e-84 1.287574916332756229e-84 1.322553522949969690e-84
2.714999999999999858e+00 5.329347175888702177e-81 5.258677444524616659e-81 5.400016907252787695e-81
2.719999999999999751e+00 1.696572981651678907e-77 1.674308356260250286e-77 1.718837607043107528e-77
2.725000000000000089e+00 4.210557998398551472e-74 4.155860359627741466e-74 4.265255637169361478e-74
2.729999999999999982e+00 8.146797571799860119e-71 8.042001418986507283e-71 8.251593724613212955e-71
2.734999999999999876e+00 1.228924726537603282e-67 1.213264447807908206e-67 1.244585005267298357e-67
2.740000000000000213e+00 1.445322932648027802e-64 1.427067779484481247e-64 1.463578085811574358e-64
2.745000000000000107e+00 1.325302720123692567e-61 1.308700834260057758e-61 1.341904605987327375e-61
2.750000000000000000e+00 9.475110527991042392e-59 9.357304391795665425e-59 9.592916664186419359e-59
2.754999999999999893e+00 5.281775113630168626e-56 5.216542202217068684e-56 5.347008025043268568e-56
2.759999999999999787e+00 2.295664001830373378e-53 2.267473704112975322e-53 2.323854299547771433e-53
2.765000000000000124e+00 7.779914023215278764e-51 7.684830158624081627e-51 7.874997887806475902e-51
2.770000000000000018e+00 2.055812124776386580e-48 2.030778617595053939e-48 2.080845631957719221e-48
2.774999999999999911e+00 4.235816109142006267e-46 4.184367950574143692e-46 4.287264267709868842e-46
2.780000000000000249e+00 6.805146684821419528e-44 6.722606016018452554e-44 6.887687353624386501e-44
2.785000000000000142e+00 8.524816294959365594e-42 8.421439402379694485e-42 8.628193187539036703e-42
2.790000000000000036e+00 8.326814523002740079e-40 8.225741805308586294e-40 8.427887240696893864e-40
2.794999999999999929e+00 6.341865344092111522e-38 6.264723959759763165e-38 6.419006728424459879e-38
2.799999999999999822e+00 3.766137093690021970e-36 3.720178915667410356e-36 3.812095271712633584e-36
2.805000000000000160e+00 1.743860526996122576e-34 1.722489246356472885e-34 1.765231807635772267e-34
2.810000000000000053e+00 6.295906461606269264e-33 6.218343609303108809e-33 6.373469313909429720e-33
2.814999999999999947e+00 1.772266271181108338e-31 1.750298326085064560e-31 1.794234216277152115e-31
2.820000000000000284e+00 3.889700084013113115e-30 3.841150035221481499e-30 3.938250132804744731e-30
2.825000000000000178e+00 6.655964328778444586e-29 6.572249354600552143e-29 6.739679302956337029e-29
2.830000000000000071e+00 8.879816192209980338e-28 8.767206341349194470e-28 8.992426043070766206e-28
2.834999999999999964e+00 9.236015894525332186e-27 9.117860115842750073e-27 9.354171673207914298e-27
2.839999999999999858e+00 7.489312099766907856e-26 7.392621414360875135e-26 7.586002785172940577e-26
2.844999999999999751e+00 4.734389292012360662e-25 4.672685449445709903e-25 4.796093134579011422e-25
2.850000000000000089e+00 2.333127352204348157e-24 2.302423963971850990e-24 2.363830740436845323e-24
2.854999999999999982e+00 8.962982900801250451e-24 8.843870239992357494e-24 9.082095561610143408e-24
2.859999999999999876e+00 2.684065788308265075e-23 2.648042705638044786e-23 2.720088870978485364e-23
2.865000000000000213e+00 6.265370253244433906e-23 6.180449858417714199e-23 6.350290648071153614e-23
2.870000000000000107e+00 1.139986320050195343e-22 1.124383202879923848e-22 1.155589437220466838e-22
2.875000000000000000e+00 1.616732018154827627e-22 1.594388978204030074e-22 1.639075058105625181e-22
2.879999999999999893e+00 1.787096751429956919e-22 1.762163944693988182e-22 1.812029558165925656e-22
2.884999999999999787e+00 1.539628185019304776e-22 1.517947765601594992e-22 1.561308604437014561e-22
2.890000000000000124e+00 1.033778768201429661e-22 1.019089359268525162e-22 1.048468177134334160e-22
2.895000000000000018e+00 5.409656252439533946e-23 5.332110788283698732e-23 5.487201716595369160e-23
2.899999999999999911e+00 2.206117503772263755e-23 2.174224032196586586e-23 2.238010975347940925e-23
2.905000000000000249e+00 7.011252804952936100e-24 6.909059942411120865e-24 7.113445667494751336e-24
2.910000000000000142e+00 1.737301650892644514e-24 1.711793128219817867e-24 1.762810173565471160e-24
2.915000000000000036e+00 3.440042786796627875e-25 3.390476901019826612e-25 3.489608672573429139e-25
2.919999999999999929e+00 1.172138067786652191e-25 1.158939789078136526e-25 1.185336346495167856e-25
2.924999999999999822e+00 3.970002054915913021e-25 3.904918170191572895e-25 4.035085939640253147e-25
2.930000000000000160e+00 1.788026130953284066e-24 1.758432395860545698e-24 1.817619866046022433e-24
2.935000000000000053e+00 6.394671956748170529e-24 6.289903207072892238e-24 6.499440706423448820e-24
2.939999999999999947e+00 1.798377105164697403e-23 1.769475478080427688e-23 1.827278732248967118e-23
2.945000000000000284e+00 4.006667384867072116e-23 3.944455902569131784e-23 4.068878867165012447e-23
2.950000000000000178e+00 7.163809678056016933e-23 7.058814514388595168e-23 7.268804841723438698e-23
2.955000000000000071e+00 1.048360102864526038e-22 1.034239341148899530e-22 1.062480864580152664e-22
2.959999999999999964e+00 1.288290318639780627e-22 1.272437941070314286e-22 1.304142696209246968e-22
2.964999999999999858e+00 1.368067322734551405e-22 1.351921299608155880e-22 1.384213345860946929e-22
2.969999999999999751e+00 1.307739390161761410e-22 1.292217462801433664e-22 1.323261317522089157e-22
2.975000000000000089e+00 1.252931915413000528e-22 1.239022688581045628e-22 1.266841142244955429e-22
2.979999999999999982e+00 1.479776266293693982e-22 1.462638542141648528e-22 1.496913990445739435e-22
2.984999999999999876e+00 2.239308816522955936e-22 2.206141532997032137e-22 2.272476100048879736e-22
2.990000000000000213e+00 3.443786717412398008e-22 3.387357588762907176e-22 3.500215846061888840e-22
2.995000000000000107e+00 4.546629186685557908e-22 4.471534813268031643e-22 4.621723560103084172e-22
3.000000000000000000e+00 4.958638254548243340e-22 4.880786897823797822e-22 5.036489611272688859e-22
3.004999999999999893e+00 4.682305155937435219e-22 4.618741932987568392e-22 4.745868378887302045e-22
3.009999999999999787e+00 4.405382825804588620e-22 4.360251004471773126e-22 4.450514647137404115e-22
3.015000000000000124e+00 4.909701456794916620e-22 4.864770570176205446e-22 4.954632343413627795e-22
3.020000000000000018e+00 6.431283955711236461e-22 6.365669470123391052e-22 6.496898441299081870e-22
3.024999999999999911e+00 8.483542902569972593e-22 8.394855360591654765e-22 8.572230444548290422e-22
3.030000000000000249e+00 1.017461362228780907e-21 1.007246017639832633e-21 1.027676706817729182e-21
3.035000000000000142e+00 1.082261352033114256e-21 1.072087363106326888e-21 1.092435340959901624e-21
3.040000000000000036e+00 1.043249604333758466e-21 1.034224308282525997e-21 1.052274900384990935e-21
3.044999999999999929e+00 9.542845620424298617e-22 9.464593514821560254e-22 9.621097726027036980e-22
3.049999999999999822e+00 8.608984869551320747e-22 8.535462959019434165e-22 8.682506780083207329e-22
3.054999999999999716e+00 7.733347519104308386e-22 7.665680227196112743e-22 7.801014811012504029e-22
3.060000000000000053e+00 6.975797402326050651e-22 6.920429432985464876e-22 7.031165371666636426e-22
3.064999999999999947e+00 6.526134665473938925e-22 6.479982920528051359e-22 6.572286410419826491e-22
3.070000000000000284e+00 6.405283793039228444e-22 6.357364129626335462e-22 6.453203456452121426e-22
3.075000000000000178e+00 6.306923007800754318e-22 6.255200699694804752e-22 6.358645315906703884e-22
3.080000000000000071e+00 5.978831655601407103e-22 5.930430878240743922e-22 6.027232432962070283e-22
3.084999999999999964e+00 5.660352855253475870e-22 5.620756054619025764e-22 5.699949655887925976e-22
3.089999999999999858e+00 5.972564075941749673e-22 5.934330937652995115e-22 6.010797214230504232e-22
3.094999999999999751e+00 7.353824914541775881e-22 7.300103421656079739e-22 7.407546407427472023e-22
3.100000000000000089e+00 9.647167949798724896e-22 9.570140616029703185e-22 9.724195283567746608e-22
3.104999999999999982e+00 1.221462098557378233e-21 1.211811916610060257e-21 1.231112280504696209e-21
3.110000000000000320e+00 1.435106619203844736e-21 1.424568292150769241e-21 1.445644946256920232e-21
3.115000000000000213e+00 1.551040596128955941e-21 1.540487341238581146e-21 1.561593851019330735e-21
3.120000000000000107e+00 1.528571928731085844e-21 1.518514931890571585e-21 1.538628925571600103e-21
3.125000000000000000e+00 1.356425975364412161e-21 1.347573328965337172e-21 1.365278621763487150e-21
3.129999999999999893e+00 1.086720800571114096e-21 1.079767549500498454e-21 1.093674051641729737e-21
3.134999999999999787e+00 8.297157601096517907e-22 8.246478905370763021e-22 8.347836296822272793e-22
3.140000000000000124e+00 6.986375127699494674e-22 6.946264454011930453e-22 7.026485801387058895e-22
3.145000000000000018e+00 7.541513587858021136e-22 7.496787035706109515e-22 7.586240140009932757e-22
3.150000000000000355e+00 9.682455770709141419e-22 9.617509218980414159e-22 9.747402322437868680e-22
3.155000000000000249e+00 1.218280393319048236e-21 1.209549006937215865e-21 1.227011779700880606e-21
3.160000000000000142e+00 1.360085801767022531e-21 1.350404983706250442e-21 1.369766619827794620e-21
3.165000000000000036e+00 1.355349415008055470e-21 1.346372557940037073e-21 1.364326272076073867e-21
3.169999999999999929e+00 1.305292944185005748e-21 1.297360603442395952e-21 1.313225284927615544e-21
3.174999999999999822e+00 1.331218928846287865e-21 1.323284119166219141e-21 1.339153738526356590e-21
3.179999999999999716e+00 1.456154301518458747e-21 1.447761809671679030e-21 1.464546793365238463e-21
3.185000000000000053e+00 1.628581974318783557e-21 1.619886345526649095e-21 1.637277603110918019e-21
3.189999999999999947e+00 1.818551484361163770e-21 1.809256674325028956e-21 1.827846294397298584e-21
3.195000000000000284e+00 2.046609189063763257e-21 2.036348390778722897e-21 2.056869987348803618e-21
3.200000000000000178e+00 2.326975457051488769e-21 2.315768640096580599e-21 2.338182274006396938e-21
3.205000000000000071e+00 2.604840679213006798e-21 2.592652586780983974e-21 2.617028771645029623e-21
3.209999999999999964e+00 2.763890192214480645e-21 2.750970830529705575e-21 2.776809553899255714e-21
3.214999999999999858e+00 2.716514884530279433e-21 2.703945806340417933e-21 2.729083962720140934e-21
3.219999999999999751e+00 2.496227007868726312e-21 2.485061010120787945e-21 2.507393005616664679e-21
3.225000000000000089e+00 2.249320477735729719e-21 2.239403370452040283e-21 2.259237585019419155e-21
3.229999999999999982e+00 2.137229744916604731e-21 2.127398073600631985e-21 2.147061416232577478e-21
3.235000000000000320e+00 2.254517015577062691e-21 2.243728981294201532e-21 2.265305049859923850e-21
3.240000000000000213e+00 2.604125322344211310e-21 2.591961955663388597e-21 2.616288689025034024e-21
3.245000000000000107e+00 3.086520175627254467e-21 3.072803679788273356e-21 3.100236671466235577e-21
3.250000000000000000e+00 3.500396859280098102e-21 3.485359730835680921e-21 3.515433987724515284e-21
3.254999999999999893e+00 3.627202800539106873e-21 3.612150019522857788e-21 3.642255581555355957e-21
3.259999999999999787e+00 3.399468291389230317e-21 3.386020793842284019e-21 3.412915788936176615e-21
3.265000000000000124e+00 2.989379088494583206e-21 2.977954265225996409e-21 3.000803911763170003e-21
3.270000000000000018e+00 2.681789802510300437e-21 2.671323283137915293e-21 2.692256321882685580e-21
3.275000000000000355e+00 2.647417310175052498e-21 2.636567736675127079e-21 2.658266883674977917e-21
3.280000000000000249e+00 2.857998765213143065e-21 2.846166457465506337e-21 2.869831072960779793e-21
3.285000000000000142e+00 3.196620210423778772e-21 3.183840374032839756e-21 3.209400046814717787e-21
3.290000000000000036e+00 3.581818680039592203e-21 3.567811870197555410e-21 3.595825489881628995e-21
3.294999999999999929e+00 3.969404083946098147e-21 3.953332510938252968e-21 3.985475656953943327e-21
3.299999999999999822e+00 4.321296472588454479e-21 4.302829121649661106e-21 4.339763823527247852e-21
3.304999999999999716e+00 4.651450131520971284e-21 4.630577137543630733e-21 4.672323125498311834e-21
3.310000000000000053e+00 5.050434859277394706e-21 5.025964391522932657e-21 5.074905327031856755e-21
3.314999999999999947e+00 5.574042237349140222e-21 5.545121989606173419e-21 5.602962485092107024e-21
3.320000000000000284e+00 6.132237987502823447e-21 6.100854772111729599e-21 6.163621202893917295e-21
3.325000000000000178e+00 6.551792689625433236e-21 6.520733660539666596e-21 6.582851718711199877e-21
3.330000000000000071e+00 6.724760940115622073e-21 6.695053847861796625e-21 6.754468032369447522e-21
3.334999999999999964e+00 6.674752664504290467e-21 6.646822835424747620e-21 6.702682493583833314e-21
3.339999999999999858e+00 6.526283653015768277e-21 6.500664232519561446e-21 6.551903073511975107e-21
3.344999999999999751e+00 6.427582813430913502e-21 6.403909743925080056e-21 6.451255882936746948e-21
3.350000000000000089e+00 6.462445901758972985e-21 6.439696048145885880e-21 6.485195755372060090e-21
3.354999999999999982e+00 6.594956444680139321e-21 6.572064500347408238e-21 6.617848389012870403e-21
3.360000000000000320e+00 6.690410321201469085e-21 6.666925009006487812e-21 6.713895633396450357e-21
3.365000000000000213e+00 6.628041697396849414e-21 6.604332921656429798e-21 6.651750473137269029e-21
3.370000000000000107e+00 6.434217458009115725e-21 6.410938033291433181e-21 6.457496882726798270e-21
3.375000000000000000e+00 6.290657256952910677e-21 6.268058628226664975e-21 6.313255885679156378e-21
3.379999999999999893e+00 6.371120817401983880e-21 6.348557288674762386e-21 6.393684346129205374e-21
3.384999999999999787e+00 6.664411516223957213e-21 6.641258433345869938e-21 6.687564599102044488e-21
3.390000000000000124e+00 6.974593332334572886e-21 6.951088294152819482e-21 6.998098370516326290e-21
3.395000000000000018e+00 7.084404045779772201e-21 7.061155151959818030e-21 7.107652939599726372e-21
3.400000000000000355e+00 6.917755895464420754e-21 6.895667740575195255e-21 6.939844050353646253e-21
3.405000000000000249e+00 6.599063038648070811e-21 6.578951477507350090e-21 6.619174599788791532e-21
3.410000000000000142e+00 6.386573827404479116e-21 6.367729989569699558e-21 6.405417665239258674e-21
3.415000000000000036e+00 6.504710008869560309e-21 6.485097179079944285e-21 6.524322838659176332e-21
3.419999999999999929e+00 7.008930561044105267e-21 6.987358262019594005e-21 7.030502860068616529e-21
3.424999999999999822e+00 7.808123820136040451e-21 7.784572937187346207e-21 7.831674703084734695e-21
3.429999999999999716e+00 8.760630217900756962e-21 8.735060914982305979e-21 8.786199520819207945e-21
3.435000000000000053e+00 9.699382767132750999e-21 9.671404262040870785e-21 9.727361272224631212e-21
3.439999999999999947e+00 1.044553129822320864e-20 1.041538519857710402e-20 1.047567739786931326e-20
3.445000000000000284e+00 1.090793268482988616e-20 1.087701703511861761e-20 1.093884833454115470e-20
3.450000000000000178e+00 1.113869735514371682e-20 1.110816813261658886e-20 1.116922657767084478e-20
3.455000000000000071e+00 1.121994862788138481e-20 1.118978330973494240e-20 1.125011394602782722e-20
3.459999999999999964e+00 1.113517790036271251e-20 1.110525295766694613e-20 1.116510284305847888e-20
3.464999999999999858e+00 1.079989880288592628e-20 1.077046701545728991e-20 1.082933059031456265e-20
3.469999999999999751e+00 1.020409728618857751e-20 1.017614191969373071e-20 1.023205265268342431e-20
3.475000000000000089e+00 9.543210054152671491e-21 9.518309635888309502e-21 9.568110472417033480e-21
3.479999999999999982e+00 9.209865421258736311e-21 9.187515778169358398e-21 9.232215064348114225e-21
3.485000000000000320e+00 9.543926370359335309e-21 9.519683273259299278e-21 9.568169467459371340e-21
3.490000000000000213e+00 1.049753574292669451e-20 1.046712359765522133e-20 1.052794788819816768e-20
3.495000000000000107e+00 1.159495079831332703e-20 1.155889508779981253e-20 1.163100650882684153e-20
3.500000000000000000e+00 1.230940926580132649e-20 1.227227180005226347e-20 1.234654673155038951e-20
3.504999999999999893e+00 1.248504782682269326e-20 1.245120434195519940e-20 1.251889131169018713e-20
3.509999999999999787e+00 1.238862745009112276e-20 1.235859208302559028e-20 1.241866281715665523e-20
3.515000000000000124e+00 1.243336335662083445e-20 1.240472037721215319e-20 1.246200633602951570e-20
3.520000000000000018e+00 1.287944815429180207e-20 1.284977562691594616e-20 1.290912068166765798e-20
3.525000000000000355e+00 1.367846228860330754e-20 1.364648793853425199e-20 1.371043663867236309e-20
3.530000000000000249e+00 1.452793614748922612e-20 1.449396802388452738e-20 1.456190427109392486e-20
3.535000000000000142e+00 1.513664878278059748e-20 1.510163251095357869e-20 1.517166505460761627e-20
3.540000000000000036e+00 1.548228427980718938e-20 1.544687255388320387e-20 1.551769600573117488e-20
3.544999999999999929e+00 1.579271166677370945e-20 1.575702849745388504e-20 1.582839483609353386e-20
3.549999999999999822e+00 1.626936891072892736e-20 1.623233291336951434e-20 1.630640490808834037e-20
3.554999999999999716e+00 1.683614443333804371e-20 1.679604152094499365e-20 1.687624734573109377e-20
3.560000000000000053e+00 1.719698066418306282e-20 1.715467900832739244e-20 1.723928232003873321e-20
3.564999999999999947e+00 1.720025908084091746e-20 1.715917184712026295e-20 1.724134631456157197e-20
3.570000000000000284e+00 1.708546308605467253e-20 1.704657219435382032e-20 1.712435397775552474e-20
3.575000000000000178e+00 1.724071568575878858e-20 1.720075753774208794e-20 1.728067383377548922e-20
3.580000000000000071e+00 1.778038241698220599e-20 1.773781579527281836e-20 1.782294903869159361e-20
3.584999999999999964e+00 1.850682381901212984e-20 1.846394366184667781e-20 1.854970397617758187e-20
3.589999999999999858e+00 1.919550226322588819e-20 1.915351701044542060e-20 1.923748751600635577e-20
3.594999999999999751e+00 1.974234176049693460e-20 1.969942388222652917e-20 1.978525963876734003e-20
3.600000000000000089e+00 2.009798224145571861e-20 2.005294035618093404e-20 2.014302412673050317e-20
3.604999999999999982e+00 2.023655939217854294e-20 2.019068848496521180e-20 2.028243029939187409e-20
3.610000000000000320e+00 2.020243751910518716e-20 2.015781037228751316e-20 2.024706466592286116e-20
3.615000000000000213e+00 2.008902820103109767e-20 2.004670550757618872e-20 2.013135089448600662e-20
3.620000000000000107e+00 1.996020749279599119e-20 1.992016150837879475e-20 2.000025347721318763e-20
3.625000000000000000e+00 1.987295996669343266e-20 1.983526861053639697e-20 1.991065132285046836e-20
3.629999999999999893e+00 1.997315703232820041e-20 1.993816484156395001e-20 2.000814922309245081e-20
3.634999999999999787e+00 2.041569392938425268e-20 2.038209059555410099e-20 2.044929726321440438e-20
3.640000000000000124e+00 2.110699933946044613e-20 2.107194185317693250e-20 2.114205682574395976e-20
3.645000000000000018e+00 2.166774115204200619e-20 2.162996531361135897e-20 2.170551699047265340e-20
3.650000000000000355e+00 2.178153664070907727e-20 2.174189755233634807e-20 2.182117572908180647e-20
3.655000000000000249e+00 2.150641444429596890e-20 2.146633254411964055e-20 2.154649634447229726e-20
3.660000000000000142e+00 2.116684881501919043e-20 2.112709342238638980e-20 2.120660420765199107e-20
3.665000000000000036e+00 2.102979281275904652e-20 2.099034927204925569e-20 2.106923635346883734e-20
3.669999999999999929e+00 2.116196650517414703e-20 2.112266719471365576e-20 2.120126581563463831e-20
3.674999999999999822e+00 2.149319807922402031e-20 2.145350874242740310e-20 2.153288741602063751e-20
3.679999999999999716e+00 2.187126787841118760e-20 2.183027572909343823e-20 2.191226002772893697e-20
3.685000000000000053e+00 2.209676482576110545e-20 2.205454958959807189e-20 2.213898006192413901e-20
3.689999999999999947e+00 2.203801354363670422e-20 2.199524085864268178e-20 2.208078622863072667e-20
3.695000000000000284e+00 2.170332526782605079e-20 2.166033724369485423e-20 2.174631329195724735e-20
3.700000000000000178e+00 2.114421280316737216e-20 2.110225050661070122e-20 2.118617509972404311e-20
3.705000000000000071e+00 2.035691207769685033e-20 2.031791869647216023e-20 2.039590545892154044e-20
3.709999999999999964e+00 1.935769866732573523e-20 1.932251294221257271e-20 1.939288439243889775e-20
3.714999999999999858e+00 1.834267367878765168e-20 1.831091394362020264e-20 1.837443341395510073e-20
3.719999999999999751e+00 1.771023082604197688e-20 1.768061304806371173e-20 1.773984860402024203e-20
3.725000000000000089e+00 1.780237470509586545e-20 1.777203573862839313e-20 1.783271367156333777e-20
3.729999999999999982e+00 1.852731703070631068e-20 1.849387104239794097e-20 1.856076301901468039e-20
3.735000000000000320e+00 1.929919125163727119e-20 1.926329256475867701e-20 1.933508993851586537e-20
3.740000000000000213e+00 1.944845247772237971e-20 1.941238493377631498e-20 1.948452002166844444e-20
3.745000000000000107e+00 1.871664171174628536e-20 1.868240788724353756e-20 1.875087553624903315e-20
3.750000000000000000e+00 1.742131845867625938e-20 1.739001201711891686e-20 1.745262490023360191e-20
3.754999999999999893e+00 1.623996296653296058e-20 1.621100441141556406e-20 1.626892152165035710e-20
3.759999999999999787e+00 1.578088903028572289e-20 1.575143590624590173e-20 1.581034215432554404e-20
3.765000000000000124e+00 1.618255483863620540e-20 1.614921129073687898e-20 1.621589838653553182e-20
3.770000000000000018e+00 1.701869070207825072e-20 1.698101531208933013e-20 1.705636609206717131e-20
3.775000000000000355e+00 1.762322243039874057e-20 1.758419933655221791e-20 1.766224552424526323e-20
3.780000000000000249e+00 1.756783122173726594e-20 1.753084921262863877e-20 1.760481323084589311e-20
3.785000000000000142e+00 1.687325070298799244e-20 1.683980434537434962e-20 1.690669706060163525e-20
3.790000000000000036e+00 1.589012935924234521e-20 1.586004774061153052e-20 1.592021097787315990e-20
3.794999999999999929e+00 1.509284004692183923e-20 1.506464811051353051e-20 1.512103198333014795e-20
3.799999999999999822e+00 1.488012038935779811e-20 1.485147165628540660e-20 1.490876912243018962e-20
3.804999999999999716e+00 1.536842721230465022e-20 1.533771458579665588e-20 1.539913983881264456e-20
3.810000000000000053e+00 1.632553936025746209e-20 1.629285819895644388e-20 1.635822052155848031e-20
3.814999999999999947e+00 1.732529095395531760e-20 1.729166239490756416e-20 1.735891951300307103e-20
3.820000000000000284e+00 1.793096667075059282e-20 1.789679564867401775e-20 1.796513769282716790e-20
3.825000000000000178e+00 1.781308504665274884e-20 1.777874308759235119e-20 1.784742700571314649e-20
3.830000000000000071e+00 1.694932451576596997e-20 1.691665126153307049e-20 1.698199776999886945e-20
3.834999999999999964e+00 1.580509677557416226e-20 1.577563303254331115e-20 1.583456051860501336e-20
3.839999999999999858e+00 1.513650136234802956e-20 1.510904928348962692e-20 1.516395344120643220e-20
3.844999999999999751e+00 1.547583625620177408e-20 1.544753755964932906e-20 1.550413495275421910e-20
3.850000000000000089e+00 1.678931347526369948e-20 1.675810148496243201e-20 1.682052546556496696e-20
3.854999999999999982e+00 1.853952643928026164e-20 1.850469023376986498e-20 1.857436264479065830e-20
3.860000000000000320e+00 1.999001567740097694e-20 1.995207865897731470e-20 2.002795269582463919e-20
3.865000000000000213e+00 2.056372701071928015e-20 2.052446900556975291e-20 2.060298501586880739e-20
3.870000000000000107e+00 2.011135193117035776e-20 2.007315666503775127e-20 2.014954719730296425e-20
3.875000000000000000e+00 1.891612990757582816e-20 1.888058376162295778e-20 1.895167605352869855e-20
3.879999999999999893e+00 1.742480751902118944e-20 1.739188991285903932e-20 1.745772512518333956e-20
3.884999999999999787e+00 1.598462313828103175e-20 1.595361699388239923e-20 1.601562928267966427e-20
3.890000000000000124e+00 1.482780661845751091e-20 1.479822527730052668e-20 1.485738795961449515e-20
3.895000000000000018e+00 1.415826575238336932e-20 1.412948828439867486e-20 1.418704322036806378e-20
3.900000000000000355e+00 1.408229964147707819e-20 1.405374800831134324e-20 1.411085127464281314e-20
3.905000000000000249e+00 1.446458827449645993e-20 1.443608498684964256e-20 1.449309156214327730e-20
3.910000000000000142e+00 1.496730433434896867e-20 1.493830859507518608e-20 1.499630007362275126e-20
3.915000000000000036e+00 1.528820149959216287e-20 1.525780994564823530e-20 1.531859305353609044e-20
3.919999999999999929e+00 1.536413710809204324e-20 1.533212937016768466e-20 1.539614484601640182e-20
3.924999999999999822e+00 1.533724226148680167e-20 1.530392339956492686e-20 1.537056112340867648e-20
3.929999999999999716e+00 1.532819096192737922e-20 1.529430640671653935e-20 1.536207551713821908e-20
3.935000000000000053e+00 1.527158549660606429e-20 1.523830665515195023e-20 1.530486433806017834e-20
3.939999999999999947e+00 1.500155899759453548e-20 1.496990608007530800e-20 1.503321191511376297e-20
3.945000000000000284e+00 1.450014726803640353e-20 1.447090693504025654e-20 1.452938760103255051e-20
3.950000000000000178e+00 1.401426138768378241e-20 1.398711587716004035e-20 1.404140689820752447e-20
3.955000000000000071e+00 1.385848261506167948e-20 1.383146223845765281e-20 1.388550299166570615e-20
3.959999999999999964e+00 1.410266103211340317e-20 1.407420337155885313e-20 1.413111869266795320e-20
3.964999999999999858e+00 1.449068929958124149e-20 1.446096751510469132e-20 1.452041108405779165e-20
3.969999999999999751e+00 1.464614348037330759e-20 1.461575330072880329e-20 1.467653366001781190e-20
3.975000000000000089e+00 1.436666246714138953e-20 1.433587531549801275e-20 1.439744961878476631e-20
3.979999999999999982e+00 1.379796725905882270e-20 1.376738879737154047e-20 1.382854572074610493e-20
3.985000000000000320e+00 1.330281392168587165e-20 1.327220372426401735e-20 1.333342411910772596e-20
3.990000000000000213e+00 1.306604671239888424e-20 1.303369775415740303e-20 1.309839567064036545e-20
3.995000000000000107e+00 1.288597747230819627e-20 1.285208194664444822e-20 1.291987299797194431e-20
4.000000000000000000e+00 1.244595749746591096e-20 1.241348960551444523e-20 1.247842538941737670e-20
4.004999999999999893e+00 1.167405359965325289e-20 1.164540039370718970e-20 1.170270680559931607e-20
4.009999999999999787e+00 1.073276342416165229e-20 1.070750272845463592e-20 1.075802411986866866e-20
4.015000000000000568e+00 9.812734593891195363e-21 9.789508331816762197e-21 9.835960855965628529e-21
4.019999999999999574e+00 9.090070027129389304e-21 9.068426684653526239e-21 9.111713369605252368e-21
4.025000000000000355e+00 8.775762220205576498e-21 8.754678662304756646e-21 8.796845778106396350e-21
4.030000000000000249e+00 9.021676104819257305e-21 8.998362962325675424e-21 9.044989247312839186e-21
4.035000000000000142e+00 9.762645596906741728e-21 9.734534718406326662e-21 9.790756475407156795e-21
4.040000000000000036e+00 1.074562224317844174e-20 1.071255157719853939e-20 1.077869290915834409e-20
4.044999999999999929e+00 1.172001724878511337e-20 1.168349624125294498e-20 1.175653825631728176e-20
4.049999999999999822e+00 1.250036251078470029e-20 1.246206139992409067e-20 1.253866362164530991e-20
4.054999999999999716e+00 1.285129546573182895e-20 1.281361047598834822e-20 1.288898045547530968e-20
4.060000000000000497e+00 1.250023194699390719e-20 1.246624320722878533e-20 1.253422068675902905e-20
4.064999999999999503e+00 1.137978301325183396e-20 1.135101249783795452e-20 1.140855352866571340e-20
4.070000000000000284e+00 9.778299932555286855e-21 9.754200914862527308e-21 9.802398950248046402e-21
4.075000000000000178e+00 8.181173906873549365e-21 8.160653501311533492e-21 8.201694312435565239e-21
4.080000000000000071e+00 6.989478806873566593e-21 6.971506302478591752e-21 7.007451311268541434e-21
4.084999999999999964e+00 6.365493033568210004e-21 6.348603079783167426e-21 6.382382987353252582e-21
4.089999999999999858e+00 6.241169480859633120e-21 6.223820715390511566e-21 6.258518246328754675e-21
4.095000000000000639e+00 6.416082588904892072e-21 6.397898453886201028e-21 6.434266723923583116e-21
4.099999999999999645e+00 6.674501005050236861e-21 6.655590105871395435e-21 6.693411904229078287e-21
4.105000000000000426e+00 6.868679317916994802e-21 6.848665685768766550e-21 6.888692950065223054e-21
4.109999999999999432e+00 6.965343001951418964e-21 6.944136266335605745e-21 6.986549737567232184e-21
4.115000000000000213e+00 7.048188338372112828e-21 7.026302460780471051e-21 7.070074215963754604e-21
4.120000000000000107e+00 7.222933400083045140e-21 7.200488817466935787e-21 7.245377982699154494e-21
4.125000000000000000e+00 7.482816990009455955e-21 7.459525465060269106e-21 7.506108514958642804e-21
4.129999999999999893e+00 7.719847944542587528e-21 7.696513512357774543e-21 7.743182376727400513e-21
4.134999999999999787e+00 7.877286548641191350e-21 7.855177498862455494e-21 7.899395598419927206e-21
4.140000000000000568e+00 7.994120587854114418e-21 7.972573573004177101e-21 8.015667602704051735e-21
4.144999999999999574e+00 8.069222220181179225e-21 8.046043367337398613e-21 8.092401073024959836e-21
4.150000000000000355e+00 7.978500681855655751e-21 7.952849046498377841e-21 8.004152317212933660e-21
4.155000000000000249e+00 7.581722141112805819e-21 7.555082074734742672e-21 7.608362207490868966e-21
4.160000000000000142e+00 6.872704998215735561e-21 6.847717714722494746e-21 6.897692281708976376e-21
4.165000000000000036e+00 6.010293011469488810e-21 5.988838353783559694e-21 6.031747669155417926e-21
4.169999999999999929e+00 5.242383452423453522e-21 5.224661131180051281e-21 5.260105773666855764e-21
4.175000000000000711e+00 4.798923528895811248e-21 4.783777280654093717e-21 4.814069777137528779e-21
4.179999999999999716e+00 4.776475920802404732e-21 4.761754528540806341e-21 4.791197313064003124e-21
4.185000000000000497e+00 5.049219936381137629e-21 5.033245935603730173e-21 5.065193937158545084e-21
4.189999999999999503e+00 5.296849842607910528e-21 5.279400334872984584e-21 5.314299350342836472e-21
4.195000000000000284e+00 5.190484585373431938e-21 5.172471446001720766e-21 5.208497724745143110e-21
4.200000000000000178e+00 4.638396980450097716e-21 4.621739878623198881e-21 4.655054082276996552e-21
4.205000000000000071e+00 3.886074905532827063e-21 3.872492637648937766e-21 3.899657173416716359e-21
4.209999999999999964e+00 3.339776906351328084e-21 3.328192737763862844e-21 3.351361074938793323e-21
4.214999999999999858e+00 3.253716474009041085e-21 3.239510707418998593e-21 3.267922240599083577e-21
4.220000000000000639e+00 3.564017061502090495e-21 3.544119646762311257e-21 3.583914476241869733e-21
4.224999999999999645e+00 3.978171206369468825e-21 3.953856833079005391e-21 4.002485579659932258e-21
4.230000000000000426e+00 4.210733449983612088e-21 4.186341842580881573e-21 4.235125057386342603e-21
4.234999999999999432e+00 4.178161914289087324e-21 4.157598812617511640e-21 4.198725015960663008e-21
4.240000000000000213e+00 3.995206464969374219e-21 3.978840688408963120e-21 4.011572241529785319e-21
4.245000000000000107e+00 3.793139916362067947e-21 3.778673179933398440e-21 3.807606652790737454e-21
4.250000000000000000e+00 3.568659558479899806e-21 3.554734760660381865e-21 3.582584356299417748e-21
4.254999999999999893e+00 3.214399977409305118e-21 3.201287616863692023e-21 3.227512337954918212e-21
4.259999999999999787e+00 2.670067416236725215e-21 2.658558391840504999e-21 2.681576440632945432e-21
4.265000000000000568e+00 2.029081581692432425e-21 2.019949271888922828e-21 2.038213891495942022e-21
4.269999999999999574e+00 1.500997974933567822e-21 1.494390703241229332e-21 1.507605246625906312e-21
4.275000000000000355e+00 1.270469652879792419e-21 1.264933607072157349e-21 1.276005698687427489e-21
4.280000000000000249e+00 1.371664298685483539e-21 1.364433347924144765e-21 1.378895249446822313e-21
4.285000000000000142e+00 1.665942910605025638e-21 1.655951123791982487e-21 1.675934697418068790e-21
4.290000000000000036e+00 1.945623330494851912e-21 1.933942297792476522e-21 1.957304363197227303e-21
4.294999999999999929e+00 2.094874964824579916e-21 2.083021471969597573e-21 2.106728457679562259e-21
4.300000000000000711e+00 2.155375810153990410e-21 2.143568522348606976e-21 2.167183097959373845e-21
4.304999999999999716e+00 2.242179776713339161e-21 2.229994809262524732e-21 2.254364744164153591e-21
4.310000000000000497e+00 2.437094252075569653e-21 2.424718772697525264e-21 2.449469731453614041e-21
4.314999999999999503e+00 2.749621595306345369e-21 2.737049605590832308e-21 2.762193585021858429e-21
4.320000000000000284e+00 3.104594934507469621e-21 3.091322774368410128e-21 3.117867094646529114e-21
4.325000000000000178e+00 3.370438386129885800e-21 3.356627286884682611e-21 3.384249485375088990e-21
4.330000000000000071e+00 3.474408901434048043e-21 3.460531199567390343e-21 3.488286603300705742e-21
4.334999999999999964e+00 3.468852818665789056e-21 3.453085895240546804e-21 3.484619742091031308e-21
4.339999999999999858e+00 3.403397191526852790e-21 3.383056373938988061e-21 3.423738009114717518e-21
4.345000000000000639e+00 3.192431885893495675e-21 3.168868999743043648e-21 3.215994772043947702e-21
4.349999999999999645e+00 2.737921456496586193e-21 2.715881138419758670e-21 2.759961774573413716e-21
4.355000000000000426e+00 2.141633382077558082e-21 2.125166921253166392e-21 2.158099842901949773e-21
4.359999999999999432e+00 1.667358357337131964e-21 1.656883687852464839e-21 1.677833026821799089e-21
4.365000000000000213e+00 1.506823555989913546e-21 1.499329373612528057e-21 1.514317738367299036e-21
4.370000000000000107e+00 1.649349188464504272e-21 1.641308787019346655e-21 1.657389589909661889e-21
4.375000000000000000e+00 1.930040674212544658e-21 1.920008828996976244e-21 1.940072519428113072e-21
4.379999999999999893e+00 2.138437919251366380e-21 2.126830163798645954e-21 2.150045674704086805e-21
4.384999999999999787e+00 2.126477170973843592e-21 2.114667072917290046e-21 2.138287269030397138e-21
4.390000000000000568e+00 1.890629841067033897e-21 1.879839855906812931e-21 1.901419826227254864e-21
4.394999999999999574e+00 1.563368257364402101e-21 1.554111111877231242e-21 1.572625402851572961e-21
4.400000000000000355e+00 1.297874734529126826e-21 1.289534426982357500e-21 1.306215042075896152e-21
4.405000000000000249e+00 1.144800462302145499e-21 1.135854831349256614e-21 1.153746093255034384e-21
4.410000000000000142e+00 1.041753135698718058e-21 1.032065634993215781e-21 1.051440636404220335e-21
4.415000000000000036e+00 9.143645174126745853e-22 9.054390406252922585e-22 9.232899942000569122e-22
4.419999999999999929e+00 7.587689663987268560e-22 7.517986012534016744e-22 7.657393315440520376e-22
4.425000000000000711e+00 6.188459502699988204e-22 6.134741146157493319e-22 6.242177859242483090e-22
4.429999999999999716e+00 5.225848822948023156e-22 5.178282166358150156e-22 5.273415479537896157e-22
4.435000000000000497e+00 4.648655619900420218e-22 4.603010676088966481e-22 4.694300563711873955e-22
4.439999999999999503e+00 4.242872474258388643e-22 4.195604769078352860e-22 4.290140179438424426e-22
4.445000000000000284e+00 3.753182752090833773e-22 3.704217896905588289e-22 3.802147607276079257e-22
4.450000000000000178e+00 3.025641576136436926e-22 2.982129362910500883e-22 3.069153789362372968e-22
4.455000000000000071e+00 2.168405527078650046e-22 2.137476720762944128e-22 2.199334333394355964e-22
4.459999999999999964e+00 1.482226586019976261e-22 1.464510892199322457e-22 1.499942279840630065e-22
4.464999999999999858e+00 1.229780334564009433e-22 1.219367006450544142e-22 1.240193662677474724e-22
4.470000000000000639e+00 1.549813269091155165e-22 1.536957535956219748e-22 1.562669002226090582e-22
4.474999999999999645e+00 2.496262631841926382e-22 2.473756222344110143e-22 2.518769041339742622e-22
4.480000000000000426e+00 3.968392495124323172e-22 3.932959666572812556e-22 4.003825323675833788e-22
4.484999999999999432e+00 5.583952443183616212e-22 5.536326042440267978e-22 5.631578843926964445e-22
4.490000000000000213e+00 6.792910711391121475e-22 6.737915942237931557e-22 6.847905480544311393e-22
4.495000000000000107e+00 7.254337570667747103e-22 7.198516724193591944e-22 7.310158417141902263e-22
4.500000000000000000e+00 7.050626781461706556e-22 6.997409612552495839e-22 7.103843950370917274e-22
4.504999999999999893e+00 6.454372117218631011e-22 6.403460122454155247e-22 6.505284111983106775e-22
4.509999999999999787e+00 5.598641957465076983e-22 5.551136550379105436e-22 5.646147364551048530e-22
4.515000000000000568e+00 4.500823252691800166e-22 4.460253785432754903e-22 4.541392719950845430e-22
4.519999999999999574e+00 3.294200674981387111e-22 3.263793257476351426e-22 3.324608092486422795e-22
4.525000000000000355e+00 2.251169839586891514e-22 2.231309655298246735e-22 2.271030023875536293e-22
4.530000000000000249e+00 1.571170110533084904e-22 1.558088827402746310e-22 1.584251393663423499e-22
4.535000000000000142e+00 1.229686270661161370e-22 1.217860034136918666e-22 1.241512507185404075e-22
4.540000000000000036e+00 1.043221106778431995e-22 1.030739510178662209e-22 1.055702703378201780e-22
4.544999999999999929e+00 8.427543069728743554e-23 8.311209163897634951e-23 8.543876975559852156e-23
4.550000000000000711e+00 5.856802553304011222e-23 5.769252343941664056e-23 5.944352762666358387e-23
4.554999999999999716e+00 3.336944144178275718e-23 3.285050874249463446e-23 3.388837414107087991e-23
4.560000000000000497e+00 1.557724743585837675e-23 1.533655723783329267e-23 1.581793763388346083e-23
4.564999999999999503e+00 6.809260984999149651e-24 6.719644986856735829e-24 6.898876983141563473e-24
4.570000000000000284e+00 4.979699469791571485e-24 4.929745147374267195e-24 5.029653792208875775e-24
4.575000000000000178e+00 9.105769821677115151e-24 8.987422831745881968e-24 9.224116811608348335e-24
4.580000000000000071e+00 2.287842470714135596e-23 2.251463120131863411e-23 2.324221821296407781e-23
4.584999999999999964e+00 5.406272763240711299e-23 5.312933365821857809e-23 5.499612160659564790e-23
4.589999999999999858e+00 1.066693570653639284e-22 1.047916224155779505e-22 1.085470917151499062e-22
4.595000000000000639e+00 1.700217292398209137e-22 1.670786527501524021e-22 1.729648057294894252e-22
4.599999999999999645e+00 2.207334733287375998e-22 2.171343792413423810e-22 2.243325674161328185e-22
4.605000000000000426e+00 2.441420653793580518e-22 2.406537609791637782e-22 2.476303697795523255e-22
4.609999999999999432e+00 2.503288559545182898e-22 2.473940653526385131e-22 2.532636465563980664e-22
4.615000000000000213e+00 2.590197909506557261e-22 2.562594673615699025e-22 2.617801145397415497e-22
4.620000000000000107e+00 2.717897618735943617e-22 2.687285255390060283e-22 2.748509982081826950e-22
4.625000000000000000e+00 2.691521623790229704e-22 2.658806049008815116e-22 2.724237198571644292e-22
4.629999999999999893e+00 2.339333189276726750e-22 2.308515952669126515e-22 2.370150425884326985e-22
4.634999999999999787e+00 1.707477856754933596e-22 1.683060971371828345e-22 1.731894742138038847e-22
4.640000000000000568e+00 1.020848138019796901e-22 1.005179452567620326e-22 1.036516823471973476e-22
4.644999999999999574e+00 4.926144839817641742e-23 4.846484108163721808e-23 5.005805571471561675e-23
4.650000000000000355e+00 1.930638669643478646e-23 1.898833602797670390e-23 1.962443736489286902e-23
4.655000000000000249e+00 7.503857534581900644e-24 7.398458356748505825e-24 7.609256712415295464e-24
4.660000000000000142e+00 7.217608391124414947e-24 7.110349673745005337e-24 7.324867108503824556e-24
4.665000000000000036e+00 1.533091029116574331e-23 1.506474991864742223e-23 1.559707066368406439e-23
4.669999999999999929e+00 3.030453822341549469e-23 2.977070931516018878e-23 3.083836713167080059e-23
4.675000000000000711e+00 4.733324155570864713e-23 4.649854347515518573e-23 4.816793963626210852e-23
4.679999999999999716e+00 5.763866278631284249e-23 5.662215349799832108e-23 5.865517207462736390e-23
4.685000000000000497e+00 5.466656074779177227e-23 5.370246156297705290e-23 5.563065993260649163e-23
4.689999999999999503e+00 4.037926988876309045e-23 3.966714099086549823e-23 4.109139878666068268e-23
4.695000000000000284e+00 2.322853034347727251e-23 2.281887191547952608e-23 2.363818877147501894e-23
4.700000000000000178e+00 1.040666074657494988e-23 1.022312884727682576e-23 1.059019264587307400e-23
4.705000000000000071e+00 3.631009969192195837e-24 3.566973466767848723e-24 3.695046471616542951e-24
4.709999999999999964e+00 9.866653237786200483e-25 9.692644912457922849e-25 1.004066156311447812e-24
4.714999999999999858e+00 2.088039301214043297e-25 2.051214633997330763e-25 2.124863968430755601e-25
4.720000000000000639e+00 3.441389677867483960e-26 3.380697319456261327e-26 3.502082036278706592e-26
4.724999999999999645e+00 4.417284997170192517e-27 4.339381747106789737e-27 4.495188247233595296e-27
4.730000000000000426e+00 4.415761678785039794e-28 4.337885691574744724e-28 4.493637665995334864e-28
4.734999999999999432e+00 3.444585569399807851e-29 3.383954320868489595e-29 3.505216817931126108e-29
4.740000000000000213e+00 3.648726746239762916e-30 3.601156328855876760e-30 3.696297163623649072e-30
4.745000000000000107e+00 2.808956586833400002e-29 2.756178678774514794e-29 2.861734494892285211e-29
4.750000000000000000e+00 3.900682123266728416e-28 3.827139632584539391e-28 3.974224613948917441e-28
4.754999999999999893e+00 4.233298087143435828e-27 4.153483812427812547e-27 4.313112361859059109e-27
4.759999999999999787e+00 3.578059259142744013e-26 3.510598804993609588e-26 3.645519713291878439e-26
4.765000000000000568e+00 2.355280290109051048e-25 2.310874016617821657e-25 2.399686563600280438e-25
4.769999999999999574e+00 1.207435793576095119e-24 1.184670891964250570e-24 1.230200695187939667e-24
4.775000000000000355e+00 4.820719629631796352e-24 4.729830152401851870e-24 4.911609106861740834e-24
4.780000000000000249e+00 1.498946323451325644e-23 1.470685304723578992e-23 1.527207342179072297e-23
4.785000000000000142e+00 3.629833196354831368e-23 3.561396600370138743e-23 3.698269792339523994e-23
4.790000000000000036e+00 6.845633346679862172e-23 6.716566301925149275e-23 6.974700391434575068e-23
4.794999999999999929e+00 1.005465053152750909e-22 9.865080923512341901e-23 1.024422013954267629e-22
4.800000000000000711e+00 1.150129401972243239e-22 1.128444950661385377e-22 1.171813853283101101e-22
4.804999999999999716e+00 1.024596365277996797e-22 1.005278704188685272e-22 1.043914026367308321e-22
4.810000000000000497e+00 7.108619939354216421e-23 6.974594565602369173e-23 7.242645313106063668e-23
4.814999999999999503e+00 3.840998693363599585e-23 3.768580799334905851e-23 3.913416587392293320e-23
4.820000000000000284e+00 1.616327652399145172e-23 1.585853535120915675e-23 1.646801769677374668e-23
4.825000000000000178e+00 5.297134814280449089e-24 5.197263041790899944e-24 5.397006586769998233e-24
4.830000000000000071e+00 1.352007275462026688e-24 1.326516634246866165e-24 1.377497916677187212e-24
4.834999999999999964e+00 2.687468674597134548e-25 2.636799346846862187e-25 2.738138002347406908e-25
4.839999999999999858e+00 4.160391231893585269e-26 4.081951535501672129e-26 4.238830928285498409e-26
4.845000000000000639e+00 5.015928227597714576e-27 4.921358302471390508e-27 5.110498152724038644e-27
4.849999999999999645e+00 4.709717243945715748e-28 4.620920597160476673e-28 4.798513890730954823e-28
4.855000000000000426e+00 3.444012622573758318e-29 3.379079473399312848e-29 3.508945771748203787e-29
4.859999999999999432e+00 1.961376710928403611e-30 1.924397065231628959e-30 1.998356356625178262e-30
4.865000000000000213e+00 8.699287291242388153e-32 8.535271597545114293e-32 8.863302984939662012e-32
4.870000000000000107e+00 3.004918602649443468e-33 2.948264098364529445e-33 3.061573106934357491e-33
4.875000000000000000e+00 8.083661710477135571e-35 7.931252974143904172e-35 8.236070446810366970e-35
4.879999999999999893e+00 1.693596425805210090e-36 1.661665489014410824e-36 1.725527362596009357e-36
4.884999999999999787e+00 2.763364065904948894e-38 2.711263812282586658e-38 2.815464319527311130e-38
4.890000000000000568e+00 3.511499918911731853e-40 3.445294369441256574e-40 3.577705468382207133e-40
4.894999999999999574e+00 3.475150352811335183e-42 3.409630135265183115e-42 3.540670570357487252e-42
4.900000000000000355e+00 2.678433789072542298e-44 2.627934804359254090e-44 2.728932773785830506e-44
4.905000000000000249e+00 1.607735533764785431e-46 1.577423411630636420e-46 1.638047655898934442e-46
4.910000000000000142e+00 7.515790841441454343e-49 7.374088698809193364e-49 7.657492984073715322e-49
4.915000000000000036e+00 2.736283804992541633e-51 2.684694120527209655e-51 2.787873489457873612e-51
4.919999999999999929e+00 7.758432286271721581e-54 7.612155400495433043e-54 7.904709172048010119e-54
4.925000000000000711e+00 1.713220204935072660e-56 1.680919282921439527e-56 1.745521126948705792e-56
4.929999999999999716e+00 2.946312312812146911e-59 2.890762767009563348e-59 3.001861858614730474e-59
4.935000000000000497e+00 3.946124229377270421e-62 3.871724306575720970e-62 4.020524152178820304e-62
4.939999999999999503e+00 4.116130215982739126e-65 4.038525013381560455e-65 4.193735418583917797e-65
4.945000000000000284e+00 3.343750290538216099e-68 3.280707479662756317e-68 3.406793101413675882e-68
4.950000000000000178e+00 2.115460634969500781e-71 2.075575902816432089e-71 2.155345367122569474e-71
4.955000000000000071e+00 1.042323283031164573e-74 1.022671399997564621e-74 1.061975166064764525e-74
4.959999999999999964e+00 3.999689788273765684e-78 3.924279944543459868e-78 4.075099632004071499e-78
4.964999999999999858e+00 1.195299007692374215e-81 1.172762932108379015e-81 1.217835083276369415e-81
4.970000000000000639e+00 2.781974777844872061e-85 2.729523639290579767e-85 2.834425916399164355e-85
4.974999999999999645e+00 5.042619478204726498e-89 4.947546318291759046e-89 5.137692638117693951e-89
4.980000000000000426e+00 7.118452400680246640e-93 6.984241646458579622e-93 7.252663154901913658e-93
4.984999999999999432e+00 7.826027203972481814e-97 7.678475888815263944e-97 7.973578519129699683e-97
4.990000000000000213e+00 6.700751319989462825e-101 6.574415869825930160e-101 6.827086770152995491e-101
4.995000000000000107e+00 4.468194066227757047e-105 4.383951078864395243e-105 4.552437053591118852e-105
5.000000000000000000e+00 2.320421783765852219e-109 2.276672729872924791e-109 2.364170837658779646e-109
