6.198999999999999773e+02 0.000000000000000000e+00 0.000000000000000000e+00 0.000000000000000000e+00
6.183541147132169726e+02 0.000000000000000000e+00 0.000000000000000000e+00 0.000000000000000000e+00
6.168159203980100074e+02 0.000000000000000000e+00 0.000000000000000000e+00 0.000000000000000000e+00
6.152853598014887666e+02 0.000000000000000000e+00 0.000000000000000000e+00 0.000000000000000000e+00
6.137623762376236982e+02 0.000000000000000000e+00 0.000000000000000000e+00 0.000000000000000000e+00
6.122469135802468827e+02 0.000000000000000000e+00 0.000000000000000000e+00 0.000000000000000000e+00
6.107389162561577223e+02 0.000000000000000000e+00 0.000000000000000000e+00 0.000000000000000000e+00
6.092383292383291291e+02 0.000000000000000000e+00 0.000000000000000000e+00 0.000000000000000000e+00
6.077450980392156907e+02 0.000000000000000000e+00 0.000000000000000000e+00 0.000000000000000000e+00
6.062591687041564228e+02 0.000000000000000000e+00 0.000000000000000000e+00 0.000000000000000000e+00
6.047804878048781347e+02 0.000000000000000000e+00 0.000000000000000000e+00 0.000000000000000000e+00
6.033090024330899723e+02 0.000000000000000000e+00 0.000000000000000000e+00 0.000000000000000000e+00
6.018446601941747076e+02 0.000000000000000000e+00 0.000000000000000000e+00 0.000000000000000000e+00
6.003874092009684773e+02 0.000000000000000000e+00 0.000000000000000000e+00 0.000000000000000000e+00
5.989371980676328349e+02 0.000000000000000000e+00 0.000000000000000000e+00 0.000000000000000000e+00
5.974939759036143414e+02 0.000000000000000000e+00 0.000000000000000000e+00 0.000000000000000000e+00
5.960576923076922640e+02 0.000000000000000000e+00 0.000000000000000000e+00 0.000000000000000000e+00
5.946282973621102883e+02 0.000000000000000000e+00 0.000000000000000000e+00 0.000000000000000000e+00
5.932057416267942926e+02 0.000000000000000000e+00 0.000000000000000000e+00 0.000000000000000000e+00
5.917899761336515212e+02 0.000000000000000000e+00 0.000000000000000000e+00 0.000000000000000000e+00
5.903809523809522943e+02 0.000000000000000000e+00 0.000000000000000000e+00 0.000000000000000000e+00
5.889786223277909585e+02 0.000000000000000000e+00 0.000000000000000000e+00 0.000000000000000000e+00
5.875829383886256210e+02 0.000000000000000000e+00 0.000000000000000000e+00 0.000000000000000000e+00
5.861938534278958741e+02 0.000000000000000000e+00 0.000000000000000000e+00 0.000000000000000000e+00
5.848113207547169168e+02 0.000000000000000000e+00 0.000000000000000000e+00 0.000000000000000000e+00
5.834352941176470040e+02 0.000000000000000000e+00 0.000000000000000000e+00 0.000000000000000000e+00
5.820657276995304983e+02 0.000000000000000000e+00 0.000000000000000000e+00 0.000000000000000000e+00
5.807025761124122027e+02 0.000000000000000000e+00 0.000000000000000000e+00 0.000000000000000000e+00
5.793457943925233167e+02 0.000000000000000000e+00 0.000000000000000000e+00 0.000000000000000000e+00
5.779953379953379908e+02 0.000000000000000000e+00 0.000000000000000000e+00 0.000000000000000000e+00
5.766511627906976400e+02 0.000000000000000000e+00 0.000000000000000000e+00 0.000000000000000000e+00
5.753132250580047184e+02 0.000000000000000000e+00 0.000000000000000000e+00 0.000000000000000000e+00
5.739814814814814099e+02 0.000000000000000000e+00 0.000000000000000000e+00 0.000000000000000000e+00
5.726558891454965305e+02 0.000000000000000000e+00 0.000000000000000000e+00 0.000000000000000000e+00
5.713364055299539359e+02 0.000000000000000000e+00 0.000000000000000000e+00 0.000000000000000000e+00
5.700229885057472075e+02 0.000000000000000000e+00 0.000000000000000000e+00 0.000000000000000000e+00
5.687155963302751616e+02 0.000000000000000000e+00 0.000000000000000000e+00 0.000000000000000000e+00
5.674141876430205684e+02 0.000000000000000000e+00 0.000000000000000000e+00 0.000000000000000000e+00
5.661187214611871923e+02 0.000000000000000000e+00 0.000000000000000000e+00 0.000000000000000000e+00
5.648291571753986773e+02 0.000000000000000000e+00 0.000000000000000000e+00 0.000000000000000000e+00
5.635454545454545041e+02 0.000000000000000000e+00 0.000000000000000000e+00 0.000000000000000000e+00
5.622675736961450639e+02 0.000000000000000000e+00 0.000000000000000000e+00 0.000000000000000000e+00
5.609954751131222110e+02 0.000000000000000000e+00 0.000000000000000000e+00 0.000000000000000000e+00
5.597291196388262051e+02 0.000000000000000000e+00 0.000000000000000000e+00 0.000000000000000000e+00
5.584684684684683589e+02 0.000000000000000000e+00 0.000000000000000000e+00 0.000000000000000000e+00
5.572134831460673468e+02 0.000000000000000000e+00 0.000000000000000000e+00 0.000000000000000000e+00
5.559641255605381502e+02 0.000000000000000000e+00 0.000000000000000000e+00 0.000000000000000000e+00
5.547203579418344361e+02 0.000000000000000000e+00 0.000000000000000000e+00 0.000000000000000000e+00
5.534821428571427759e+02 0.000000000000000000e+00 0.000000000000000000e+00 0.000000000000000000e+00
5.522494432071268875e+02 0.000000000000000000e+00 0.000000000000000000e+00 0.000000000000000000e+00
5.510222222222222399e+02 0.000000000000000000e+00 0.000000000000000000e+00 0.000000000000000000e+00
5.498004434589799985e+02 0.000000000000000000e+00 0.000000000000000000e+00 0.000000000000000000e+00
5.485840707964601961e+02 0.000000000000000000e+00 0.000000000000000000e+00 0.000000000000000000e+00
5.473730684326710616e+02 0.000000000000000000e+00 0.000000000000000000e+00 0.000000000000000000e+00
5.461674008810572332e+02 0.000000000000000000e+00 0.000000000000000000e+00 0.000000000000000000e+00
5.449670329670329920e+02 0.000000000000000000e+00 0.000000000000000000e+00 0.000000000000000000e+00
5.437719298245613118e+02 0.000000000000000000e+00 0.000000000000000000e+00 0.000000000000000000e+00
5.425820568927789509e+02 0.000000000000000000e+00 0.000000000000000000e+00 0.000000000000000000e+00
5.413973799126637232e+02 0.000000000000000000e+00 0.000000000000000000e+00 0.000000000000000000e+00
5.402178649237472428e+02 0.000000000000000000e+00 0.000000000000000000e+00 0.000000000000000000e+00
5.390434782608696196e+02 0.000000000000000000e+00 0.000000000000000000e+00 0.000000000000000000e+00
5.378741865509761055e+02 0.000000000000000000e+00 0.000000000000000000e+00 0.000000000000000000e+00
5.367099567099567139e+02 0.000000000000000000e+00 0.000000000000000000e+00 0.000000000000000000e+00
5.355507559395248336e+02 0.000000000000000000e+00 0.000000000000000000e+00 0.000000000000000000e+00
5.343965517241379075e+02 0.000000000000000000e+00 0.000000000000000000e+00 0.000000000000000000e+00
5.332473118279568780e+02 0.000000000000000000e+00 0.000000000000000000e+00 0.000000000000000000e+00
5.321030042918454228e+02 0.000000000000000000e+00 0.000000000000000000e+00 0.000000000000000000e+00
5.309635974304068213e+02 0.000000000000000000e+00 0.000000000000000000e+00 0.000000000000000000e+00
5.298290598290598155e+02 0.000000000000000000e+00 0.000000000000000000e+00 0.000000000000000000e+00
5.286993603411513050e+02 0.000000000000000000e+00 0.000000000000000000e+00 0.000000000000000000e+00
5.275744680851063322e+02 0.000000000000000000e+00 0.000000000000000000e+00 0.000000000000000000e+00
5.264543524416135369e+02 0.000000000000000000e+00 0.000000000000000000e+00 0.000000000000000000e+00
5.253389830508474461e+02 0.000000000000000000e+00 0.000000000000000000e+00 0.000000000000000000e+00
5.242283298097250963e+02 0.000000000000000000e+00 0.000000000000000000e+00 0.000000000000000000e+00
5.231223628691982412e+02 0.000000000000000000e+00 0.000000000000000000e+00 0.000000000000000000e+00
5.220210526315789821e+02 0.000000000000000000e+00 0.000000000000000000e+00 0.000000000000000000e+00
5.209243697478991635e+02 0.000000000000000000e+00 0.000000000000000000e+00 0.000000000000000000e+00
5.198322851153039892e+02 0.000000000000000000e+00 0.000000000000000000e+00 0.000000000000000000e+00
5.187447698744769014e+02 0.000000000000000000e+00 0.000000000000000000e+00 0.000000000000000000e+00
5.176617954070981114e+02 0.000000000000000000e+00 0.000000000000000000e+00 0.000000000000000000e+00
5.165833333333333712e+02 0.000000000000000000e+00 0.000000000000000000e+00 0.000000000000000000e+00
5.155093555093554869e+02 0.000000000000000000e+00 0.000000000000000000e+00 0.000000000000000000e+00
5.144398340248961858e+02 0.000000000000000000e+00 0.000000000000000000e+00 0.000000000000000000e+00
5.133747412008281117e+02 0.000000000000000000e+00 0.000000000000000000e+00 0.000000000000000000e+00
5.123140495867768323e+02 0.000000000000000000e+00 0.000000000000000000e+00 0.000000000000000000e+00
5.112577319587629177e+02 0.000000000000000000e+00 0.000000000000000000e+00 0.000000000000000000e+00
5.102057613168723833e+02 0.000000000000000000e+00 0.000000000000000000e+00 0.000000000000000000e+00
5.091581108829568620e+02 0.000000000000000000e+00 0.000000000000000000e+00 0.000000000000000000e+00
5.081147540983606632e+02 0.000000000000000000e+00 0.000000000000000000e+00 0.000000000000000000e+00
5.070756646216768786e+02 0.000000000000000000e+00 0.000000000000000000e+00 0.000000000000000000e+00
5.060408163265305461e+02 0.000000000000000000e+00 0.000000000000000000e+00 0.000000000000000000e+00
5.050101832993889843e+02 0.000000000000000000e+00 0.000000000000000000e+00 0.000000000000000000e+00
5.039837398373983888e+02 0.000000000000000000e+00 0.000000000000000000e+00 0.000000000000000000e+00
5.029614604462474858e+02 0.000000000000000000e+00 0.000000000000000000e+00 0.000000000000000000e+00
5.019433198380565955e+02 0.000000000000000000e+00 0.000000000000000000e+00 0.000000000000000000e+00
5.009292929292928989e+02 0.000000000000000000e+00 0.000000000000000000e+00 0.000000000000000000e+00
4.999193548387096371e+02 0.000000000000000000e+00 0.000000000000000000e+00 0.000000000000000000e+00
4.989134808853118557e+02 0.000000000000000000e+00 0.000000000000000000e+00 0.000000000000000000e+00
4.979116465863453413e+02 0.000000000000000000e+00 0.000000000000000000e+00 0.000000000000000000e+00
4.969138276553105698e+02 0.000000000000000000e+00 0.000000000000000000e+00 0.000000000000000000e+00
4.959199999999999591e+02 0.000000000000000000e+00 0.000000000000000000e+00 0.000000000000000000e+00
4.949301397205588842e+02 0.000000000000000000e+00 0.000000000000000000e+00 0.000000000000000000e+00
4.939442231075697691e+02 1.872260699334915621e-297 1.872260699334915621e-297 1.872260699334915621e-297
4.929622266401590309e+02 1.654000221928036971e-289 1.654000221928036971e-289 1.654000221928036971e-289
4.919841269841269877e+02 1.138104920918952665e-281 1.138104920918952665e-281 1.138104920918952665e-281
4.910099009900990268e+02 6.099719328422482361e-274 6.099719328422482361e-274 6.099719328422482361e-274
4.900395256916995663e+02 2.546372266451288590e-266 2.546372266451288590e-266 2.546372266451288590e-266
4.890729783037475045e+02 8.279847616134724775e-259 8.279847616134724775e-259 8.279847616134724775e-259
4.881102362204724159e+02 2.097081715277988786e-251 2.097081715277988786e-251 2.097081715277988786e-251
4.871512770137524626e+02 4.137188773957003915e-244 4.137188773957003915e-244 4.137188773957003915e-244
4.861960784313725412e+02 6.357655321508326462e-237 6.357655321508326462e-237 6.357655321508326462e-237
4.852446183953032914e+02 7.610185518076675254e-230 7.610185518076675254e-230 7.610185518076675254e-230
4.842968750000000000e+02 7.095865812767604780e-223 7.095865812767604780e-223 7.095865812767604780e-223
4.833528265107212292e+02 5.153864549940453048e-216 5.153864549940453048e-216 5.153864549940453048e-216
4.824124513618676247e+02 2.915976076047270575e-209 2.915976076047270575e-209 2.915976076047270575e-209
4.814757281553397661e+02 1.285181574365435627e-202 1.285181574365435627e-202 1.285181574365435627e-202
4.805426356589147190e+02 4.412464035606759245e-196 4.412464035606759245e-196 4.412464035606759245e-196
4.796131528046421408e+02 1.180160181136000493e-189 1.180160181136000493e-189 1.180160181136000493e-189
4.786872586872586908e+02 2.458958133551928662e-183 2.458958133551928662e-183 2.458958133551928662e-183
4.777649325626204586e+02 3.991346208854138709e-177 3.991346208854138709e-177 3.991346208854138709e-177
4.768461538461538112e+02 5.047238605381940671e-171 5.047238605381940671e-171 5.047238605381940671e-171
4.759309021113243716e+02 4.972364137277780231e-165 4.972364137277780231e-165 4.972364137277780231e-165
4.750191570881225971e+02 3.816414678488710782e-159 3.816414678488710782e-159 3.816414678488710782e-159
4.741108986615678305e+02 2.282133439163896405e-153 2.282133439163896405e-153 2.282133439163896405e-153
4.732061068702289504e+02 1.063234533898805930e-147 1.063234533898805930e-147 1.063234533898805930e-147
4.723047619047619037e+02 3.859489018187224799e-142 3.859489018187224799e-142 3.859489018187224799e-142
4.714068441064638932e+02 1.091575521709239288e-136 1.074648317363679628e-136 1.108502726054798757e-136
4.705123339658444479e+02 2.405536581601453996e-131 2.368487935411242111e-131 2.442585227791665882e-131
4.696212121212120678e+02 4.130624318988111256e-126 4.067462002963317918e-126 4.193786635012905250e-126
4.687334593572778658e+02 5.526837892522851653e-121 5.442959047259647039e-121 5.610716737786056266e-121
4.678490566037735903e+02 5.762449938083706625e-116 5.675680460400574616e-116 5.849219415766839762e-116
4.669679849340865871e+02 4.681871359368411652e-111 4.611949232155561852e-111 4.751793486581261452e-111
4.660902255639097120e+02 2.964329293257874179e-106 2.920434799478778068e-106 3.008223787036969806e-106
4.652157598499061919e+02 1.462652472655234022e-101 1.441185552023792623e-101 1.484119393286675421e-101
4.643445692883894935e+02 5.624409346025058243e-97 5.542617059536330746e-97 5.706201632513785740e-97
4.634766355140187102e+02 1.685571991078950590e-92 1.661291430415572295e-92 1.709852551742328545e-92
4.626119402985074203e+02 3.937005441986328416e-88 3.880844784710310286e-88 3.993166099262346546e-88
4.617504655493481778e+02 7.167156224869856855e-84 7.065937984711146586e-84 7.268374465028568039e-84
4.608921933085501905e+02 1.016959713588233922e-79 1.002744041663462935e-79 1.031175385513004910e-79
4.600371057513913797e+02 1.124735780436359869e-75 1.109176485383398746e-75 1.140295075489320991e-75
4.591851851851851620e+02 9.696186011231320173e-72 9.563458359401665905e-72 9.828913663060974440e-72
4.583364140480591118e+02 6.515813619567319785e-68 6.427562513394557144e-68 6.604064725740082425e-68
4.574907749077490848e+02 3.413241692384812732e-64 3.367500480323919364e-64 3.458982904445706100e-64
4.566482504604051655e+02 1.393827958821471506e-60 1.375345123275814049e-60 1.412310794367128963e-60
4.558088235294117680e+02 4.437186728434301761e-57 4.378956224136024653e-57 4.495417232732578303e-57
4.549724770642201293e+02 1.101221832002081216e-53 1.086916309077022595e-53 1.115527354927139837e-53
4.541391941391941032e+02 2.130698912205876848e-50 2.103290713237525646e-50 2.158107111174228288e-50
4.533089579524680062e+02 3.214107819593315139e-47 3.173150205806882965e-47 3.255065433379746827e-47
4.524817518248174792e+02 3.780071829744752845e-44 3.732327627627396094e-44 3.827816031862109596e-44
4.516575591985427991e+02 3.466173105719108619e-41 3.422752829422249936e-41 3.509593382015967812e-41
4.508363636363636147e+02 2.478103514552004097e-38 2.447292707725094007e-38 2.508914321378914188e-38
4.500181488203267008e+02 1.381386046473420757e-35 1.364325147124572881e-35 1.398446945822268366e-35
4.492028985507246830e+02 6.004038701564943969e-33 5.930310299512663506e-33 6.077767103617223748e-33
4.483905967450270964e+02 2.034744843016614437e-30 2.009876778594088719e-30 2.059612907439140155e-30
4.475812274368230987e+02 5.376734378577375480e-28 5.311262190211487899e-28 5.442206566943263061e-28
4.467747747747747553e+02 1.107827793253867260e-25 1.094372133587670107e-25 1.121283452920064413e-25
4.459712230215826594e+02 1.779805931221515194e-23 1.758218391862491504e-23 1.801393470580538590e-23
4.451705565529622390e+02 2.229565255100839447e-21 2.202528246923641657e-21 2.256602263278037237e-21
4.443727598566308075e+02 2.177780224675735493e-19 2.151345846290039789e-19 2.204214603061431437e-19
4.435778175313059251e+02 1.658640155339945669e-17 1.638464735215117662e-17 1.678815575464773368e-17
4.427857142857142776e+02 9.849887809315840659e-16 9.729689609892421274e-16 9.970086008739258071e-16
4.419964349376113546e+02 4.560861731450281061e-14 4.504967665088586024e-14 4.616755797811976729e-14
4.412099644128113596e+02 1.646620151153546370e-12 1.626334501047056943e-12 1.666905801260035595e-12
4.404262877442273521e+02 4.635153608352748488e-11 4.577699036409582185e-11 4.692608180295915437e-11
4.396453900709219056e+02 1.017305225123304715e-09 1.004607531921015165e-09 1.030002918325594059e-09
4.388672566371681114e+02 1.740789043795545793e-08 1.718894378702403879e-08 1.762683708888687377e-08
4.380918727915193926e+02 2.322411295307282524e-07 2.292959515682453387e-07 2.351863074932111661e-07
4.373192239858906305e+02 2.415571130391254570e-06 2.384668878691609374e-06 2.446473382090899343e-06
4.365492957746478737e+02 1.958741334064865230e-05 1.933453024591188395e-05 1.984029643538542064e-05
4.357820738137082799e+02 1.238223734608058946e-04 1.222085821633422519e-04 1.254361647582695374e-04
4.350175438596490949e+02 6.102019680208286374e-04 6.021718586028081870e-04 6.182320774388490878e-04
4.342556917688265798e+02 2.344162567996388100e-03 2.313010055051429020e-03 2.375315080941347180e-03
4.334965034965035215e+02 7.019857809200423689e-03 6.925643681031306426e-03 7.114071937369541819e-03
4.327399650959860082e+02 1.638633765660837960e-02 1.616423837000316444e-02 1.660843694321359476e-02
4.319860627177699826e+02 2.981499896926865373e-02 2.940691782463830325e-02 3.022308011389900073e-02
4.312347826086956388e+02 4.228372095969306493e-02 4.169936507630490202e-02 4.286807684308123478e-02
4.304861111111110858e+02 4.673940981986645510e-02 4.608732163770199591e-02 4.739149800203091428e-02
4.297400346620451046e+02 4.026716105451714350e-02 3.970013523041438647e-02 4.083418687861989360e-02
4.289965397923875230e+02 2.703726559369615604e-02 2.665308141140313586e-02 2.742144977598917621e-02
4.282556131260794245e+02 1.414831851521521945e-02 1.394550749080083162e-02 1.435112953962960902e-02
4.275172413793103487e+02 5.769840387045994251e-03 5.686426770107735895e-03 5.853254003984251740e-03
4.267814113597245864e+02 1.833710558419239349e-03 1.806983219347164634e-03 1.860437897491314064e-03
4.260481099656357173e+02 4.543707763825814358e-04 4.476993228412406902e-04 4.610422299239222356e-04
4.253173241852487081e+02 8.997026572921106317e-05 8.867392838958303419e-05 9.126660306883909216e-05
4.245890410958904226e+02 3.065589004731285316e-05 3.031070461905859868e-05 3.100107547556710426e-05
4.238632478632478637e+02 1.038307259424837249e-04 1.021285336250471806e-04 1.055329182599202691e-04
4.231399317406143155e+02 4.676371664622279217e-04 4.598972737480069742e-04 4.753770591764488150e-04
4.224190800681431028e+02 1.672451102666415662e-03 1.645050070665940011e-03 1.699852134666891314e-03
4.217006802721088548e+02 4.703443418029865791e-03 4.627854617833584462e-03 4.779032218226147988e-03
4.209847198641764976e+02 1.047896644450559134e-02 1.031625964285659385e-02 1.064167324615458710e-02
4.202711864406779227e+02 1.873610011020766450e-02 1.846149763108453565e-02 1.901070258933079335e-02
4.195600676818950774e+02 2.741862322080490869e-02 2.704931133644988134e-02 2.778793510515993950e-02
4.188513513513513544e+02 3.369371530762980960e-02 3.327911505095893646e-02 3.410831556430068273e-02
4.181450252951096331e+02 3.578018884948090672e-02 3.535790863926744493e-02 3.620246905969437545e-02
4.174410774410774820e+02 3.420238285668913275e-02 3.379642513587292202e-02 3.460834057750534348e-02
4.167394957983192967e+02 3.276895793359832498e-02 3.240517849487681984e-02 3.313273737231983707e-02
4.160402684563758271e+02 3.870180464301716666e-02 3.825358766098675700e-02 3.915002162504756938e-02
4.153433835845896169e+02 5.856648354654499233e-02 5.769903232652042607e-02 5.943393476656955859e-02
4.146488294314380596e+02 9.006818382303984072e-02 8.859234645294998545e-02 9.154402119312969599e-02
4.139565943238731052e+02 1.189117291413706312e-01 1.169477242873976086e-01 1.208757339953436538e-01
4.132666666666666515e+02 1.296873408461798882e-01 1.276512303423333883e-01 1.317234513500263604e-01
4.125790349417637231e+02 1.224601742518533071e-01 1.207977530513513337e-01 1.241225954523552805e-01
4.118936877076412202e+02 1.152175970013519513e-01 1.140372273926536090e-01 1.163979666100502935e-01
4.112106135986732625e+02 1.284074565625592523e-01 1.272323421645494557e-01 1.295825709605690768e-01
4.105298013245032962e+02 1.682026539600594006e-01 1.664865844022382635e-01 1.699187235178805655e-01
4.098512396694214885e+02 2.218770685640621687e-01 2.195575504030424230e-01 2.241965867250819422e-01
4.091749174917491132e+02 2.661050306707720692e-01 2.634333276596622087e-01 2.687767336818819297e-01
4.085008237232289616e+02 2.830527044739081233e-01 2.803918175489478193e-01 2.857135913988684273e-01
4.078289473684210407e+02 2.728496415336927883e-01 2.704891816954291817e-01 2.752101013719563949e-01
4.071592775041050913e+02 2.495818829863787336e-01 2.475352913678178779e-01 2.516284746049395893e-01
4.064918032786885078e+02 2.251578554037562407e-01 2.232349764637437395e-01 2.270807343437687142e-01
4.058265139116203386e+02 2.022565922553692663e-01 2.004868339670353994e-01 2.040263505437031333e-01
4.051633986928104605e+02 1.824437615628758669e-01 1.809956775641596571e-01 1.838918455615920766e-01
4.045024469820554600e+02 1.706833625124961062e-01 1.694763180034611350e-01 1.718904070215311053e-01
4.038436482084690056e+02 1.675226503410399970e-01 1.662693680076167413e-01 1.687759326744632804e-01
4.031869918699186428e+02 1.649501399004125735e-01 1.635974038756511928e-01 1.663028759251739819e-01
4.025324675324675354e+02 1.563692971695815892e-01 1.551034318677449453e-01 1.576351624714182331e-01
4.018800648298217197e+02 1.480398594060745865e-01 1.470042517418962136e-01 1.490754670702529316e-01
4.012297734627831574e+02 1.562053760085941045e-01 1.552054333262810892e-01 1.572053186909070921e-01
4.005815831987076194e+02 1.923306257197815172e-01 1.909256033727202984e-01 1.937356480668427361e-01
3.999354838709677438e+02 2.523103105894689557e-01 2.502957514350856449e-01 2.543248697438523220e-01
3.992914653784218899e+02 3.194590195423171464e-01 3.169351281608848714e-01 3.219829109237494214e-01
3.986495176848874280e+02 3.753352265706946800e-01 3.725790513017543382e-01 3.780914018396349663e-01
3.980096308186195415e+02 4.056563921998858069e-01 4.028963127309926895e-01 4.084164716687788688e-01
3.973717948717948616e+02 3.997799769874748055e-01 3.971496879641761013e-01 4.024102660107735097e-01
3.967359999999999900e+02 3.547572312586914078e-01 3.524419259026402851e-01 3.570725366147425306e-01
3.961022364217252516e+02 2.842190206938967623e-01 2.824004798056662935e-01 2.860375615821272866e-01
3.954704944178628239e+02 2.170023806194970317e-01 2.156769390468641912e-01 2.183278221921298723e-01
3.948407643312101527e+02 1.827204095064166034e-01 1.816713620980242305e-01 1.837694569148089485e-01
3.942130365659777453e+02 1.972394018191480913e-01 1.960696315483526631e-01 1.984091720899435196e-01
3.935873015873015106e+02 2.532332219661821981e-01 2.515346214314281847e-01 2.549318225009362671e-01
3.929635499207606699e+02 3.186268820268673974e-01 3.163432907995344934e-01 3.209104732542003569e-01
3.923417721518986809e+02 3.557144157310166976e-01 3.531825118350919723e-01 3.582463196269414230e-01
3.917219589257503571e+02 3.544756695824625714e-01 3.521278783895080977e-01 3.568234607754169896e-01
3.911041009463722276e+02 3.413839894478383208e-01 3.393093791923890712e-01 3.434585997032875704e-01
3.904881889763779554e+02 3.481646252533571184e-01 3.460893692764067109e-01 3.502398812303075815e-01
3.898742138364780203e+02 3.808399998778697615e-01 3.786450425230278860e-01 3.830349572327116925e-01
3.892621664050235495e+02 4.259364260050597650e-01 4.236621867539850927e-01 4.282106652561344373e-01
3.886520376175548677e+02 4.756207129696317648e-01 4.731897649242666204e-01 4.780516610149969647e-01
3.880438184663536276e+02 5.352665184591431924e-01 5.325829275693956255e-01 5.379501093488906482e-01
3.874374999999999432e+02 6.085930123306105832e-01 6.056620014045789313e-01 6.115240232566421241e-01
3.868330733229328757e+02 6.812653871357440272e-01 6.780777351709195155e-01 6.844530391005686498e-01
3.862305295950155823e+02 7.228629132007307057e-01 7.194840063793030982e-01 7.262418200221583131e-01
3.856298600311042151e+02 7.104724596932618930e-01 7.071851653925822490e-01 7.137597539939415370e-01
3.850310559006211406e+02 6.528587611769727239e-01 6.499384260335564489e-01 6.557790963203889989e-01
3.844341085271317411e+02 5.882832674894971081e-01 5.856895649314848296e-01 5.908769700475094977e-01
3.838390092879257054e+02 5.589672570717613143e-01 5.563958992844240115e-01 5.615386148590987281e-01
3.832457496136011628e+02 5.896423607317413662e-01 5.868208774791197069e-01 5.924638439843630255e-01
3.826543209876542733e+02 6.810782939756712118e-01 6.778971087397326345e-01 6.842594792116097890e-01
3.820647149460708647e+02 8.072429838535387647e-01 8.036555959866107379e-01 8.108303717204667915e-01
3.814769230769230717e+02 9.154875538056634898e-01 9.115547700416327670e-01 9.194203375696942127e-01
3.808909370199692717e+02 9.486521536033875046e-01 9.447152760936263771e-01 9.525890311131486321e-01
3.803067484662576589e+02 8.890908761025180240e-01 8.855738415692984145e-01 8.926079106357376336e-01
3.797243491577335135e+02 7.818368771152868213e-01 7.788488492066537594e-01 7.848249050239198832e-01
3.791437308868501646e+02 7.013905236522411935e-01 6.986531288360844361e-01 7.041279184683978398e-01
3.785648854961831375e+02 6.924008032887416508e-01 6.895632251790058120e-01 6.952383813984774896e-01
3.779878048780487347e+02 7.474759015989679289e-01 7.443813009261780467e-01 7.505705022717578112e-01
3.774124809741247759e+02 8.360383506596095193e-01 8.326959350347755695e-01 8.393807662844434692e-01
3.768389057750759434e+02 9.367824716421635500e-01 9.331191555684699157e-01 9.404457877158570733e-01
3.762670713201820831e+02 1.038150867163499580e+00 1.033947536612635165e+00 1.042354197714363773e+00
3.756969696969696884e+02 1.130184175108838396e+00 1.125354257069286934e+00 1.135014093148390080e+00
3.751285930408471927e+02 1.216531974443306297e+00 1.211072888812414039e+00 1.221991060074198332e+00
3.745619335347431615e+02 1.320881728800778809e+00 1.314481766292064702e+00 1.327281691309492695e+00
3.739969834087481217e+02 1.457825068935098667e+00 1.450261318901593155e+00 1.465388818968604179e+00
3.734337349397590060e+02 1.603814590236980697e+00 1.595606680035947855e+00 1.612022500438013539e+00
3.728721804511278037e+02 1.713544179016490254e+00 1.705421055923768803e+00 1.721667302109211484e+00
3.723123123123123150e+02 1.758781986868904745e+00 1.751012446924874677e+00 1.766551526812934592e+00
3.717541229385307133e+02 1.745702911624027243e+00 1.738398193921960821e+00 1.753007629326093664e+00
3.711976047904191773e+02 1.706872591061024957e+00 1.700172133500674310e+00 1.713573048621375605e+00
3.706427503736920812e+02 1.681058549447272954e+00 1.674867137054843580e+00 1.687249961839702106e+00
3.700895522388059362e+02 1.690176579412060898e+00 1.684226623258241906e+00 1.696126535565879889e+00
3.695380029806259472e+02 1.724833150557913308e+00 1.718846032250608724e+00 1.730820268865217892e+00
3.689880952380951840e+02 1.749797987240960806e+00 1.743655680560864063e+00 1.755940293921057549e+00
3.684398216939078452e+02 1.733486208566567877e+00 1.727285457629204934e+00 1.739686959503931041e+00
3.678931750741839437e+02 1.682793762561513029e+00 1.676705303325157548e+00 1.688882221797868732e+00
3.673481481481481410e+02 1.645247283527183191e+00 1.639336878460653679e+00 1.651157688593712702e+00
3.668047337278106284e+02 1.666291579670554190e+00 1.660390354595190576e+00 1.672192804745917805e+00
3.662629246676514185e+02 1.742998306139764697e+00 1.736942890122885164e+00 1.749053722156644453e+00
3.657227138643067406e+02 1.824122705309894066e+00 1.817975239530385867e+00 1.830270171089402265e+00
3.651840942562591863e+02 1.852842403525563064e+00 1.846761929285766657e+00 1.858922877765359694e+00
3.646470588235293349e+02 1.809257543404926283e+00 1.803480646755619921e+00 1.815034440054232645e+00
3.641116005873714698e+02 1.725907181822741832e+00 1.720647239978399634e+00 1.731167123667084029e+00
3.635777126099706607e+02 1.670333132355819927e+00 1.665404748604721208e+00 1.675261516106918647e+00
3.630453879941434820e+02 1.701230258634139014e+00 1.696100754098189167e+00 1.706359763170089083e+00
3.625146198830409503e+02 1.833103202887594652e+00 1.827461222261439033e+00 1.838745183513750048e+00
3.619854014598540175e+02 2.042122783008725406e+00 2.035963327070607232e+00 2.048282238946844025e+00
3.614577259475219080e+02 2.291239608080156032e+00 2.284552258181738349e+00 2.297926957978573714e+00
3.609315866084425011e+02 2.536759276127732221e+00 2.529441827788182717e+00 2.544076724467282169e+00
3.604069767441860108e+02 2.731905632659482386e+00 2.724021275504771022e+00 2.739789989814193749e+00
3.598838896952104278e+02 2.852841266908667350e+00 2.844755643001924739e+00 2.860926890815409962e+00
3.593623188405796895e+02 2.913195047357958867e+00 2.905210488928004597e+00 2.921179605787912692e+00
3.588422575976845224e+02 2.934445360368896250e+00 2.926555976841870521e+00 2.942334743895921534e+00
3.583236994219653297e+02 2.912274575429282919e+00 2.904448059269068239e+00 2.920101091589498044e+00
3.578066378066378093e+02 2.824586278035964071e+00 2.816888740825080006e+00 2.832283815246848135e+00
3.572910662824207861e+02 2.668761411598636890e+00 2.661450014886502125e+00 2.676072808310772100e+00
3.567769784172661502e+02 2.495914143211365843e+00 2.489401732212841001e+00 2.502426554209891130e+00
3.562643678160919194e+02 2.408731782236137153e+00 2.402886496429163632e+00 2.414577068043110231e+00
3.557532281205164395e+02 2.496101487274954511e+00 2.489760990881825453e+00 2.502441983668083569e+00
3.552435530085959385e+02 2.745506782409801616e+00 2.737552844156557530e+00 2.753460720663045702e+00
3.547353361945636152e+02 3.032522759441628413e+00 3.023092813196753159e+00 3.041952705686504110e+00
3.542285714285713993e+02 3.219380953238217380e+00 3.209668086657671005e+00 3.229093819818763755e+00
3.537232524964336449e+02 3.265317149346126158e+00 3.256465784652588624e+00 3.274168514039663247e+00
3.532193732193732103e+02 3.240099535921241447e+00 3.232244139568230423e+00 3.247954932274252027e+00
3.527169274537695287e+02 3.251799685156487651e+00 3.244308451388796311e+00 3.259290918924178992e+00
3.522159090909090651e+02 3.368467907825867691e+00 3.360707407918396949e+00 3.376228407733337988e+00
3.517163120567375358e+02 3.577440639971281922e+00 3.569078125460494189e+00 3.585803154482069655e+00
3.512181303116146864e+02 3.799610518518500957e+00 3.790726556031850603e+00 3.808494481005151755e+00
3.507213578500707172e+02 3.958812135893996942e+00 3.949654042589997971e+00 3.967970229197995469e+00
3.502259887005649830e+02 4.049209027561404994e+00 4.039947507897930556e+00 4.058470547224879432e+00
3.497320169252467963e+02 4.130397652895365646e+00 4.121065140410093086e+00 4.139730165380637317e+00
3.492394366197183331e+02 4.255061738659074777e+00 4.245375409940251643e+00 4.264748067377897023e+00
3.487482419127989033e+02 4.403295198352287443e+00 4.392806754143493642e+00 4.413783642561081244e+00
3.482584269662921201e+02 4.497667662841557501e+00 4.486604163187634775e+00 4.508731162495480227e+00
3.477699859747545474e+02 4.498525094089244725e+00 4.487779212235351700e+00 4.509270975943138637e+00
3.472829131652660521e+02 4.468501554279773025e+00 4.458330099801934843e+00 4.478673008757611207e+00
3.467972027972027718e+02 4.509106042410390813e+00 4.498655459618491115e+00 4.519556625202291400e+00
3.463128491620111618e+02 4.650249517136177957e+00 4.639116718785275317e+00 4.661382315487080596e+00
3.458298465829846577e+02 4.840241706268786359e+00 4.829026906413698583e+00 4.851456506123873247e+00
3.453481894150417588e+02 5.020357438740791878e+00 5.009376690583050795e+00 5.031338186898532960e+00
3.448678720445062709e+02 5.163376865910529467e+00 5.152152200544905192e+00 5.174601531276154631e+00
3.443888888888888573e+02 5.256390443237926924e+00 5.244610268867216263e+00 5.268170617608637585e+00
3.439112343966712615e+02 5.292633664172220698e+00 5.280636668881744988e+00 5.304630659462696407e+00
3.434349030470913817e+02 5.283709490323653668e+00 5.272037785909589047e+00 5.295381194737718289e+00
3.429598893499307906e+02 5.254048619469207537e+00 5.242979617679087490e+00 5.265117621259327585e+00
3.424861878453038457e+02 5.220357081108632613e+00 5.209883525741147992e+00 5.230830636476117235e+00
3.420137931034482790e+02 5.197538518683212594e+00 5.187680788592881953e+00 5.207396248773542347e+00
3.415426997245178882e+02 5.223743880590475008e+00 5.214592085404698985e+00 5.232895675776251032e+00
3.410729023383768777e+02 5.339484191658493195e+00 5.330695635639103536e+00 5.348272747677883743e+00
3.406043956043955632e+02 5.520286976098608633e+00 5.511118103639137900e+00 5.529455848558078479e+00
3.401371742112482934e+02 5.666942390028565590e+00 5.657062564595016774e+00 5.676822215462115295e+00
3.396712328767122813e+02 5.696704259251406555e+00 5.686337122749947071e+00 5.707071395752866039e+00
3.392065663474691632e+02 5.624749290510040467e+00 5.614266341798945348e+00 5.635232239221134698e+00
3.387431693989070709e+02 5.535939901232102223e+00 5.525542346721818987e+00 5.546337455742384570e+00
3.382810368349249757e+02 5.500094518754719886e+00 5.489778525440388357e+00 5.510410512069051414e+00
3.378201634877383981e+02 5.534662990619778178e+00 5.524384719027703561e+00 5.544941262211851907e+00
3.373605442176871065e+02 5.621292705952250834e+00 5.610912427567594563e+00 5.631672984336907106e+00
3.369021739130434980e+02 5.720172407180426077e+00 5.709451393531744579e+00 5.730893420829107576e+00
3.364450474898235939e+02 5.779148476757427488e+00 5.768107579155842046e+00 5.790189374359012930e+00
3.359891598915988880e+02 5.763782771176810371e+00 5.752596079401829599e+00 5.774969462951791144e+00
3.355345060893098434e+02 5.676248996228690835e+00 5.665005985039695879e+00 5.687492007417684903e+00
3.350810810810810381e+02 5.530019719049559690e+00 5.519044974821661675e+00 5.540994463277456816e+00
3.346288798920377872e+02 5.324110490968871012e+00 5.313912231563694633e+00 5.334308750374047392e+00
3.341778975741239606e+02 5.062777997093133031e+00 5.053575585278790250e+00 5.071980408907475812e+00
3.337281292059219595e+02 4.797310171253676536e+00 4.789003786741623081e+00 4.805616555765729103e+00
3.332795698924731482e+02 4.631902195113196008e+00 4.624156014265560444e+00 4.639648375960832460e+00
3.328322147651006730e+02 4.656001340959921464e+00 4.648066541760607073e+00 4.663936140159235855e+00
3.323860589812332478e+02 4.845601464318445295e+00 4.836854060166293934e+00 4.854348868470595768e+00
3.319410977242301897e+02 5.047476071905387940e+00 5.038087193342035697e+00 5.056864950468740183e+00
3.314973262032085017e+02 5.086513586861561187e+00 5.077080545721834426e+00 5.095946628001288836e+00
3.310547396528704667e+02 4.895117103855377572e+00 4.886163650429562466e+00 4.904070557281192677e+00
3.306133333333333439e+02 4.556340569647036709e+00 4.548152738737605283e+00 4.564528400556468135e+00
3.301731025299600333e+02 4.247370960441187115e+00 4.239797191565270573e+00 4.254944729317103658e+00
3.297340425531915002e+02 4.127305581626582232e+00 4.119602464076448811e+00 4.135008699176714764e+00
3.292961487383797703e+02 4.232356541022592289e+00 4.223635928952385044e+00 4.241077153092800422e+00
3.288594164456233102e+02 4.451038024021401363e+00 4.441184469694214876e+00 4.460891578348588737e+00
3.284238410596025801e+02 4.609146174441767663e+00 4.598940144050451373e+00 4.619352204833083952e+00
3.279894179894179729e+02 4.594659256484052712e+00 4.584987047756086120e+00 4.604331465212019303e+00
3.275561426684279809e+02 4.412999905960690583e+00 4.404252405221097177e+00 4.421747406700283989e+00
3.271240105540896934e+02 4.155876102500032587e+00 4.148008609595098761e+00 4.163743595404966413e+00
3.266930171277997488e+02 3.947354477223002256e+00 3.939981208437474791e+00 3.954727746008529277e+00
3.262631578947368212e+02 3.891720157236286948e+00 3.884227418665646692e+00 3.899212895806926760e+00
3.258344283837056423e+02 4.019431053119723707e+00 4.011398527539600245e+00 4.027463578699846281e+00
3.254068241469815916e+02 4.269752457883870811e+00 4.261205085223632061e+00 4.278299830544109561e+00
3.249803407601572758e+02 4.531225707267370062e+00 4.522430553889542182e+00 4.540020860645198830e+00
3.245549738219895062e+02 4.689633054393842926e+00 4.680696026202600279e+00 4.698570082585085572e+00
3.241307189542483229e+02 4.658802504595507266e+00 4.649820769850275148e+00 4.667784239340739383e+00
3.237075718015665871e+02 4.432896115324535202e+00 4.424350810664794409e+00 4.441441419984275996e+00
3.232855280312907098e+02 4.133636832169933939e+00 4.125930937347819238e+00 4.141342726992047751e+00
3.228645833333333144e+02 3.958773579816895261e+00 3.951593812055896660e+00 3.965953347577893418e+00
3.224447334200260116e+02 4.047522622963665384e+00 4.040121432320381345e+00 4.054923813606950311e+00
3.220259740259739942e+02 4.391047113071273600e+00 4.382883984774960773e+00 4.399210241367586427e+00
3.216083009079117687e+02 4.848794691269025847e+00 4.839683692188439856e+00 4.857905690349610950e+00
3.211917098445595684e+02 5.228153060565950305e+00 5.218231080404390987e+00 5.238075040727508735e+00
3.207761966364811883e+02 5.378200499826359504e+00 5.367933031151672196e+00 5.388467968501046812e+00
3.203617571059431270e+02 5.259887128049406613e+00 5.249897606242473813e+00 5.269876649856338524e+00
3.199483870967741836e+02 4.947290890930095664e+00 4.937994215291920952e+00 4.956587566568270375e+00
3.195360824742268164e+02 4.557253092269091255e+00 4.548643880241423076e+00 4.565862304296758545e+00
3.191248391248391272e+02 4.180589836999203612e+00 4.172480545273268504e+00 4.188699128725138721e+00
3.187146529562981527e+02 3.878038106863945789e+00 3.870301455637585430e+00 3.885774758090306591e+00
3.183055198973042366e+02 3.702927582458663380e+00 3.695401174788578214e+00 3.710453990128748991e+00
3.178974358974358552e+02 3.683059541250321089e+00 3.675592198016151002e+00 3.690526884484491177e+00
3.174903969270166044e+02 3.783042628757319559e+00 3.775587929723973168e+00 3.790497327790665949e+00
3.170843989769820723e+02 3.914522090771191731e+00 3.906938596817308262e+00 3.922105584725074756e+00
3.166794380587484170e+02 3.998448963249326304e+00 3.990500410415176447e+00 4.006397516083475274e+00
3.162755102040816269e+02 4.018309026912677773e+00 4.009937780201740409e+00 4.026680273623615136e+00
3.158726114649681449e+02 4.011274996681695626e+00 4.002560840938018671e+00 4.019989152425373469e+00
3.154707379134860048e+02 4.008907735932261573e+00 4.000045629774348299e+00 4.017769842090173960e+00
3.150698856416772173e+02 3.994103243452600260e+00 3.985399554590709492e+00 4.002806932314491029e+00
3.146700507614212938e+02 3.923480994324650251e+00 3.915202546709870557e+00 3.931759441939430388e+00
3.142712294043092243e+02 3.792342664530511609e+00 3.784695199970561585e+00 3.799990129090461632e+00
3.138734177215189334e+02 3.665264937656931732e+00 3.658165349231607522e+00 3.672364526082256386e+00
3.134766118836915325e+02 3.624522835199444515e+00 3.617455974076384084e+00 3.631589696322504501e+00
3.130808080808080831e+02 3.688384823055528727e+00 3.680942057250546462e+00 3.695827588860510993e+00
3.126860025220681223e+02 3.789869044323125102e+00 3.782095661801358144e+00 3.797642426844892061e+00
3.122921914357682454e+02 3.830526253612091647e+00 3.822578060209762985e+00 3.838474447014420310e+00
3.118993710691823935e+02 3.757431287691159305e+00 3.749379270939997344e+00 3.765483304442321710e+00
3.115075376884421985e+02 3.608695756881779459e+00 3.600698320529665875e+00 3.616693193233893044e+00
3.111166875784190324e+02 3.479194235821821302e+00 3.471188499362268587e+00 3.487199972281373572e+00
3.107268170426065126e+02 3.417270562031268000e+00 3.408810073166943511e+00 3.425731050895592489e+00
3.103379224030037449e+02 3.370175574018916542e+00 3.361310598668309169e+00 3.379040549369523916e+00
3.099499999999999886e+02 3.255093534299328795e+00 3.246601939724538699e+00 3.263585128874118446e+00
3.095630461922596623e+02 3.053211165073656641e+00 3.045717256675611218e+00 3.060705073471702065e+00
3.091770573566084863e+02 2.807027810778413457e+00 2.800421173459866075e+00 2.813634448096960838e+00
3.087920298879202505e+02 2.566405110805984879e+00 2.560330555632562177e+00 2.572479665979407137e+00
3.084079601990050037e+02 2.377400708435774668e+00 2.371740147232014095e+00 2.383061269639535240e+00
3.080248447204968443e+02 2.295197204984487982e+00 2.289683048840458479e+00 2.300711361128517929e+00
3.076426799007443833e+02 2.359513083932604616e+00 2.353415806209254946e+00 2.365610361655954730e+00
3.072614622057001270e+02 2.553304923837096840e+00 2.545952854792284281e+00 2.560656992881909844e+00
3.068811881188118491e+02 2.810390883378396154e+00 2.801741640358879959e+00 2.819040126397912349e+00
3.065018541409147019e+02 3.065232415920157383e+00 3.055680776722589531e+00 3.074784055117725234e+00
3.061234567901234414e+02 3.269322524485380299e+00 3.259305320236994152e+00 3.279339728733766890e+00
3.057459926017263001e+02 3.361104903852619952e+00 3.351248838822740606e+00 3.370960968882499298e+00
3.053694581280787474e+02 3.269288377064315299e+00 3.260399022663823754e+00 3.278177731464806843e+00
3.049938499384994088e+02 2.976248160553935040e+00 2.968723571246825177e+00 2.983772749861045348e+00
3.046191646191645646e+02 2.557399130872891835e+00 2.551096316751066517e+00 2.563701944994717596e+00
3.042453987730061158e+02 2.139689637592337323e+00 2.134322767306968238e+00 2.145056507877706409e+00
3.038725490196078454e+02 1.828015825781880377e+00 1.823315329025149367e+00 1.832716322538611164e+00
3.035006119951040091e+02 1.664819699120304808e+00 1.660402330720043063e+00 1.669237067520566553e+00
3.031295843520782114e+02 1.632304338798271859e+00 1.627766973608160139e+00 1.636841703988383800e+00
3.027594627594626786e+02 1.678050801228201383e+00 1.673294954975454774e+00 1.682806647480947992e+00
3.023902439024390674e+02 1.745637093059091427e+00 1.740691170203628735e+00 1.750583015914554119e+00
3.020219244823385907e+02 1.796422142810581324e+00 1.791187813140340479e+00 1.801656472480822169e+00
3.016545012165450430e+02 1.821703390393667910e+00 1.816157018569669157e+00 1.827249762217666440e+00
3.012879708383960633e+02 1.843370611978247364e+00 1.837646618572716051e+00 1.849094605383778900e+00
3.009223300970873538e+02 1.889073123869502657e+00 1.883203007747973112e+00 1.894943239991031980e+00
3.005575757575757621e+02 1.957042614638870859e+00 1.950950990729540813e+00 1.963134238548200905e+00
3.001937046004842387e+02 2.019035267890875840e+00 2.012932422099638075e+00 2.025138113682113161e+00
2.998307134220072498e+02 2.060211479713454974e+00 2.054429118251999142e+00 2.065993841174911250e+00
2.994685990338163606e+02 2.090768046028701921e+00 2.085132678180485755e+00 2.096403413876918087e+00
2.991073582629674661e+02 2.110409993050691213e+00 2.104347837202928506e+00 2.116472148898453476e+00
2.987469879518071707e+02 2.086682843662206910e+00 2.079973960684526446e+00 2.093391726639886929e+00
2.983874849578820658e+02 1.982910091522908314e+00 1.975942696058301085e+00 1.989877486987515542e+00
2.980288461538461320e+02 1.797475012058628696e+00 1.790939882483012502e+00 1.804010141634245112e+00
2.976710684273709262e+02 1.571921318617885532e+00 1.566310105697682920e+00 1.577532531538088145e+00
2.973141486810551442e+02 1.371083621631828953e+00 1.366448557330514957e+00 1.375718685933142726e+00
2.969580838323352623e+02 1.255101903866071567e+00 1.251140581104801752e+00 1.259063226627341381e+00
2.966028708133971463e+02 1.249230996466603960e+00 1.245380789780909270e+00 1.253081203152298428e+00
2.962485065710871481e+02 1.320563980032547491e+00 1.316386168348872898e+00 1.324741791716222306e+00
2.958949880668258174e+02 1.385328664213900218e+00 1.380764951071200786e+00 1.389892377356599651e+00
2.955423122765196240e+02 1.357510084472764778e+00 1.352798960116665450e+00 1.362221208828864327e+00
2.951904761904761472e+02 1.213118076584368099e+00 1.208761607870093346e+00 1.217474545298643074e+00
2.948394768133174466e+02 1.016357102406811208e+00 1.012804820279946227e+00 1.019909384533676189e+00
2.944893111638954792e+02 8.734792976819900634e-01 8.704495948827503105e-01 8.765090004812298163e-01
2.941399762752075731e+02 8.509712056421915305e-01 8.472558547753396008e-01 8.546865565090434602e-01
2.937914691943127536e+02 9.321266680679279881e-01 9.269227336914918070e-01 9.373306024443642803e-01
2.934437869822485254e+02 1.040443804731423505e+00 1.034084666890526805e+00 1.046802942572320205e+00
2.930969267139479371e+02 1.101267719296829650e+00 1.094888381783909459e+00 1.107647056809749841e+00
2.927508854781582386e+02 1.092749017922264088e+00 1.087370980972522494e+00 1.098127054872005681e+00
2.924056603773584584e+02 1.044899175893904131e+00 1.040618899870429992e+00 1.049179451917378270e+00
2.920612485276795951e+02 9.920510510305703411e-01 9.882674465774003991e-01 9.958346554837401721e-01
2.917176470588235020e+02 9.333408584505119565e-01 9.296989916549707189e-01 9.369827252460531941e-01
2.913748531139835336e+02 8.406884392178999299e-01 8.372590558185016851e-01 8.441178226172982857e-01
2.910328638497652491e+02 6.983246716458010317e-01 6.953146219243668824e-01 7.013347213672352920e-01
2.906916764361077981e+02 5.306823792767803027e-01 5.282939312525383180e-01 5.330708273010222875e-01
2.903512880562061014e+02 3.925683342721880131e-01 3.908402802137140863e-01 3.942963883306619399e-01
2.900116959064326920e+02 3.322763679254522873e-01 3.308284803750017322e-01 3.337242554759028978e-01
2.896728971962616583e+02 3.587426351720569562e-01 3.568514652018185962e-01 3.606338051422953717e-01
2.893348891481913370e+02 4.357077386714799383e-01 4.330945045625047007e-01 4.383209727804551759e-01
2.889976689976689954e+02 5.088548570542043015e-01 5.057998205870475328e-01 5.119098935213610702e-01
2.886612339930151165e+02 5.478898633997766332e-01 5.447897220117819961e-01 5.509900047877712703e-01
2.883255813953487632e+02 5.637131466217790710e-01 5.606250896200786205e-01 5.668012036234794104e-01
2.879907084785133407e+02 5.864157012750792486e-01 5.832288666122684706e-01 5.896025359378900266e-01
2.876566125290023024e+02 6.373932856531493440e-01 6.341566248405497985e-01 6.406299464657487786e-01
2.873232908458864472e+02 7.191311298045033329e-01 7.158430740285957050e-01 7.224191855804110718e-01
2.869907407407407050e+02 8.119702240660324755e-01 8.084990469658668300e-01 8.154414011661980100e-01
2.866589595375722297e+02 8.814984464376847129e-01 8.778863161645594770e-01 8.851105767108100597e-01
2.863279445727482653e+02 9.086907096438908704e-01 9.050611602398945799e-01 9.123202590478872720e-01
2.859976931949250343e+02 9.072375816624821399e-01 9.031139286202997107e-01 9.113612347046645690e-01
2.856682027649769680e+02 8.901184336397734986e-01 8.847985324729809031e-01 8.954383348065662052e-01
2.853394706559262772e+02 8.349429437292188450e-01 8.287803484951129507e-01 8.411055389633247392e-01
2.850114942528736037e+02 7.160710963600852574e-01 7.103067108654064210e-01 7.218354818547640939e-01
2.846842709529276476e+02 5.601189764837020135e-01 5.558123676773337740e-01 5.644255852900701420e-01
2.843577981651376376e+02 4.360779320862302466e-01 4.333384057042379833e-01 4.388174584682225099e-01
2.840320733104238116e+02 3.940919463553811952e-01 3.921319312575910487e-01 3.960519614531712862e-01
2.837070938215102842e+02 4.313678461673822184e-01 4.292649739084473670e-01 4.334707184263171253e-01
2.833828571428571195e+02 5.047793969120597524e-01 5.021556859999072309e-01 5.074031078242122739e-01
2.830593607305935961e+02 5.592832408332509830e-01 5.562473691673247567e-01 5.623191124991770984e-01
2.827366020524515307e+02 5.561550480532680973e-01 5.530662560634870273e-01 5.592438400430491674e-01
2.824145785876992818e+02 4.944719578757765799e-01 4.916499643941684150e-01 4.972939513573846892e-01
2.820932878270762671e+02 4.088805467407239380e-01 4.064594494143435877e-01 4.113016440671042884e-01
2.817727272727272521e+02 3.394438441201811374e-01 3.372625349541258366e-01 3.416251532862363827e-01
2.814528944381384576e+02 2.994090718742471458e-01 2.970694475037714000e-01 3.017486962447228915e-01
2.811337868480725319e+02 2.724582577949010154e-01 2.699246061319878764e-01 2.749919094578141543e-01
2.808154020385050558e+02 2.391412656863666775e-01 2.368069124004051618e-01 2.414756189723282209e-01
2.804977375565611055e+02 1.984470826816147337e-01 1.966240658087969329e-01 2.002700995544325069e-01
2.801807909604519295e+02 1.618518665085706687e-01 1.604469261888703813e-01 1.632568068282709839e-01
2.798645598194131026e+02 1.366759184118004344e-01 1.354318685558897339e-01 1.379199682677111349e-01
2.795490417136414294e+02 1.215801102856332583e-01 1.203863205631119371e-01 1.227739000081545656e-01
2.792342342342342363e+02 1.109673302405788098e-01 1.097310991065416907e-01 1.122035613746159288e-01
2.789201349831270704e+02 9.816007255257055975e-02 9.687945445987783399e-02 9.944069064526328550e-02
2.786067415730336734e+02 7.913209034816504062e-02 7.799407968113812595e-02 8.027010101519195528e-02
2.782940516273849312e+02 5.671209155558964987e-02 5.590318506942858895e-02 5.752099804175071079e-02
2.779820627802690751e+02 3.876588986827694122e-02 3.830255677057853303e-02 3.922922296597535635e-02
2.776707726763717687e+02 3.216345561571155170e-02 3.189110728879833434e-02 3.243580394262476213e-02
2.773601789709171612e+02 4.053353992745901968e-02 4.019731337506458890e-02 4.086976647985345046e-02
2.770502793296089408e+02 6.528680782074103295e-02 6.469817919934689465e-02 6.587543644213518512e-02
2.767410714285713880e+02 1.037886298026589049e-01 1.028619259219535204e-01 1.047153336833642756e-01
2.764325529542921345e+02 1.460416966500388269e-01 1.447960842561897554e-01 1.472873090438878707e-01
2.761247216035634438e+02 1.776605756545767412e-01 1.762222522670247593e-01 1.790988990421287508e-01
2.758175750834259929e+02 1.897286514654511480e-01 1.882687229989258859e-01 1.911885799319763823e-01
2.755111111111111200e+02 1.844008358036460238e-01 1.830090034559511414e-01 1.857926681513409062e-01
2.752053274139844348e+02 1.688064976197929390e-01 1.674749543856957068e-01 1.701380408538901989e-01
2.749002217294899992e+02 1.464258835875991982e-01 1.451834356402935122e-01 1.476683315349048842e-01
2.745957918050941089e+02 1.177137289103238754e-01 1.166526822966601623e-01 1.187747755239875885e-01
2.742920353982300981e+02 8.615593713862244873e-02 8.536066696245854513e-02 8.695120731478635234e-02
2.739889502762430880e+02 5.887669462908687312e-02 5.835727491002449391e-02 5.939611434814925928e-02
2.736865342163355308e+02 4.109210295087313558e-02 4.074997740411168135e-02 4.143422849763459676e-02
2.733847850055126401e+02 3.216099548516688361e-02 3.185169420358211628e-02 3.247029676675164400e-02
2.730837004405286166e+02 2.728421883338802770e-02 2.695777738123044873e-02 2.761066028554561014e-02
2.727832783278327611e+02 2.204124589200035303e-02 2.173698826877792922e-02 2.234550351522277684e-02
2.724835164835164392e+02 1.531777697843604742e-02 1.508879972178066124e-02 1.554675423509143534e-02
2.721844127332601602e+02 8.727384221137111583e-03 8.591663488157491244e-03 8.863104954116730189e-03
2.718859649122806559e+02 4.074045522087585067e-03 4.011095836816669022e-03 4.136995207358501112e-03
2.715881708652793236e+02 1.780881977954715256e-03 1.757443969574681419e-03 1.804319986334749094e-03
2.712910284463894754e+02 1.302381721147022331e-03 1.289316756724318827e-03 1.315446685569725618e-03
2.709945355191256908e+02 2.381506804711013784e-03 2.350554543962302210e-03 2.412459065459725358e-03
2.706986899563318616e+02 5.983582408531667139e-03 5.888436503617181308e-03 6.078728313446153837e-03
2.704034896401308288e+02 1.413946939788800726e-02 1.389535120200362586e-02 1.438358759377238692e-02
2.701089324618736214e+02 2.789811346873302678e-02 2.740701409619438270e-02 2.838921284127167086e-02
2.698150163220892068e+02 4.446717993787267786e-02 4.369745295990260653e-02 4.523690691584274226e-02
2.695217391304348098e+02 5.773023907418136508e-02 5.678893842329930247e-02 5.867153972506342768e-02
2.692290988056460037e+02 6.385248050450438584e-02 6.294015559088869671e-02 6.476480541812008884e-02
2.689370932754881096e+02 6.547056268125683864e-02 6.470300277960633339e-02 6.623812258290734389e-02
2.686457204767063445e+02 6.774357432529488909e-02 6.702164421511762338e-02 6.846550443547216869e-02
2.683549783549783569e+02 7.108340975321689181e-02 7.028277946007073507e-02 7.188404004636303468e-02
2.680648648648648305e+02 7.039357668391718614e-02 6.953793937386248958e-02 7.124921399397189659e-02
2.677753779697624168e+02 6.118250315845060600e-02 6.037651464654385236e-02 6.198849167035735269e-02
2.674865156418554761e+02 4.465707144359049724e-02 4.401847657650649615e-02 4.529566631067449833e-02
2.671982758620688969e+02 2.669908019729561044e-02 2.628928419151032453e-02 2.710887620308089982e-02
2.669106566200215411e+02 1.288375138704857779e-02 1.267540812973227612e-02 1.309209464436487946e-02
2.666236559139784390e+02 5.049357955709150685e-03 4.966175550925246152e-03 5.132540360493055218e-03
2.663372717508055416e+02 1.962545521153684878e-03 1.934979608096710005e-03 1.990111434210659318e-03
2.660515021459227114e+02 1.887680430520288560e-03 1.859628176805775855e-03 1.915732684234801048e-03
2.657663451232583043e+02 4.009618944453038729e-03 3.940007835155301397e-03 4.079230053750775194e-03
2.654817987152034107e+02 7.925794897745015374e-03 7.786178236830199051e-03 8.065411558659831698e-03
2.651978609625667787e+02 1.237945160722155394e-02 1.216114615939603745e-02 1.259775705504706869e-02
2.649145299145299077e+02 1.507471310259471224e-02 1.480885707563804610e-02 1.534056912955137665e-02
2.646318036286018582e+02 1.429739483432667518e-02 1.404524605239867822e-02 1.454954361625467214e-02
2.643496801705757093e+02 1.056072225551164812e-02 1.037447333319240286e-02 1.074697117783089337e-02
2.640681576144834821e+02 6.075148412464335956e-03 5.968007077575623008e-03 6.182289747353049772e-03
2.637872340425531661e+02 2.721739497882736270e-03 2.673738892154760814e-03 2.769740103610711292e-03
2.635069075451647223e+02 9.496478737052101464e-04 9.328998810302330897e-04 9.663958663801873114e-04
2.632271762208067685e+02 2.580506896800076138e-04 2.534997069628831118e-04 2.626016723971320616e-04
2.629480381760339469e+02 5.461020761262113971e-05 5.364710183161352505e-05 5.557331339362875437e-05
2.626694915254236662e+02 9.000549207814438206e-06 8.841815495694680283e-06 9.159282919934194435e-06
2.623915343915343783e+02 1.155288842692394323e-06 1.134914165562578065e-06 1.175663519822210793e-06
2.621141649048625482e+02 1.154890436717828031e-07 1.134522889866007116e-07 1.175257983569648946e-07
2.618373812038014989e+02 9.008907685549321951e-09 8.850333799119954639e-09 9.167481571978690917e-09
2.615611814345991206e+02 9.542814879874300266e-10 9.418400058369616594e-10 9.667229701378981870e-10
2.612855637513171700e+02 7.346494977016094199e-09 7.208460577243074684e-09 7.484529376789112886e-09
2.610105263157894910e+02 1.020177448090090743e-07 1.000943276194147509e-07 1.039411619986033844e-07
2.607360672975814850e+02 1.107169234269679787e-06 1.086294751159439974e-06 1.128043717379919812e-06
2.604621848739495817e+02 9.357992394033798477e-06 9.181557524987801327e-06 9.534427263079793934e-06
2.601888772298005961e+02 6.159958079045029682e-05 6.043818703064467412e-05 6.276097455025591275e-05
2.599161425576519946e+02 3.157906047446624792e-04 3.098367129640772276e-04 3.217444965252477308e-04
2.596439790575915936e+02 1.260802417192835503e-03 1.237031345362703044e-03 1.284573489022967962e-03
2.593723849372384507e+02 3.920317490013607367e-03 3.846404125491729303e-03 3.994230854535486298e-03
2.591013584117032451e+02 9.493401026353648700e-03 9.314413173354322770e-03 9.672388879352974630e-03
2.588308977035490557e+02 1.790394740581310179e-02 1.756638775806584896e-02 1.824150705356035809e-02
2.585610010427528778e+02 2.629675373829480980e-02 2.580095676528131043e-02 2.679255071130831264e-02
2.582916666666666288e+02 3.008027932547305966e-02 2.951314805195574473e-02 3.064741059899037112e-02
2.580228928199791767e+02 2.679711066474445985e-02 2.629188000071233308e-02 2.730234132877659009e-02
2.577546777546777435e+02 1.859175785157109184e-02 1.824123027856554627e-02 1.894228542457663741e-02
2.574870197300103882e+02 1.004567950241328292e-02 9.856279033491248745e-03 1.023507997133531709e-02
2.572199170124480929e+02 4.227314524981231475e-03 4.147613061967203585e-03 4.307015987995259365e-03
2.569533678756476434e+02 1.385403195197066955e-03 1.359282909879048259e-03 1.411523480515085869e-03
2.566873706004140558e+02 3.536015723642116273e-04 3.469347955074283995e-04 3.602683492209948009e-04
2.564219234746639131e+02 7.028757657331120314e-05 6.896238000903893344e-05 7.161277313758347284e-05
2.561570247933884161e+02 1.088101305331451890e-05 1.067586326985293612e-05 1.108616283677610169e-05
2.558926728586170896e+02 1.311856925872290211e-06 1.287123276261117466e-06 1.336590575483462743e-06
2.556288659793814588e+02 1.231771051143889165e-07 1.208547334457009450e-07 1.254994767830768615e-07
2.553656024716786419e+02 9.007409210635399219e-09 8.837584209961512048e-09 9.177234211309284735e-09
2.551028806584362485e+02 5.129749680864854155e-10 5.033033774810410311e-10 5.226465586919297998e-10
2.548406988694758297e+02 2.275196088408703545e-11 2.232299716298617346e-11 2.318092460518789744e-11
2.545790554414784310e+02 7.859010539423359472e-13 7.710837358995653759e-13 8.007183719851064175e-13
2.543179487179486955e+02 2.114186471598887648e-14 2.074325762424037564e-14 2.154047180773737733e-14
2.540573770491803316e+02 4.429401897341720882e-16 4.345890294547790364e-16 4.512913500135650906e-16
2.537973387922210975e+02 7.227253110637532304e-18 7.090991036196062979e-18 7.363515185079001628e-18
2.535378323108384109e+02 9.183914282263522673e-20 9.010761468540707869e-20 9.357067095986337477e-20
2.532788559754852145e+02 9.088846275151912740e-22 8.917485866325361886e-22 9.260206683978465476e-22
2.530204081632652731e+02 7.005127978810827367e-24 6.873053834525525670e-24 7.137202123096129064e-24
2.527624872579000908e+02 4.204842851091671949e-26 4.125565067289301105e-26 4.284120634894042793e-26
2.525050916496944922e+02 1.965666536954136623e-28 1.928606011207318939e-28 2.002727062700954083e-28
2.522482197355035396e+02 7.156427879054456215e-31 7.021501138083472474e-31 7.291354620025439081e-31
2.519918699186991944e+02 2.029126547835650562e-33 1.990869551923139896e-33 2.067383543748161571e-33
2.517360406091370066e+02 4.480725579410488560e-36 4.396246323861133008e-36 4.565204834959844112e-36
2.514807302231237429e+02 7.705732693859851569e-39 7.560449402146802397e-39 7.851015985572899436e-39
2.512259371833839623e+02 1.032062295504641739e-41 1.012603872340895358e-41 1.051520718668388121e-41
2.509716599190283546e+02 1.076525358141993059e-44 1.056228631814065294e-44 1.096822084469920824e-44
2.507178968655207143e+02 8.745184894981809383e-48 8.580303851392719394e-48 8.910065938570900588e-48
2.504646464646464494e+02 5.532738028678002113e-51 5.428424211299830436e-51 5.637051846056173790e-51
2.502119071644803228e+02 2.726073731117275811e-54 2.674676546599730627e-54 2.777470915634820995e-54
2.499596774193548185e+02 1.046071736277729074e-57 1.026349180194838658e-57 1.065794292360619490e-57
2.497079556898287933e+02 3.126163714030076106e-61 3.067223263737778878e-61 3.185104164322374024e-61
2.494567404426558994e+02 7.275927234839455588e-65 7.138747462202856769e-65 7.413107007476055251e-65
2.492060301507537758e+02 1.318837707968881601e-68 1.293972443228814930e-68 1.343702972708948271e-68
2.489558232931726707e+02 1.861747349562268502e-72 1.826646108184147764e-72 1.896848590940389492e-72
2.487061183550652288e+02 2.046805202097810919e-76 2.008214894197160124e-76 2.085395509998461715e-76
2.484569138276552849e+02 1.752502553627263346e-80 1.719461005231823153e-80 1.785544102022703164e-80
2.482082082082081911e+02 1.168603509849197571e-84 1.146570749128909618e-84 1.190636270569485294e-84
2.479599999999999795e+02 6.068789763038661763e-89 5.954369267478094474e-89 6.183210258599229053e-89
