6.860526242979276503e+02 1.520807541166844135e-179 1.520807541166844135e-179 1.520807541166844135e-179
6.841596998041001143e+02 8.918118102685525771e-178 8.918118102685525771e-178 8.918118102685525771e-178
6.822771923066339923e+02 5.123998910838253301e-176 5.123998910838253301e-176 5.123998910838253301e-176
6.804050160524654984e+02 2.884574004725291054e-174 2.884574004725291054e-174 2.884574004725291054e-174
6.785430862271844035e+02 1.591076969147585289e-172 1.591076969147585289e-172 1.591076969147585289e-172
6.766913189422263031e+02 8.598793918599003705e-171 8.598793918599003705e-171 8.598793918599003705e-171
6.748496312222736151e+02 4.553242062867355223e-169 4.553242062867355223e-169 4.553242062867355223e-169
6.730179409928615542e+02 2.362331195904350602e-167 2.362331195904350602e-167 2.362331195904350602e-167
6.711961670681861278e+02 1.200874653186872412e-165 1.200874653186872412e-165 1.200874653186872412e-165
6.693842291391085837e+02 5.981242613401622446e-164 5.981242613401622446e-164 5.981242613401622446e-164
6.675820477613547155e+02 2.918918752050632782e-162 2.918918752050632782e-162 2.918918752050632782e-162
6.657895443439035716e+02 1.395691526126707118e-160 1.395691526126707118e-160 1.395691526126707118e-160
6.640066411375624966e+02 6.538734809932184254e-159 6.538734809932184254e-159 6.538734809932184254e-159
6.622332612237266858e+02 3.001475853517894409e-157 3.001475853517894409e-157 3.001475853517894409e-157
6.604693285033160919e+02 1.349934917277303393e-155 1.349934917277303393e-155 1.349934917277303393e-155
6.587147676858911609e+02 5.948776538211927379e-154 5.948776538211927379e-154 5.948776538211927379e-154
6.569695042789390982e+02 2.568498561948483093e-152 2.568498561948483093e-152 2.568498561948483093e-152
6.552334645773325974e+02 1.086595359255809134e-150 1.086595359255809134e-150 1.086595359255809134e-150
6.535065756529530745e+02 4.503946386179152425e-149 4.503946386179152425e-149 4.503946386179152425e-149
6.517887653444786338e+02 1.829175710265952724e-147 1.829175710265952724e-147 1.829175710265952724e-147
6.500799622473323325e+02 7.278711175648442402e-146 7.278711175648442402e-146 7.278711175648442402e-146
6.483800957037889248e+02 2.837856263538060161e-144 2.837856263538060161e-144 2.837856263538060161e-144
6.466890957932346282e+02 1.084084538179542174e-142 1.084084538179542174e-142 1.084084538179542174e-142
6.450068933225815044e+02 4.057632899171108522e-141 -3.845925850737903427e-141 1.196119164908011931e-140
6.433334198168279272e+02 1.488055753060199619e-139 -1.406830560859896742e-139 4.382942066980295979e-139
6.416686075097688899e+02 5.346905403123845009e-138 -5.055086303387789701e-138 1.574889710963548031e-137
6.400123893348476258e+02 1.882446513939350536e-136 -1.779707867931162244e-136 5.544600895809863697e-136
6.383646989161495640e+02 6.493511850692500062e-135 -6.139114203536815708e-135 1.912613790492181828e-134
6.367254705595356654e+02 2.194691475638142478e-133 -2.074911376196910728e-133 6.464294327473196074e-133
6.350946392439104784e+02 7.267820012564271280e-132 -6.871162799698988608e-132 2.140680282482752866e-131
6.334721406126254806e+02 2.358151469790702699e-130 -2.229450182760400757e-130 6.945753122341806957e-130
6.318579109650128203e+02 7.496802655760987733e-129 -7.087648213067707271e-129 2.208125352458968017e-128
6.302518872480492291e+02 2.335163572887933479e-127 -2.207716900735197949e-127 6.878044046511065728e-127
6.286540070481453313e+02 7.126813322944938351e-126 -6.737851859341865998e-126 2.099147850523174532e-125
6.270642085830614860e+02 2.131131784708958716e-124 -2.014820594763428540e-124 6.277084164181345971e-124
6.254824306939433427e+02 6.243988246849012234e-123 -5.903208897487377728e-123 1.839118539118539884e-122
6.239086128374807458e+02 1.792465043011768438e-121 -1.694637333067032749e-121 5.279567419090568765e-121
6.223426950781818050e+02 5.041690247250930900e-120 -4.766528947418518663e-120 1.484990944192038184e-119
6.207846180807650853e+02 1.389435760456605632e-118 -1.313604257303605428e-118 4.092475778216817133e-118
6.192343231026646890e+02 3.751782316068558130e-117 -3.547020569878231890e-117 1.105058520201534815e-116
6.176917519866476596e+02 9.925985560440053024e-116 -9.384253134411273260e-116 2.923622425529138044e-115
6.161568471535422304e+02 2.573039737646269583e-114 -2.432610452226145878e-114 7.578689927518684683e-114
6.146295515950722574e+02 6.535159552352336858e-113 -6.178488890560326055e-113 1.924880799526499977e-112
6.131098088668002219e+02 1.626307796783158906e-111 -1.537548482873619412e-111 4.790164076439937039e-111
6.115975630811730070e+02 3.965392130394315738e-110 -3.748972160218771989e-110 1.167975642100740465e-109
6.100927589006716971e+02 9.473411099417886431e-109 -8.956378916930459675e-109 2.790320111576623254e-108
6.085953415310605124e+02 2.217499215478470882e-107 -2.096474333626368070e-107 6.531472764583309834e-107
6.071052567147369246e+02 5.085778166972758665e-106 -4.808210672252740713e-106 1.497976700619825901e-105
6.056224507241773836e+02 1.142847278890877018e-104 -1.080473882797967834e-104 3.366168440579721715e-104
6.041468703554808144e+02 2.516261839851275196e-103 -2.378931332696550645e-103 7.411455012399100540e-103
6.026784629220037459e+02 5.428255880747946901e-102 -5.131996913869897132e-102 1.598850867536579014e-101
6.012171762480905954e+02 1.147365108946095967e-100 -1.084745142371960902e-100 3.379475360264153470e-100
5.997629586628934248e+02 2.376182612904282011e-99 -2.246497236702864548e-99 6.998862462511428570e-99
5.983157589942812820e+02 4.821640604224174246e-98 -4.558488996148633803e-98 1.420177020459698230e-97
5.968755265628384450e+02 9.586204846424567562e-97 -9.063016697878444666e-97 2.823542639072757667e-96
5.954422111759479321e+02 1.867391689879737767e-95 -1.765474693895355415e-95 5.500258073654830949e-95
5.940157631219605037e+02 3.564191135994970207e-94 -3.369667589776300893e-94 1.049804986176624077e-93
5.925961331644480197e+02 6.665356718648529701e-93 -6.301580261030943405e-93 1.963229369832800536e-92
5.911832725365376291e+02 1.221300839642958736e-91 -1.154645668451954556e-91 3.597247347737872029e-91
5.897771329353281544e+02 2.192596727508336186e-90 -2.072930953539304892e-90 6.458124408555977700e-90
5.883776665163846928e+02 3.856840818322601944e-89 -3.646345274016863456e-89 1.136002691066206804e-88
5.869848258883127983e+02 6.647242387135362818e-88 -6.284454558878321509e-88 1.957893933314904826e-87
5.855985641074084924e+02 1.122504687189251471e-86 -1.061241532642346075e-86 3.306250907020848837e-86
5.842188346723841050e+02 1.857255522041439912e-85 -1.755891729641743549e-85 5.470402773724623944e-85
5.828455915191688064e+02 3.010869974282016471e-84 -2.846545143695362749e-84 8.868285092259396150e-84
5.814787890157821266e+02 4.782436259856826263e-83 -4.521424314835943082e-83 1.408629683454959488e-82
5.801183819572795528e+02 7.442917883827332959e-82 -7.036704320711970307e-82 2.192254008836663739e-81
5.787643255607683841e+02 1.134943160217537089e-80 -1.073001148732077404e-80 3.342887469167151956e-80
5.774165754604941867e+02 1.695671979304176937e-79 -1.603126963043189322e-79 4.994470921651543794e-79
5.760750877029945514e+02 2.482255162333453224e-78 -2.346780644168487397e-78 7.311290968835394804e-78
5.747398187423219724e+02 3.560310284940728875e-77 -3.365998544677608600e-77 1.048661911455906673e-76
5.734107254353305052e+02 5.003410348448844776e-76 -4.730338258027376351e-76 1.473715895492506529e-75
5.720877650370301808e+02 6.889397504058363470e-75 -6.513393529337306358e-75 2.029218853745403330e-74
5.707708951960038348e+02 9.294653659667283006e-74 -8.787377556403996113e-74 2.737668487573856527e-73
5.694600739498885105e+02 1.228632579065543915e-72 -1.161577262119707502e-72 3.618842420250795332e-72
5.681552597209174564e+02 1.591283977585523436e-71 -1.504436165403191126e-71 4.687004120574237395e-71
5.668564113115240843e+02 2.019343496713910406e-70 -1.909133397696634137e-70 5.947820391124454949e-70
5.655634879000068622e+02 2.510785185750690856e-69 -2.373753579001788952e-69 7.395323950503171178e-69
5.642764490362513925e+02 3.058762536203711021e-68 -2.891823864039313235e-68 9.009348936446736511e-68
5.629952546375133124e+02 3.651058691414755981e-67 -3.451794157890145755e-67 1.075391154071965838e-66
5.617198649842557643e+02 4.270008246294125868e-66 -4.036963183681229048e-66 1.257697967626948236e-65
5.604502407160454140e+02 4.893002756512791499e-65 -4.625956402504882835e-65 1.441196191553046330e-64
5.591863428275037222e+02 5.493625552362254972e-64 -5.193798892324014096e-64 1.618104999704852269e-63
5.579281326643115335e+02 6.043374332598268185e-63 -5.713543927480013274e-63 1.780029259267654748e-62
5.566755719192690322e+02 6.513835463970294638e-62 -6.158328611057691375e-62 1.918599953899828151e-61
5.554286226284076520e+02 6.879088872495305623e-61 -6.503647513945007380e-61 2.026182525893562139e-60
5.541872471671546236e+02 7.118064244850784950e-60 -6.729580281368170453e-60 2.096570877106974146e-59
5.529514082465490219e+02 7.216551811253173796e-59 -6.822692672886708462e-59 2.125579629539305871e-58
5.517210689095076077e+02 7.168601055075851644e-58 -6.777358934366415547e-58 2.111456104451811600e-57
5.504961925271406926e+02 6.977115894773768785e-57 -6.596324496544960939e-57 2.055055628609249738e-56
5.492767427951176842e+02 6.653563551974368278e-56 -6.290430732286204083e-56 1.959755783623493883e-55
5.480626837300796979e+02 6.216837694194030910e-55 -5.877540145774733548e-55 1.831121553416279609e-54
5.468539796661005994e+02 5.691432588464243669e-54 -5.380810175712047000e-54 1.676367535264053434e-53
5.456505952511938631e+02 5.105173551891788789e-53 -4.826547511512929762e-53 1.503689461529650641e-52
5.444524954438661553e+02 4.486795465929055432e-52 -4.241918765469266951e-52 1.321550969732737782e-51
5.432596455097166199e+02 3.863659818362364978e-51 -3.652792112177822809e-51 1.138011174890255217e-50
5.420720110180792517e+02 3.259855411123444625e-50 -3.081941654386898277e-50 9.601652476633788477e-50
5.408895578387104024e+02 2.694850276920461262e-49 -2.547772914233363588e-49 7.937473468074285353e-49
5.397122521385193750e+02 2.182769074994225546e-48 -2.063639666709599073e-48 6.429177816698050773e-48
5.385400603783418774e+02 1.732278799853886265e-47 -1.637735886095974961e-47 5.102293485803747977e-47
5.373729493097544037e+02 1.346990819983126969e-46 -1.273475842522750221e-46 3.967457482489004158e-46
5.362108859719309066e+02 1.026238559805479777e-45 -9.702293402370491677e-46 3.022706459848009188e-45
5.350538376885398293e+02 7.660707296015105923e-45 -7.242607398196846172e-45 2.256402199022705926e-44
5.339017720646813814e+02 5.603072685805726721e-44 -5.297272708482205728e-44 1.650341808009366017e-43
5.327546569838643791e+02 4.015323043300203389e-43 -3.796177984072513363e-43 1.182682407067292094e-42
5.316124606050210559e+02 2.819366747497446306e-42 -2.665493625409344252e-42 8.304227120404237182e-42
5.304751513595617780e+02 1.939632724114642271e-41 -1.833773015288638531e-41 5.713038463517922308e-41
5.293426979484661388e+02 1.307447561202393515e-40 -1.236090743793907296e-40 3.850985866198694121e-40
5.282150693394115706e+02 8.635070811088522576e-40 -8.163792888011088565e-40 2.543393451018813372e-39
5.270922347639393593e+02 5.587845306325063110e-39 -5.282876396624787037e-39 1.645856700927491261e-38
5.259741637146554467e+02 3.542906517239443790e-38 -3.349544625758750742e-38 1.043535766023763884e-37
5.248608259424676135e+02 2.200958527041733755e-37 -2.080836389528790299e-37 6.482753443612258644e-37
5.237521914538580177e+02 1.339679378520609766e-36 -1.266563439009395302e-36 3.945922196050614499e-36
5.226482305081887034e+02 7.989631202164959274e-36 -7.553579560958249607e-36 2.353284196528816949e-35
5.215489136150431477e+02 4.668629831856502619e-35 -4.413829122179762824e-35 1.375108878589276699e-34
5.204542115315995261e+02 2.672938681480817794e-34 -2.527057192158942584e-34 7.872934555120577317e-34
5.193640952600380842e+02 1.499427246997816841e-33 -1.417592717295585337e-33 4.416447211291219190e-33
5.182785360449804557e+02 8.241355497439050365e-33 -7.791565450878268332e-33 2.427427644575637180e-32
5.171975053709613803e+02 4.438219173343743798e-32 -4.195993630561879325e-32 1.307243197724936747e-31
5.161209749599318002e+02 2.341831749398825258e-31 -2.214021146892127375e-31 6.897684645689777453e-31
5.150489167687928784e+02 1.210708193031318518e-30 -1.144631138754956268e-30 3.566047524817593829e-30
5.139813029869618504e+02 6.132818618237600273e-30 -5.798106595111834560e-30 1.806374383158703300e-29
5.129181060339656142e+02 3.043810470688911313e-29 -2.877687840284370090e-29 8.965308781662193838e-29
5.118592985570670066e+02 1.480171167619417680e-28 -1.399387580670835732e-28 4.359729915909671317e-28
5.108048534289186478e+02 7.052500428703377182e-28 -6.667594754244582348e-28 2.077259561165133671e-27
5.097547437452459462e+02 3.292389056415038915e-27 -3.112699704652252110e-27 9.697477817482329581e-27
5.087089428225591519e+02 1.505968975381460273e-26 -1.423777416509080243e-26 4.435715367272000790e-26
5.076674241958929770e+02 6.749284697234640623e-26 -6.380927686162375896e-26 1.987949708063165714e-25
5.066301616165743553e+02 2.963714179837266636e-25 -2.801962980127932157e-25 8.729391339802464970e-25
5.055971290500173154e+02 1.275121990306373754e-24 -1.205529411807753934e-24 3.755773392420501075e-24
5.045683006735445701e+02 5.375315999602173016e-24 -5.081946342815629164e-24 1.583257834201997593e-23
5.035436508742358797e+02 2.220205184034557492e-23 -2.099032618015315628e-23 6.539442986084430318e-23
5.025231542468029602e+02 8.985020488447178121e-23 -8.494643294415978807e-23 2.646468427131033623e-22
5.015067855914891766e+02 3.562721531498278306e-22 -3.368278192167297724e-22 1.049372125516385481e-21
5.004945199119956101e+02 1.384144822271172342e-21 -1.308602083670748451e-21 4.076891728213093323e-21
4.994863324134319100e+02 5.268876679132156754e-21 -4.981316181642879001e-21 1.551906953990719100e-20
4.984821985002914175e+02 1.965130437619789619e-20 -1.857879135172073755e-20 5.788140010411652691e-20
4.974820937744517551e+02 7.181275337779678196e-20 -6.789341490301561470e-20 2.115189216586091786e-19
4.964859940331978123e+02 2.571275558443660405e-19 -2.430942556971664053e-19 7.573493673858985344e-19
4.954938752672700844e+02 9.020539491170848663e-19 -8.528223769685599765e-19 2.656930275202729613e-18
4.945057136589354059e+02 3.100653598191060668e-18 -2.931428629466807150e-18 9.132735825848928100e-18
4.935214855800807641e+02 1.044265271526983498e-17 -9.872722046403674919e-18 3.075802747694334335e-17
4.925411675903303035e+02 3.445920610589129465e-17 -3.257851937618603927e-17 1.014969315879686409e-16
4.915647364351842725e+02 1.114131741588884393e-16 -1.053325558906943419e-16 3.281589042084712082e-16
4.905921690441802525e+02 3.529430826372465717e-16 -3.336804400268057897e-16 1.039566605301298982e-15
4.896234425290760441e+02 1.095493106186941429e-15 -1.035704167899805441e-15 3.226690380273688496e-15
4.886585341820546660e+02 3.331589392427408899e-15 -3.149760596374718337e-15 9.812939381229536529e-15
4.876974214739491913e+02 9.927276989329417360e-15 -9.385474080737539877e-15 2.924002805939637144e-14
4.867400820524899814e+02 2.898315477153247112e-14 -2.740133555038423173e-14 8.536764509344917713e-14
4.857864937405716432e+02 8.290830179707682851e-14 -7.838339943882184228e-14 2.442000030329754614e-13
4.848366345345403943e+02 2.323738377302273687e-13 -2.196915260249928667e-13 6.844392014854475537e-13
4.838904826025017769e+02 6.381360632970619224e-13 -6.033083884428874073e-13 1.879580515037011252e-12
4.829480162826480978e+02 1.717023322912281749e-12 -1.623313010258189684e-12 5.057359656082752576e-12
4.820092140816048527e+02 4.526639900509906087e-12 -4.279588602668532662e-12 1.333286840368834564e-11
4.810740546727974447e+02 1.169263916109164268e-11 -1.105448774118023599e-11 3.443976606336352135e-11
4.801425168948356941e+02 2.959279563091662136e-11 -2.797770392314708157e-11 8.716329518498032752e-11
4.792145797499177888e+02 7.338313979464623439e-11 -6.937809403788205000e-11 2.161443736271745188e-10
4.782902224022528799e+02 1.782967519984197554e-10 -1.685658158183297932e-10 5.251593198151693298e-10
4.773694241765011270e+02 4.244508632459131504e-10 -4.012855267182628270e-10 1.250187253210088973e-09
4.764521645562323329e+02 9.900297790165486274e-10 -9.359967330523469037e-10 2.916056291085444365e-09
4.755384231824022550e+02 2.262590409409664468e-09 -2.139104576780238672e-09 6.664285395599567195e-09
4.746281798518461414e+02 5.066411645200935684e-09 -4.789901120870400591e-09 1.492272441127227361e-08
4.737214145157900589e+02 1.111557291555906012e-08 -1.050891615129330904e-08 3.274006198241143423e-08
4.728181072783784202e+02 2.389461722586779424e-08 -2.259051609858145790e-08 7.037975055031703314e-08
4.719182383952190776e+02 5.032747607881384566e-08 -4.758074372200373260e-08 1.482356958796314438e-07
4.710217882719449563e+02 1.038597018788591835e-07 -9.819133092235277284e-08 3.059107346800711398e-07
4.701287374627912072e+02 2.100031647100279262e-07 -1.985417815355748612e-07 6.185481109556306341e-07
4.692390666691898673e+02 4.160460994218416319e-07 -3.933394713083805429e-07 1.225431670152063860e-06
4.683527567383790142e+02 8.075955499128582658e-07 -7.635192520133878159e-07 2.378710351839104453e-06
4.674697886620289182e+02 1.535971746018737841e-06 -1.452142720152342474e-06 4.524086212189818367e-06
4.665901435748828021e+02 2.862261995164770347e-06 -2.706047770876632803e-06 8.430571761206172651e-06
4.657138027534135745e+02 5.226035896777992356e-06 -4.940813528902080066e-06 1.539288532245806562e-05
4.648407476144948873e+02 9.349152420893306337e-06 -8.838901928177658797e-06 2.753720676996426978e-05
4.639709597140878259e+02 1.638735791655169651e-05 -1.549298192653910219e-05 4.826769775964248843e-05
4.631044207459424911e+02 2.814378378062980609e-05 -2.660777507101867571e-05 8.289534263227828789e-05
4.622411125403127699e+02 4.735794831726583369e-05 -4.477328444673580492e-05 1.394891810812674859e-04
4.613810170626872491e+02 7.808005672930990035e-05 -7.381866642443752930e-05 2.299787798830573435e-04
4.605241164125327487e+02 1.261316881783503810e-04 -1.192477747105426028e-04 3.715111510672433918e-04
4.596703928220528610e+02 1.996388888874441210e-04 -1.887431587144156389e-04 5.880209364893038268e-04
4.588198286549599061e+02 3.096014079647407716e-04 -2.927042320483847610e-04 9.119070479778661415e-04
4.579724064052601307e+02 4.704327598505303812e-04 -4.447578597966408910e-04 1.385623379497701599e-03
4.571281086960528910e+02 7.003724192659337069e-04 -6.621480567830425592e-04 2.062892895314910081e-03
4.562869182783430801e+02 1.021638758388716470e-03 -9.658805772220705041e-04 3.009158093999503552e-03
4.554488180298660609e+02 1.460167016201328535e-03 -1.380475183263010601e-03 4.300809215665667672e-03
4.546137909539262409e+02 2.044770428216508267e-03 -1.933172553500698545e-03 6.022713409933715296e-03
4.537818201782479264e+02 2.805584974945072446e-03 -2.652463901583189485e-03 8.263633851473333944e-03
4.529528889538387944e+02 3.771717442577459875e-03 -3.565867371652175957e-03 1.110930225680709614e-02
4.521269806538664398e+02 4.968116021413311947e-03 -4.696969364338950993e-03 1.463320140716557402e-02
4.513040787725460632e+02 6.411817806802684767e-03 -6.061876681887001621e-03 1.888551229549237029e-02
4.504841669240411193e+02 8.107883473045699591e-03 -7.665372714828281794e-03 2.388113966091967924e-02
4.496672288413760157e+02 1.004548101955547723e-02 -9.497214112379389131e-03 2.958817615149034186e-02
4.488532483753597262e+02 1.219469533836805078e-02 -1.152911268409570131e-02 3.591850336083180634e-02
4.480422094935221935e+02 1.450468416795021136e-02 -1.371298814944464997e-02 4.272235648534507269e-02
4.472340962790613617e+02 1.690374573458851282e-02 -1.598102401890494351e-02 4.978851548808197608e-02
4.464288929298021458e+02 1.930169579279718273e-02 -1.824789838621303228e-02 5.685128997180739080e-02
4.456265837571662018e+02 2.159468035111662340e-02 -2.041530100411306434e-02 6.360466170634630767e-02
4.448271531851532927e+02 2.367220827098573052e-02 -2.237851781237249621e-02 6.972293435434395725e-02
4.440305857493329427e+02 2.542583022160765233e-02 -2.403451420287797125e-02 7.488617464609327590e-02
4.432368660958475175e+02 2.675858533788887453e-02 -2.529064031731025411e-02 7.880781099308800663e-02
4.424459789804257071e+02 2.759415218315767332e-02 -2.607287573388114565e-02 8.126118010019649229e-02
4.416579092674064100e+02 2.788462854421041442e-02 -2.633247155424848010e-02 8.210172864266930548e-02
4.408726419287733620e+02 2.761604878845038552e-02 -2.604995273778022008e-02 8.128205031468098418e-02
4.400901620431997117e+02 2.681111538503621466e-02 -2.523569960741501444e-02 7.885793037748743683e-02
4.393104547951029986e+02 2.552912414424599735e-02 -2.392670201880358477e-02 7.498495030729558641e-02
4.385335054737102496e+02 2.386362419567656518e-02 -2.217955854470467919e-02 6.990680693605781648e-02
4.377592994721324544e+02 2.193888270710603675e-02 -2.006048468478265415e-02 6.393825009899473111e-02
4.369878222864493864e+02 1.990663066585806121e-02 -1.763451582527015074e-02 5.744777715698626969e-02
4.362190595148039165e+02 1.794477320654387989e-02 -1.495997008572758080e-02 5.084951649881534752e-02
4.354529968565055924e+02 1.625970069395101317e-02 -1.210559334793330499e-02 4.462499473583533133e-02
4.346896201111442224e+02 1.509350266194454428e-02 -9.237971817748434275e-03 3.942497714163752109e-02
4.339289151777120424e+02 1.473675423159601788e-02 -6.872175628355911906e-03 3.634568409154794594e-02
4.331708680537358305e+02 1.554662163400927222e-02 -6.213892323252393976e-03 3.730713559127094014e-02
4.324154648344174348e+02 1.796885092737536549e-02 -8.704079078458966737e-03 4.464178093320969598e-02
4.316626917117838502e+02 2.256082785466176355e-02 -1.481894011282324994e-02 5.994059582214678050e-02
4.309125349738455952e+02 3.001144674355201575e-02 -2.450551170767617526e-02 8.452840519478020676e-02
4.301649810037645238e+02 4.115219551398263675e-02 -3.810166829890119372e-02 1.204060593268664603e-01
4.294200162790294826e+02 5.695292827635072691e-02 -5.641341487355487627e-02 1.703192714262563578e-01
4.286776273706411757e+02 7.849560195960489373e-02 -8.053521509237164533e-02 2.375264190115814467e-01
4.279378009423053868e+02 1.069201655840407716e-01 -1.116925889830206742e-01 3.255329201511022452e-01
4.272005237496339305e+02 1.433391130092538657e-01 -1.511031153754091305e-01 4.377813413939168341e-01
4.264657826393546429e+02 1.887210678406375519e-01 -1.998301074600856986e-01 5.772722431413607191e-01
4.257335645485294435e+02 2.437489936355884124e-01 -2.586205408860191013e-01 7.461185281571959260e-01
4.250038565037793319e+02 3.086646649981115709e-01 -3.277331395014475013e-01 9.450624694976706985e-01
4.242766456205191048e+02 3.831169557421180150e-01 -4.067725123062864157e-01 1.173006423790522446e+00
4.235519191021983261e+02 4.660360622532039865e-01 -4.945517674013824583e-01 1.426623891907790487e+00
4.228296642395511640e+02 5.555576598240947739e-01 -5.890088724462971825e-01 1.700124192094486730e+00
4.221098684098531066e+02 6.490190784344594954e-01 -6.872005019829801054e-01 1.985238658851899318e+00
4.213925190761858062e+02 7.430433215386947898e-01 -7.853907856272219767e-01 2.271477428704611334e+00
4.206776037867091418e+02 8.337164004434817199e-01 -8.792415546201208798e-01 2.546674355507084098e+00
4.199651101739410137e+02 9.168502312622022199e-01 -9.640966310939467210e-01 2.797797093618350939e+00
4.192550259540435036e+02 9.883093098978764646e-01 -1.035337555572226620e+00 3.011956175367979327e+00
4.185473389261177886e+02 1.044367132848100344e+00 -1.088774605691428476e+00 3.177508871387629164e+00
4.178420369715046263e+02 1.082050454468234335e+00 -1.121027755235962875e+00 3.285128664172431101e+00
4.171391080530928548e+02 1.099427946507964382e+00 -1.129849506861842601e+00 3.328705399877771587e+00
4.164385402146347701e+02 1.095805503868075181e+00 -1.114346334646106440e+00 3.305957342382257025e+00
4.157403215800680982e+02 1.071802739102127200e+00 -1.075067399589429318e+00 3.218672877793683718e+00
4.150444403528447310e+02 1.029302135410318231e+00 -1.013946466028674331e+00 3.072550736849310571e+00
4.143508848152665678e+02 9.712808499222662650e-01 -9.341027701105514280e-01 2.876664469955083625e+00
4.136596433278280642e+02 9.015518348730132692e-01 -8.395259206059096924e-01 2.642629590351936120e+00
4.129707043285644659e+02 8.244526752417645765e-01 -7.346863867673564252e-01 2.383591737250885689e+00
4.122840563324077152e+02 7.445252501757675390e-01 -6.241262697976388552e-01 2.113176770149173489e+00
4.115996879305479297e+02 6.662263961074560426e-01 -5.120978279706994707e-01 1.844550620185611445e+00
4.109175877898016438e+02 5.937001273361142140e-01 -4.023382066104839172e-01 1.589738461282712123e+00
4.102377446519861905e+02 5.306279101173638768e-01 -2.981139998242947065e-01 1.359369820059022516e+00
4.095601473333003355e+02 4.801580274291454842e-01 -2.027524268885785852e-01 1.163068481746869498e+00
4.088847847237108795e+02 4.449013708228016784e-01 -1.209216313587887087e-01 1.010724373004391996e+00
4.082116457863457413e+02 4.269716817053364477e-01 -6.037165957341716904e-02 9.143150229840900645e-01
4.075407195568922702e+02 4.280449383393207241e-01 -3.130906344718312195e-02 8.873989401258246534e-01
4.068719951430024366e+02 4.494155529427956708e-01 -3.911200382140012782e-02 9.379431097069913514e-01
4.062054617237029106e+02 4.920353028644536275e-01 -7.776285249631051388e-02 1.061833458225217797e+00
4.055411085488117919e+02 5.565323752158704007e-01 -1.355226790947545445e-01 1.248587429526495374e+00
4.048789249383602851e+02 6.432197581911576201e-01 -2.024981236421322939e-01 1.488937640024447617e+00
4.042189002820207975e+02 7.521114682808780483e-01 -2.716927361425411358e-01 1.775915672704297066e+00
4.035610240385397560e+02 8.829691153320742281e-01 -3.374177796573710197e-01 2.103356010321519864e+00
4.029052857351770172e+02 1.035398315657544366e+00 -3.940949753469346062e-01 2.464891606662023005e+00
4.022516749671494836e+02 1.209004036701108120e+00 -4.359117892800926652e-01 2.853919862682309017e+00
4.016001813970813714e+02 1.403597276427223317e+00 -4.571879136460481607e-01 3.264382466500494573e+00
4.009507947544588546e+02 1.619425371539933600e+00 -4.533436373570565170e-01 3.692194380436923495e+00
4.003035048350902798e+02 1.857378873008971754e+00 -4.224010022717254453e-01 4.137158748289668786e+00
3.996583015005721791e+02 2.119114234222756465e+00 -3.668502500401874533e-01 4.605078718485700051e+00
3.990151746777593758e+02 2.407028233415462903e+00 -2.954124820703118437e-01 5.109468948901237262e+00
3.983741143582411155e+02 2.724030509723082361e+00 -2.237508183042702103e-01 5.671811837750435181e+00
3.977351105978216879e+02 3.073085905821183683e+00 -1.728829726253380550e-01 6.319054784267705394e+00
3.970981535160065619e+02 3.456536486095695082e+00 -1.647076046853523379e-01 7.077780576876742558e+00
3.964632332954926710e+02 3.875258902441402142e+00 -2.159789277579982070e-01 7.966496732640801604e+00
3.958303401816643259e+02 4.327758274767663949e+00 -3.336754777340268374e-01 8.989192027269355734e+00
3.951994644820936173e+02 4.809335570490757661e+00 -5.138816986050638302e-01 1.013255283958657849e+01
3.945705965660455377e+02 5.311482618685494650e+00 -7.438076813940326382e-01 1.136677291876502238e+01
3.939437268639880472e+02 5.821650795883178020e+00 -1.005142403815848517e+00 1.264844399558220545e+01
3.933188458671065746e+02 6.323503668434141467e+00 -1.277289974331661693e+00 1.392429731119994507e+01
3.926959441268232354e+02 6.797703324714470696e+00 -1.539926073916611626e+00 1.513533272334555235e+01
3.920750122543205975e+02 7.223202922869478293e+00 -1.774835524103854256e+00 1.622124136984281151e+01
3.914560409200700519e+02 7.578936414343537820e+00 -1.967129342322059271e+00 1.712500217100913602e+01
3.908390208533643886e+02 7.845724777674244699e+00 -2.105925727467495623e+00 1.779737528281598813e+01
3.902239428418550915e+02 8.008169944469250012e+00 -2.184557141527509572e+00 1.820089703046600960e+01
3.896107977310937258e+02 8.056292906193410985e+00 -2.200373127707881071e+00 1.831295894009470615e+01
3.889995764240779295e+02 7.986695520557679728e+00 -2.154237353485134676e+00 1.812762839460049236e+01
3.883902698808013270e+02 7.803083779326196456e+00 -2.049848100084874503e+00 1.765601565873726742e+01
3.877828691178079907e+02 7.516074800103090148e+00 -1.893027328645790597e+00 1.692517692885197178e+01
3.871773652077509951e+02 7.142306821339754030e+00 -1.691115394377111114e+00 1.597572903705662029e+01
3.865737492789547787e+02 6.702965104169743782e+00 -1.452575937867049083e+00 1.485850614620653687e+01
3.859720125149821115e+02 6.221911809235575852e+00 -1.186864894748966170e+00 1.363068851322011810e+01
3.853721461542047564e+02 5.723653143144696642e+00 -9.045576349469319766e-01 1.235186392123632615e+01
3.847741414893781666e+02 5.231386403161359056e+00 -6.176617992134878499e-01 1.108043460553620463e+01
3.841779898672202762e+02 4.765343338386926142e+00 -3.399556750567729879e-01 9.870642351830625216e+00
3.835836826879940418e+02 4.341590696694484386e+00 -8.704004835770781656e-02 8.770221441746675950e+00
3.829912114050940204e+02 3.971374526553385742e+00 1.244728729199286316e-01 7.818276180186842339e+00
3.824005675246364149e+02 3.661014594806367484e+00 2.794760268969866956e-01 7.042553162715748272e+00
3.818117426050536665e+02 3.412281945445556630e+00 3.690357766747004442e-01 6.455528114216413371e+00
3.812247282566916624e+02 3.223136795305240554e+00 3.955171413298780303e-01 6.050756449280603633e+00
3.806395161414119457e+02 3.088672605380083702e+00 3.736912942957626993e-01 5.803653916464403650e+00
3.800560979721961985e+02 3.002107785248712801e+00 3.249557934557558703e-01 5.679259777041670176e+00
3.794744655127557280e+02 2.955687101745080980e+00 2.682688698790130499e-01 5.643105333611149632e+00
3.788946105771434532e+02 2.941394668024416514e+00 2.140047105693039520e-01 5.668784625479529105e+00
3.783165250293700410e+02 2.951430952417562370e+00 1.630071338123434133e-01 5.739854771022780966e+00
3.777402007830232833e+02 2.978458024645901592e+00 1.093761642453683486e-01 5.847539885046434627e+00
3.771656298008913382e+02 3.015661213644164729e+00 4.485319651929860207e-02 5.986469230769030148e+00
3.765928040945885868e+02 3.056704432206637012e+00 -3.687428211324710742e-02 6.150283146526521527e+00
3.760217157241859809e+02 3.095666661906018913e+00 -1.372413264964693347e-01 6.328574650308506300e+00
3.754523567978437768e+02 3.127038153895766115e+00 -2.519572229240774619e-01 6.506033530715609636e+00
3.748847194714481930e+02 3.145829969466930720e+00 -3.720586779041938907e-01 6.663718616838055553e+00
3.743187959482511360e+02 3.147815485753307829e+00 -4.860029193061347619e-01 6.781633890812750920e+00
3.737545784785131673e+02 3.129884824730759352e+00 -5.818669057352350293e-01 6.841636555196753733e+00
3.731920593591499369e+02 3.090460186984569813e+00 -6.490767536737968024e-01 6.829997127642936761e+00
3.726312309333814028e+02 3.029897693176322626e+00 -6.794974614439668326e-01 6.739292847796612307e+00
3.720720855903845177e+02 2.950793007308667004e+00 -6.679806307835460810e-01 6.569566645400880311e+00
3.715146157649490988e+02 2.858114343310166561e+00 -6.126123256027080632e-01 6.328841012223040963e+00
3.709588139371362558e+02 2.759105467887899898e+00 -5.149948708738680825e-01 6.033205806649667657e+00
3.704046726319405707e+02 2.662929240431613831e+00 -3.809713565431460669e-01 5.706829837406373507e+00
3.698521844189550052e+02 2.580054541847387917e+00 -2.222031426449800062e-01 5.382312226339756478e+00
3.693013419120384810e+02 2.521421800180521533e+00 -5.863610084161507280e-02 5.101479701202658035e+00
3.687521377689870974e+02 2.497451211800010729e+00 7.967538894114307990e-02 4.915227034658879113e+00
3.682045646912076791e+02 2.516980691198540843e+00 1.562315748385222081e-01 4.877729807558560005e+00
3.676586154233945649e+02 2.586235889591593118e+00 1.423510366894703283e-01 5.030120742493715547e+00
3.671142827532090109e+02 2.707941067879043207e+00 3.407589760534693313e-02 5.381806238152739397e+00
3.665715595109619471e+02 2.880676084046719154e+00 -1.474947697525486046e-01 5.908846937845987135e+00
3.660304385692986671e+02 3.098570258166104541e+00 -3.715892198192378149e-01 6.568729736151447618e+00
3.654909128428872691e+02 3.351397879440791705e+00 -6.106699579613182882e-01 7.313465716842901365e+00
3.649529752881091440e+02 3.625103205231572367e+00 -8.443923246446383146e-01 8.094598735107782161e+00
3.644166189027527025e+02 3.902737353539742937e+00 -1.058793142703115420e+00 8.864267849782601516e+00
3.638818367257091495e+02 4.165740073333282112e+00 -1.244512178808900194e+00 9.575992325475464639e+00
3.633486218366718958e+02 4.395452554232643472e+00 -1.395379724776360852e+00 1.018628483324164691e+01
3.628169673558373916e+02 4.574710886931719678e+00 -1.507537245593995268e+00 1.065695901945743529e+01
3.622868664436099948e+02 4.689350828395003390e+00 -1.578951140150626653e+00 1.095765279694063210e+01
3.617583123003078072e+02 4.729458383887939377e+00 -1.609154890293143403e+00 1.106807165806902304e+01
3.612312981658726585e+02 4.690228979150099953e+00 -1.599090351143249933e+00 1.097954830944344984e+01
3.607058173195816266e+02 4.572347749301877151e+00 -1.550956544539055848e+00 1.069565204314280926e+01
3.601818630797612286e+02 4.381867438184880115e+00 -1.468005013967909722e+00 1.023173989033767128e+01
3.596594288035043405e+02 4.129628131752490106e+00 -1.354247098895623003e+00 9.613503362400603436e+00
3.591385078863896183e+02 3.830322944000780439e+00 -1.214065127907614006e+00 8.874711015909175771e+00
3.586190937622029082e+02 3.501355476976786729e+00 -1.051752803104284872e+00 8.054463757057858331e+00
3.581011799026616131e+02 3.161651440276667113e+00 -8.710609046620314544e-01 7.194363785215365681e+00
3.575847598171408208e+02 2.830576122628510660e+00 -6.749157889449531877e-01 6.336068034201974619e+00
3.570698270524026725e+02 2.527074513448971160e+00 -4.656583630899556181e-01 5.519807389987898105e+00
3.565563751923270388e+02 2.269099218159626563e+00 -2.465070953572201795e-01 4.784705531676473278e+00
3.560443978576454356e+02 2.073333046927829493e+00 -2.552143225002322449e-02 4.172187526105682664e+00
3.555338887056765884e+02 1.955158992002200113e+00 1.766970399094195121e-01 3.733620944094980576e+00
3.550248414300645550e+02 1.928789405801814238e+00 3.201406384477622491e-01 3.537438173155866394e+00
3.545172497605192916e+02 2.007444543092390621e+00 3.618425714498083035e-01 3.653046514734973105e+00
3.540111074625586411e+02 2.203470219049371792e+00 3.016953120208794581e-01 4.105245126077864626e+00
3.535064083372538448e+02 2.528303172177947644e+00 1.869601436203401079e-01 4.869646200735554764e+00
3.530031462209757365e+02 2.992225670887489031e+00 6.975317688038010222e-02 5.914698164894597987e+00
3.525013149851442336e+02 3.603891055496533991e+00 -1.244521846773311360e-02 7.220227329460801258e+00
3.520009085359794199e+02 4.369642181147907145e+00 -3.319302808577284658e-02 8.772477390381586915e+00
3.515019208142551292e+02 5.292679342643536344e+00 2.852564141104218381e-02 1.055683304387603272e+01
3.510043457950539505e+02 6.372159772967783020e+00 1.905225494592557300e-01 1.255379699647631142e+01
3.505081774875252449e+02 7.602326439297734773e+00 4.669080250968510315e-01 1.473774485349861862e+01
3.500134099346441872e+02 8.971771063547654634e+00 8.660862446308758011e-01 1.707745588246443091e+01
3.495200372129737616e+02 1.046293759623720554e+01 1.388254725066831785e+00 1.953762046740757796e+01
3.490280534324282371e+02 1.205196983758298934e+01 2.023335275899782459e+00 2.208060439926619622e+01
3.485374527360386878e+02 1.370900068217378376e+01 2.750228895880989288e+00 2.466777246846657690e+01
3.480482292997206741e+02 1.539896800260014942e+01 3.538129396373123736e+00 2.725980660882717643e+01
3.475603773320437995e+02 1.708301850048282589e+01 4.350214397135376387e+00 2.981582260383027005e+01
3.470738910740030292e+02 1.872052008655420963e+01 5.149343730452581980e+00 3.229169644265584083e+01
3.465887647987923401e+02 2.027164132373751571e+01 5.904620631480853810e+00 3.463866201599417849e+01
3.461049928115795637e+02 2.170037351534660885e+01 6.597164205192567188e+00 3.680358282550065496e+01
3.456225694492841853e+02 2.297777418012601913e+01 7.223504873146375793e+00 3.873204348710565625e+01
3.451414890803557682e+02 2.408511423550286423e+01 7.795634524519952535e+00 4.037459394648577415e+01
3.446617461045549931e+02 2.501653518318541103e+01 8.337563095529473500e+00 4.169550727084134678e+01
3.441833349527365726e+02 2.578078885460274705e+01 8.878829017711037608e+00 4.268274869149446005e+01
3.437062500866334744e+02 2.640165952594209742e+01 9.445605425246593967e+00 4.335771362663759732e+01
3.432304859986434735e+02 2.691676671770365914e+01 1.005001926766119524e+01 4.378351416774611948e+01
3.427560372116168423e+02 2.737461465559493234e+01 1.067857050321190648e+01 4.407065880797795643e+01
3.422828982786466554e+02 2.782997524845835358e+01 1.128191190590201387e+01 4.437803859101469328e+01
3.418110637828597760e+02 2.833793720374178804e+01 1.177137862461933615e+01 4.490449578286424526e+01
3.413405283372106851e+02 2.894718795221876562e+01 1.203089498411327440e+01 4.586348092032425683e+01
3.408712865842761062e+02 2.969327842202233114e+01 1.194916963306069313e+01 4.743738721098396383e+01
3.404033331960517899e+02 3.059271852765818522e+01 1.146018365109312498e+01 4.972525340422324547e+01
3.399366628737507199e+02 3.163873868915323584e+01 1.056507787600306614e+01 5.271239950230340554e+01
3.394712703476034790e+02 3.279941948536662721e+01 9.322225922500960493e+00 5.627661304823229926e+01
3.390071503766594105e+02 3.401864458913098588e+01 7.820537307852704068e+00 6.021675187040926147e+01
3.385442977485902816e+02 3.521999609299382428e+01 6.156958202057841056e+00 6.428303398392981194e+01
3.380827072794949117e+02 3.631332691004208613e+01 4.425319825720805511e+00 6.820133399436338095e+01
3.376223738137058490e+02 3.720336472978280540e+01 2.713064706946509919e+00 7.169366475261909954e+01
3.371632922235970682e+02 3.779938395842818721e+01 1.100721874998454863e+00 7.449804604185793266e+01
3.367054574093939436e+02 3.802478074637669181e+01 -3.389402741392918972e-01 7.638850176689267357e+01
3.362488642989843015e+02 3.782534298966075426e+01 -1.543101946236623778e+00 7.719378792555814073e+01
3.357935078477310071e+02 3.717514106672255991e+01 -2.462235378136345076e+00 7.681251751158147556e+01
3.353393830382862006e+02 3.607926620052342770e+01 -3.063889767978212664e+00 7.522242216902508005e+01
3.348864848804072949e+02 3.457307160015362513e+01 -3.336084739137623600e+00 7.248222793944486853e+01
3.344348084107737122e+02 3.271806131930134853e+01 -3.289589750415472302e+00 6.872571238901817026e+01
3.339843486928060088e+02 3.059504283080944731e+01 -2.958588787097010009e+00 6.414867444871589441e+01
3.335351008164857376e+02 2.829553189242870204e+01 -2.399472524158154485e+00 5.899053630901556744e+01
3.330870598981771309e+02 2.591260914485893707e+01 -1.687681558242009272e+00 5.351289984795987920e+01
3.326402210804502033e+02 2.353244354852976628e+01 -9.125637979037266589e-01 4.797745089496325477e+01
3.321945795319052195e+02 2.122752146193710843e+01 -1.700448542683788977e-01 4.262508777814259275e+01
3.317501304469984120e+02 1.905229079672690773e+01 4.474071743079310326e-01 3.765717441914588193e+01
3.313068690458693482e+02 1.704151297299770462e+01 8.640803078891574618e-01 3.321894563810625556e+01
3.308647905741697173e+02 1.521118943779166699e+01 1.036756223784176312e+00 2.938562265179916011e+01
3.304238903028929712e+02 1.356156834372472630e+01 9.681239794497092932e-01 2.615501270799974520e+01
3.299841635282061816e+02 1.208149611118456512e+01 7.088670627922322165e-01 2.345412515957690047e+01
3.295456055712823513e+02 1.075328561474540834e+01 3.422816530609299468e-01 2.116428957642988351e+01
3.291082117781346597e+02 9.557324814151085590e+00 -4.250017976122850982e-02 1.915714980806339796e+01
3.286719775194517865e+02 8.475817720292731394e+00 -3.738914236642194577e-01 1.732552686424968158e+01
3.282368981904346015e+02 7.495287507479323708e+00 -6.083339983358387881e-01 1.559890901329448454e+01
3.278029692106341599e+02 6.607727628067117998e+00 -7.291924132201090814e-01 1.394464766935434596e+01
3.273701860237909500e+02 5.810514550485227581e+00 -7.403232751453145966e-01 1.236135237611576798e+01
3.269385440976754467e+02 5.105362169954057450e+00 -6.594945777543185228e-01 1.087021891766243442e+01
3.265080389239297460e+02 4.496687180875674095e+00 -5.141731301981845581e-01 9.507547491949532414e+00
3.260786660179109049e+02 3.989767706773190703e+00 -3.401217347618709641e-01 8.319657148308252204e+00
3.256504209185348486e+02 3.589028285848458566e+00 -1.812191964167009228e-01 7.359275768113617389e+00
3.252232991881221551e+02 3.296694455016517811e+00 -8.549881447003050694e-02 6.678887724503066003e+00
3.247972964122446911e+02 3.111952988995229319e+00 -8.994169177474056753e-02 6.313847669765198845e+00
3.243724081995734991e+02 3.030649821694007873e+00 -1.977248177571997445e-01 6.259024461145215490e+00
3.239486301817278786e+02 3.045471678466928012e+00 -3.733711235540747020e-01 6.464314480487931114e+00
3.235259580131257735e+02 3.146497878211346411e+00 -5.660435922642830242e-01 6.859039348686975401e+00
3.231043873708350702e+02 3.321978162942487600e+00 -7.344452306167756905e-01 7.378401556501751557e+00
3.226839139544265436e+02 3.559188863645915468e+00 -8.557181644524824993e-01 7.974095891744314102e+00
3.222645334858271440e+02 3.845238378277485047e+00 -9.239590761788352147e-01 8.614435832733805753e+00
3.218462417091753878e+02 4.167727308853797830e+00 -9.461250065044419788e-01 9.281579624212037416e+00
3.214290343906770318e+02 4.515211351853686494e+00 -9.378176244970463094e-01 9.968240328204419853e+00
3.210129073184625099e+02 4.877458646736187120e+00 -9.188398823721398712e-01 1.067375717584451422e+01
3.205978563024449386e+02 5.245530717214555771e+00 -9.083043031082387309e-01 1.139936573753734983e+01
3.201838771741797132e+02 5.611741650224256972e+00 -9.198939191654684766e-01 1.214337721961398131e+01
3.197709657867247870e+02 5.969560278447133328e+00 -9.585751958252833882e-01 1.289769575271954949e+01
3.193591180145022577e+02 6.313514476100082540e+00 -1.019941162731944573e+00 1.364697011493210965e+01
3.189483297531610333e+02 6.639138218029066785e+00 -1.092412055042714991e+00 1.437068849110084656e+01
3.185385969194404083e+02 6.942976570904503042e+00 -1.161425405615239992e+00 1.504737854742424652e+01
3.181299154510347194e+02 7.222638454182700229e+00 -1.214176011576279857e+00 1.565945291994168009e+01
3.177222813064592515e+02 7.476868421464185843e+00 -1.243505419505508414e+00 1.619724226243388188e+01
3.173156904649168837e+02 7.705600969892142160e+00 -1.249893221925933107e+00 1.666109516171021809e+01
3.169101389261659278e+02 7.909964408774607492e+00 -1.240952590492213847e+00 1.706088140804142839e+01
3.165056227103889341e+02 8.092212895486666113e+00 -1.228403981156034330e+00 1.741282977212936345e+01
3.161021378580625196e+02 8.255579371609281125e+00 -1.223284574265977698e+00 1.773444331748454061e+01
3.156996804298282200e+02 8.404053229661199609e+00 -1.231012390877474605e+00 1.803911885019986983e+01
3.152982465063641939e+02 8.542091259161034955e+00 -1.248365985697350800e+00 1.833254850401942093e+01
3.148978321882580076e+02 8.674269089515618703e+00 -1.263921922677577969e+00 1.861246010170881604e+01
3.144984335958803854e+02 8.804876942243202720e+00 -1.262064707672598818e+00 1.887181859215900204e+01
3.141000468692600975e+02 8.937464005178869186e+00 -1.229144942132717411e+00 1.910407295249045490e+01
3.137026681679591888e+02 9.074345394736655024e+00 -1.159542410480790542e+00 1.930823319995409904e+01
3.133062936709500264e+02 9.216106178803109117e+00 -1.059461383194036044e+00 1.949167374080025184e+01
3.129109195764925175e+02 9.361164686588622885e+00 -9.469230772778591820e-01 1.966925245045510451e+01
3.125165421020127496e+02 9.505483574639820077e+00 -8.474174657788644538e-01 1.985838461505850816e+01
3.121231574839821974e+02 9.642530209179041023e+00 -7.861005150315512058e-01 2.007116093338963125e+01
3.117307619777981813e+02 9.763577155569219457e+00 -7.790923466774999362e-01 2.030624665781593663e+01
3.113393518576647807e+02 9.858393322948126425e+00 -8.273794903675782964e-01 2.054416613626383281e+01
3.109489234164753952e+02 9.916309151236193387e+00 -9.158989004617568153e-01 2.074851720293414203e+01
3.105594729656951358e+02 9.927556666650088957e+00 -1.017845450805966445e+00 2.087295878410614236e+01
3.101709968352450915e+02 9.884705756934787146e+00 -1.101998508151419198e+00 2.087141002202099571e+01
3.097834913733867666e+02 9.783962671473732442e+00 -1.140405418547279837e+00 2.070833076149474294e+01
3.093969529466078825e+02 9.626083469961011829e+00 -1.114759770883903212e+00 2.036692671080592376e+01
3.090113779395087477e+02 9.416693454878078740e+00 -1.021021707451330363e+00 1.985440861720748629e+01
3.086267627546892527e+02 9.165891276364721563e+00 -8.724218306311072313e-01 1.920420438336055113e+01
3.082431038126375142e+02 8.887138960571887125e+00 -7.007653796071737773e-01 1.847504330075094714e+01
3.078603975516183482e+02 8.595572750438888576e+00 -5.549492049251187886e-01 1.774609470580289639e+01
3.074786404275634482e+02 8.305986419664085574e+00 -4.942163270844270317e-01 1.710618916641259801e+01
3.070978289139615072e+02 8.030813041756362125e+00 -5.736618820571728339e-01 1.663528796556989775e+01
3.067179595017503289e+02 7.778445843614141708e+00 -8.241131504303947919e-01 1.638100483765867565e+01
3.063390286992080291e+02 7.552188955843768703e+00 -1.236888840416467517e+00 1.634126675210400492e+01
3.059610330318472506e+02 7.350023412354318886e+00 -1.765055102473070292e+00 1.646510192718170629e+01
3.055839690423080128e+02 7.165233158134056701e+00 -2.340125147990717025e+00 1.667059146425883043e+01
3.052078332902526654e+02 6.987787774468362301e+00 -2.891783667108155598e+00 1.686735921604488198e+01
3.048326223522614100e+02 6.806251960478748586e+00 -3.361027021598973263e+00 1.697353094255646866e+01
3.044583328217280496e+02 6.609910387278147503e+00 -3.705538001192702158e+00 1.692535877574899672e+01
3.040849613087573857e+02 6.390774378520281296e+00 -3.900151813816208790e+00 1.668170057085677271e+01
3.037125044400621618e+02 6.145175489323939644e+00 -3.935100812308497620e+00 1.622545179095637735e+01
3.033409588588625070e+02 5.874739591536598304e+00 -3.813522847018010697e+00 1.556300203009120686e+01
3.029703212247840156e+02 5.586653016462538091e+00 -3.548899405373518778e+00 1.472220543829859452e+01
3.026005882137583285e+02 5.293254192085236731e+00 -3.162767197636218164e+00 1.374927558180669251e+01
3.022317565179235430e+02 5.011085216330166681e+00 -2.683043807542834447e+00 1.270521424020316914e+01
3.018638228455254193e+02 4.759599031072234254e+00 -2.143497655708811678e+00 1.166269571785328019e+01
3.014967839208200076e+02 4.559730195511892958e+00 -1.585140289097466404e+00 1.070460068012125276e+01
3.011306364839755361e+02 4.432503056638966932e+00 -1.060088745307107949e+00 9.925094858585042701e+00
3.007653772909768009e+02 4.397783357690434158e+00 -6.359311182060481960e-01 9.431497833586915291e+00
3.004010031135286454e+02 4.473198471763064177e+00 -3.915511094593904229e-01 9.337948052985517222e+00
3.000375107389615437e+02 4.673180648822860661e+00 -3.922916972865330698e-01 9.738652994932255780e+00
2.996748969701364445e+02 5.008047323895090663e+00 -6.582969166700574082e-01 1.067439156446023851e+01
2.993131586253515479e+02 5.483035350185587298e+00 -1.165429669772352073e+00 1.213150037014352733e+01
2.989522925382491394e+02 6.097253589653125694e+00 -1.874618250214650006e+00 1.406912542952090206e+01
2.985922955577230482e+02 6.842600096794418718e+00 -2.751203890364423810e+00 1.643640408395325991e+01
2.982331645478272435e+02 7.702785293567393055e+00 -3.765560680773827329e+00 1.917113126790861344e+01
2.978748963876842026e+02 8.652684179315002666e+00 -4.886940350899236840e+00 2.219230870952924306e+01
2.975174879713953260e+02 9.658282065291251328e+00 -6.078529588806428130e+00 2.539509371938893167e+01
2.971609362079503285e+02 1.067745981741387951e+01 -7.295632473407887453e+00 2.865055210823565091e+01
2.968052380211387913e+02 1.166177902821863732e+01 -8.486606338425103147e+00 3.181016439486237957e+01
2.964503903494613724e+02 1.255928362389218300e+01 -9.595761240470084275e+00 3.471432848825445205e+01
2.960963901460420402e+02 1.331815619940778461e+01 -1.056746852365210110e+01 3.720378092246767210e+01
2.957432343785408193e+02 1.389088993534855199e+01 -1.135078884675959543e+01 3.913256871745669940e+01
2.953909200290672743e+02 1.423849890427178089e+01 -1.190397428137964120e+01 4.038097208992320475e+01
2.950394440940947334e+02 1.433422414918340415e+01 -1.219825720128875979e+01 4.086670549965556631e+01
2.946888035843741704e+02 1.416621973039865878e+01 -1.222044251028566109e+01 4.055288197108298220e+01
2.943389955248507022e+02 1.373882268456445921e+01 -1.197397914351424575e+01 3.945162451264316417e+01
2.939900169545783228e+02 1.307220438594737466e+01 -1.147838984135565887e+01 3.762279861325040997e+01
2.936418649266369130e+02 1.220043306234029501e+01 -1.076715752316107455e+01 3.516802364784165746e+01
2.932945365080491342e+02 1.116820492387187080e+01 -9.884367660347857409e+00 3.222077750809160079e+01
2.929480287796981770e+02 1.002668271696619584e+01 -8.880556132406860925e+00 2.893392156633925438e+01
2.926023388362460764e+02 8.828984302058064060e+00 -7.808287925325468670e+00 2.546625652944159413e+01
2.922574637860518578e+02 7.625875714137563932e+00 -6.717985004413824512e+00 2.196973643268895415e+01
2.919134007510919560e+02 6.462147629230518220e+00 -5.654438916707101193e+00 1.857873417516814030e+01
2.915701468668790994e+02 5.374012204548583860e+00 -4.654305726742603788e+00 1.540233013583977240e+01
2.912276992823837531e+02 4.387680364615508921e+00 -3.744716456400872584e+00 1.252007718563189087e+01
2.908860551599544806e+02 3.519102081508327817e+00 -2.942975460588356018e+00 9.981179623605012097e+00
2.905452116752398979e+02 2.774703829945771805e+00 -2.257187556745415602e+00 7.806595216636958767e+00
2.902051660171107983e+02 2.152858100244873008e+00 -1.687568530871698780e+00 5.993284731361445239e+00
2.898659153875827883e+02 1.645777287712989700e+00 -1.228158240836192849e+00 4.519712816262172694e+00
2.895274570017397764e+02 1.241534516950527189e+00 -8.686662142186922786e-01 3.351735248119746657e+00
2.891897880876572344e+02 9.259644786464682475e-01 -5.962243984740371872e-01 2.448153355766973682e+00
2.888529058863273917e+02 6.842712327917542803e-01 -3.968851998137671311e-01 1.765427665397275803e+00
2.885168076515830080e+02 5.022500526603288495e-01 -2.567708343176707819e-01 1.261270939638328370e+00
2.881814906500238180e+02 3.671027195676174193e-01 -1.628442929330687905e-01 8.970497320683036291e-01
2.878469521609416688e+02 2.678811308565882121e-01 -1.033371445677191830e-01 6.390994062808955656e-01
2.875131894762473621e+02 1.956288613213173211e-01 -6.794867504706905703e-02 4.592063976897036714e-01
2.871801999003972696e+02 1.433051540051523409e-01 -4.800438542247014578e-02 3.346146934327748346e-01
2.868479807503209713e+02 1.055745159277381440e-01 -3.670891227440676446e-02 2.478579441298830732e-01
2.865165293553494053e+02 7.853291967286044062e-02 -2.937030512567405036e-02 1.864361444713949489e-01
2.861858430571425060e+02 5.942388611104888752e-02 -2.331395738749455354e-02 1.421617296095923355e-01
2.858559192096191737e+02 4.637887820239102593e-02 -1.748333042033044932e-02 1.102410868251125081e-01
2.855267551788859919e+02 3.819955021918979704e-02 -1.211548594498453729e-02 8.851458638336413831e-02
2.851983483431673676e+02 3.418615814544297138e-02 -8.807425153905193080e-03 7.717974144479113063e-02
2.848706960927357841e+02 3.400738121396485597e-02 -1.005981078416150545e-02 7.807457321209120005e-02
2.845437958298428498e+02 3.760168493672793461e-02 -1.681522341613983160e-02 9.201859328959569040e-02
2.842176449686508022e+02 4.509851435695217542e-02 -2.791864010908239394e-02 1.181156688229867552e-01
2.838922409351636134e+02 5.674826201472912834e-02 -4.241582663812822757e-02 1.559123506675864634e-01
2.835675811671603128e+02 7.285237708302352844e-02 -6.018390583069679195e-02 2.058886599967438558e-01
2.832436631141267185e+02 9.368854676314726515e-02 -8.149265935862710919e-02 2.688697528849215979e-01
2.829204842371894983e+02 1.194300486639515158e-01 -1.066478770914889157e-01 3.455079744193919611e-01
2.825980420090491521e+02 1.500626272105711201e-01 -1.357984400166532823e-01 4.359236944377954948e-01
2.822763339139145842e+02 1.853060438803539045e-01 -1.688262619422278288e-01 5.394383497029355823e-01
2.819553574474375637e+02 2.245502114889460221e-01 -2.052797399788744148e-01 6.543801629567663758e-01
2.816351101166474677e+02 2.668169882038041729e-01 -2.443411346621842950e-01 7.779751110697926686e-01
2.813155894398874466e+02 3.107578479072807820e-01 -2.848297718833396885e-01 9.063454676979011415e-01
2.809967929467492809e+02 3.546945937583586006e-01 -3.252449117968155834e-01 1.034634099313533007e+00
2.806787181780107403e+02 3.967052536850662614e-01 -3.638493247527400665e-01 1.157259832122872645e+00
2.803613626855714642e+02 4.347509304128102103e-01 -3.987894676805033845e-01 1.268291328506123694e+00
2.800447240323910023e+02 4.668326918235329304e-01 -4.282422885824702652e-01 1.361907672229536015e+00
2.797287997924257752e+02 4.911618143609476350e-01 -4.505734892787263135e-01 1.432897118000621584e+00
2.794135875505673425e+02 5.063230396367973674e-01 -4.644887508723123393e-01 1.477134830145906852e+00
2.790990849025809553e+02 5.114098763042422835e-01 -4.691588417001090749e-01 1.491978594308593697e+00
2.787852894550442215e+02 5.061137420596348857e-01 -4.643020389255032021e-01 1.476529523044772807e+00
2.784721988252866822e+02 4.907545968731026331e-01 -4.502126397620637710e-01 1.431721833508269093e+00
2.781598106413290452e+02 4.662487320307261429e-01 -4.277316633442543314e-01 1.360229127405706784e+00
2.778481225418239546e+02 4.340181551765970314e-01 -3.981638723618962095e-01 1.266200182715090161e+00
2.775371321759958505e+02 3.958539898807101332e-01 -3.631525450910196851e-01 1.154860524852439951e+00
2.772268372035821358e+02 3.537521020786303372e-01 -3.245287305559411695e-01 1.032032934713201788e+00
2.769172352947745708e+02 3.097418528661946557e-01 -2.841541755433856786e-01 9.036378812757749346e-01
2.766083241301606677e+02 2.657281772554250798e-01 -2.437764639996398697e-01 7.752328185104900848e-01
2.763001014006663354e+02 2.233634843229001243e-01 -2.049115072365631229e-01 6.516384758823633438e-01
2.759925648074975015e+02 1.839600808913729735e-01 -1.687632062377812658e-01 5.366833680205271850e-01
2.756857120620837804e+02 1.484471472995862185e-01 -1.361839836286652117e-01 4.330782782278376208e-01
2.753795408860211182e+02 1.173699631607770383e-01 -1.076740743608424616e-01 3.424140006823965243e-01
2.750740490110158021e+02 9.092408260734206882e-02 -8.341287821189444229e-02 2.652610434265785799e-01
2.747692341788282420e+02 6.901408507516101909e-02 -6.331285740244189941e-02 2.013410275527639515e-01
2.744650941412173779e+02 5.132552368551859812e-02 -4.708554144577619532e-02 1.497365888168133985e-01
2.741616266598852008e+02 3.739950817234818231e-02 -3.430994885020017399e-02 1.091089651948965317e-01
2.738588295064222962e+02 2.670147422542118107e-02 -2.449567547107349419e-02 7.789862392191584939e-02
2.735567004622530476e+02 1.867847589977278400e-02 -1.713545402361515979e-02 5.449240582316072085e-02
2.732552373185810097e+02 1.280219624021934448e-02 -1.174461161911362177e-02 3.734900409955230899e-02
2.729544378763361010e+02 8.597345322388602953e-03 -7.887121855750680796e-03 2.508181250052788497e-02
2.726542999461200907e+02 5.656933967519196110e-03 -5.189616778075954555e-03 1.650348471311434764e-02
2.723548213481541325e+02 3.646991028119240044e-03 -3.345714469664903823e-03 1.063969652590338391e-02
2.720559999122258432e+02 2.303695785677194012e-03 -2.113388342452518932e-03 6.720779913806907389e-03
2.717578334776366091e+02 1.425779637697295425e-03 -1.307996517574824651e-03 4.159555792969416368e-03
2.714603198931499719e+02 8.646025967414592119e-04 -7.931781011060087252e-04 2.522383294588927041e-03
2.711634570169394465e+02 5.137093973335123348e-04 -4.712720570502965719e-04 1.498690851717321458e-03
2.708672427165375893e+02 2.990579366169654430e-04 -2.743528728465249888e-04 8.724687460804558207e-04
2.705716748687842710e+02 1.705807430907752562e-04 -1.564891320011750717e-04 4.976506181827255841e-04
2.702767513597767675e+02 9.533261779218873196e-05 -8.745722605840036495e-05 2.781224616427778289e-04
2.699824700848186581e+02 5.220232940386587770e-05 -4.788991458727231179e-05 1.522945733950040875e-04
2.696888289483701442e+02 2.800754833574520565e-05 -2.569385529179869478e-05 8.170895196328910608e-05
2.693958258639983683e+02 1.472302850214415119e-05 -1.350676464988264813e-05 4.295282165417094883e-05
2.691034587543274483e+02 7.583261961533240556e-06 -6.956811540364880589e-06 2.212333546343136085e-05
2.688117255509903316e+02 3.826941399720703576e-06 -3.510799208694927433e-06 1.116468200813633501e-05
2.685206241945788861e+02 1.892275701670225537e-06 -1.735955516993611974e-06 5.520506920334063471e-06
2.682301526345964930e+02 9.167562102617958886e-07 -8.410233242108618480e-07 2.674535744734453837e-06
2.679403088294089912e+02 4.351712102029832868e-07 -3.992218800473244069e-07 1.269564300453290928e-06
2.676510907461977240e+02 2.023966399515728766e-07 -1.856767295773985359e-07 5.904700094805442892e-07
2.673624963609113365e+02 9.223235296959560512e-08 -8.461307294785259343e-08 2.690777788870437772e-07
2.670745236582187090e+02 4.118130693750332030e-08 -3.777933464561584876e-08 1.201419485206224894e-07
2.667871706314622884e+02 1.801581069700539264e-08 -1.652753134491664376e-08 5.255915273892742573e-08
2.665004352826111926e+02 7.722258609662077673e-09 -7.084325727620944064e-09 2.252884294694510106e-08
2.662143156222153380e+02 3.243184984480521207e-09 -2.975266691566348116e-09 9.461636660527390116e-09
2.659288096693585430e+02 1.334553372155383102e-09 -1.224306419551180547e-09 3.893413163861947166e-09
2.656439154516139638e+02 5.380678219001679653e-10 -4.936182413164662320e-10 1.569753885116802163e-09
2.653596310049976523e+02 2.125567698718345135e-10 -1.949975349827003486e-10 6.201110747263693496e-10
2.650759543739242758e+02 8.227155577114154622e-11 -7.547513346310966331e-11 2.400182450053928074e-10
2.647928836111615283e+02 3.120048360387926463e-11 -2.862302337720502610e-11 9.102399058496355860e-11
2.645104167777860766e+02 1.159337245581720956e-11 -1.063564831354855609e-11 3.382239322518297522e-11
2.642285519431390526e+02 4.220803157216830301e-12 -3.872124194401174977e-12 1.231373050883483558e-11
2.639472871847822262e+02 1.505626521640520781e-12 -1.381247280439503598e-12 4.392500323720544958e-12
2.636666205884542364e+02 5.262307970739712947e-13 -4.827590686632950962e-13 1.535220662811237787e-12
2.633865502480268788e+02 1.802071893980105599e-13 -1.653203411961942048e-13 5.257347199922152741e-13
2.631070742654626429e+02 6.046510518409358954e-14 -5.547010556510299842e-14 1.764003159332901649e-13
2.628281907507711139e+02 1.987807658381148755e-14 -1.823595614657601601e-14 5.799210931419900058e-14
2.625498978219666810e+02 6.402959480897799749e-15 -5.874013404146170432e-15 1.867993236594176835e-14
2.622721936050263025e+02 2.020803078967476387e-15 -1.853865295947552057e-15 5.895471453882505225e-15
2.619950762338471577e+02 6.248907321205953259e-16 -5.732687435480146049e-16 1.823050207789205355e-15
2.617185438502053216e+02 1.893306908527937290e-16 -1.736901536240319446e-16 5.523515353296194272e-16
2.614425946037134736e+02 5.620498068570948712e-17 -5.156190835075317699e-17 1.639718697221721512e-16
2.611672266517805383e+02 1.634803028287007039e-17 -1.499752564411076146e-17 4.769358620985090533e-17
2.608924381595698492e+02 4.659002156215549131e-18 -4.274123738749452013e-18 1.359212805118055028e-17
2.606182272999589600e+02 1.300939908713525330e-18 -1.193469751693702641e-18 3.795349569120753494e-18
2.603445922534989450e+02 3.559249307474991183e-19 -3.265221059602061482e-19 1.038371967455204385e-18
2.600715312083739832e+02 9.541055652058797614e-20 -8.752872629773290427e-20 2.783498393389088686e-19
2.597990423603616819e+02 2.505943622416281621e-20 -2.298928561397700687e-20 7.310815806230263928e-20
2.595271239127931722e+02 6.448860918305023890e-21 -5.916122941057052592e-21 1.881384477766710188e-20
2.592557740765137169e+02 1.626041301302397240e-21 -1.491714640400371646e-21 4.743797243005166504e-21
2.589849910698432041e+02 4.017140130140969870e-22 -3.685285693463945693e-22 1.171956595374588590e-21
2.587147731185376074e+02 9.723872101212626952e-23 -8.920586680757377269e-23 2.836833088318263117e-22
2.584451184557497641e+02 2.306207295160454178e-23 -2.115692377083846928e-23 6.728106967404755577e-23
2.581760253219911760e+02 5.359130005616992645e-24 -4.916414289590675493e-24 1.563467430082466299e-23
2.579074919650936408e+02 1.220188958973573597e-24 -1.119389607568942993e-24 3.559767525516089819e-24
2.576395166401712231e+02 2.722054000356963352e-25 -2.497186142221954851e-25 7.941294142935880636e-25
2.573720976095824540e+02 5.949811810761475029e-26 -5.458300092765855692e-26 1.735792371428880460e-25
2.571052331428926436e+02 1.274226314731815090e-26 -1.168962957672985202e-26 3.717415587136615526e-26
2.568389215168370470e+02 2.673786691058084296e-27 -2.452906177207418323e-27 7.800479559323587274e-27
2.565731610152830058e+02 5.497228533937140378e-28 -5.043104550378048404e-28 1.603756161825232916e-27
2.563079499291937964e+02 1.107382546351030112e-28 -1.015902090305189130e-28 3.230667183007249354e-28
2.560432865565915677e+02 2.185689186827928058e-29 -2.005130224395018118e-29 6.376508598050874514e-29
2.557791692025210466e+02 4.226841672421554952e-30 -3.877663870133773441e-30 1.233134721497688405e-29
2.555155961790134143e+02 8.009038928065511162e-31 -7.347415231681154729e-31 2.336549308781217793e-30
2.552525658050502386e+02 1.486899707271202289e-31 -1.364067481168474510e-31 4.337866895710879526e-31
2.549900764065279759e+02 2.704704319787972053e-32 -2.481269712245497958e-32 7.890678351821442610e-32
2.547281263162219886e+02 4.820529674502875472e-33 -4.422307529446421368e-33 1.406336687845217300e-32
2.544667138737518428e+02 8.417954499404581776e-34 -7.722550441325407508e-34 2.455845944013457106e-33
2.542058374255456386e+02 1.440307541248935302e-34 -1.321324276473936865e-34 4.201939358971807470e-34
2.539454953248056484e+02 2.414575237987984914e-35 -2.215108084874569975e-35 7.044258560850539804e-35
2.536856859314733299e+02 3.966094863999905006e-36 -3.638457257578080938e-36 1.157064698557789162e-35
2.534264076121950495e+02 6.382962608293744642e-37 -5.855668465674058612e-37 1.862159368226154790e-36
2.531676587402877203e+02 1.006510593470005825e-37 -9.233631315481850943e-38 2.936384318488196954e-37
2.529094376957048951e+02 1.555074669866451011e-38 -1.426610535721046622e-38 4.536759875453948643e-38
2.526517428650031150e+02 2.354078775969325768e-39 -2.159609212851184509e-39 6.867766764789835066e-39
2.523945726413077466e+02 3.491624913289947659e-40 -3.203183091210233277e-40 1.018643291779012860e-39
2.521379254242803540e+02 5.074240212266621057e-41 -4.655059135019282363e-41 1.480353955955252448e-40
2.518817996200847062e+02 7.225223887268998183e-42 -6.628350856879834245e-42 2.107879863141782934e-41
2.516261936413545186e+02 1.008018360878947693e-42 -9.247463428580421722e-43 2.940783064615937718e-42
2.513711059071601426e+02 1.377914986972630575e-43 -1.264085947661868632e-43 4.019915921607130180e-43
2.511165348429761934e+02 1.845496611436205641e-44 -1.693040829826200623e-44 5.384034052698611408e-44
2.508624788806491210e+02 2.421814793584358016e-45 -2.221749583503457065e-45 7.065379170672172786e-45
2.506089364583648660e+02 3.113905658481196298e-46 -2.856667082110071308e-46 9.084478399072463516e-46
2.503559060206173115e+02 3.922896236966822831e-47 -3.598827252891923618e-47 1.144461972682556977e-46
2.501033860181757404e+02 4.842225812466579399e-48 -4.442211357605467191e-48 1.412666298253862721e-47
2.498513749080539412e+02 5.856256676265114695e-49 -5.372473512776028609e-49 1.708498686530625572e-48
2.495998711534783467e+02 6.939561285431081640e-50 -6.366286735239662107e-50 2.024540930610182349e-49
2.493488732238568844e+02 8.057137495822704569e-51 -7.391540394829365627e-51 2.350581538647477714e-50
2.490983795947479962e+02 9.165715689349950244e-52 -8.408539360346838455e-52 2.673997073904674043e-51
2.488483887478297163e+02 1.021618704904234504e-52 -9.372231675738426599e-53 2.980460577382311482e-52
2.485988991708691458e+02 1.115701809051556957e-53 -1.023534101840064089e-53 3.254937719943178119e-53
2.483499093576915300e+02 1.193834941990502751e-54 -1.095212686026097475e-54 3.482882570007102832e-54
2.481014178081506714e+02 1.251633798172551297e-55 -1.148236800417348758e-55 3.651504396762451353e-55
2.478534230280978932e+02 1.285722148420542429e-56 -1.179509124860353494e-56 3.750953421701438125e-56
2.476059235293529923e+02 1.294058220487007788e-57 -1.187156557145731369e-57 3.775272998119747085e-57
2.473589178296738851e+02 1.276137156369808203e-58 -1.170715945401267794e-58 3.722990258140884555e-58
2.471124044527271337e+02 1.233041628959908436e-59 -1.131180523317222732e-59 3.597263781237039604e-59
2.468663819280587006e+02 1.167333560929521330e-60 -1.070900574096446520e-60 3.405567695955489594e-60
2.466208487910644749e+02 1.082802005738845834e-61 -9.933521389166450713e-62 3.158956150394336394e-61
2.463758035829615665e+02 9.841016925402950491e-63 -9.028054215039599092e-63 2.871008806584549684e-62
2.461312448507588329e+02 8.763301488756508768e-64 -8.039368445653877782e-64 2.556597142316689532e-63
2.458871711472288837e+02 7.645966220870504889e-65 -7.014335824399857041e-65 2.230626826614086345e-64
2.456435810308787779e+02 6.536328100505424387e-66 -5.996364492202372145e-66 1.906902069321322092e-65
2.454004730659224265e+02 5.474849188809968518e-67 -5.022573954542616770e-67 1.597227233216255446e-66
2.451578458222516588e+02 4.493112825920007070e-68 -4.121938463695345702e-68 1.310816411553535984e-67
2.449156978754086538e+02 3.612928236388705228e-69 -3.314465592368484666e-69 1.054032206514589461e-68
2.446740278065579162e+02 2.846480372823019204e-70 -2.611333698812822355e-70 8.304294444458860121e-70
2.444328342024584799e+02 2.197322987905183644e-71 -2.015802961536768560e-71 6.410448937347136652e-71
2.441921156554366235e+02 1.661944253501405764e-72 -1.524651663209038134e-72 4.848540170211849913e-72
2.439518707633579879e+02 1.231617503649072578e-73 -1.129874044463170528e-73 3.593109051761315842e-73
2.437120981296010314e+02 8.942770798216156589e-75 -8.204011862896189802e-75 2.608955345932850396e-74
2.434727963630293459e+02 6.362168907170668213e-76 -5.836592524387343471e-76 1.856093033872867990e-75
2.432339640779651120e+02 4.434811214203469493e-77 -4.068453126215473734e-77 1.293807555462241195e-76
2.429955998941622681e+02 3.028879016657885716e-78 -2.778664459218328757e-78 8.836422492534100668e-78
2.427577024367797662e+02 2.026868453605764702e-79 -1.859429612266100689e-79 5.913166519477630394e-79
2.425202703363555372e+02 1.328942062165516775e-80 -1.219158657771079823e-80 3.877042782102112999e-80
2.422833022287796609e+02 8.537355751579927315e-82 -7.832088000924522790e-82 2.490679950408438093e-81
2.420467967552687867e+02 5.373751230465239662e-83 -4.929827660548344780e-83 1.567733012147882191e-82
2.418107525623396725e+02 3.314122701290993106e-84 -3.040344270246603051e-84 9.668589672828589263e-84
2.415751683017838332e+02 2.002610352552235154e-85 -1.837175463825403541e-85 5.842396168929874421e-85
2.413400426306414772e+02 1.185662754746480378e-86 -1.087715600099548659e-86 3.459041109592509416e-86
2.411053742111762404e+02 6.878009091247934057e-88 -6.309819344689202781e-88 2.006583752718507090e-87
2.408711617108496910e+02 3.909319454855007609e-89 -3.586372043648817119e-89 1.140501095335883304e-88
2.406374038022960917e+02 2.177090202487913433e-90 -1.997241598920176366e-90 6.351422003896004104e-90
2.404040991632975590e+02 1.187923662543517330e-91 -1.089789735153019802e-91 3.465637060240053917e-91
2.401712464767586823e+02 6.350932404890558411e-93 -5.826284265338301471e-93 1.852814907511941829e-92
2.399388444306823089e+02 3.326773971398277806e-94 -3.051950423684118282e-94 9.705498366480673362e-94
2.397068917181442771e+02 1.707441947459605862e-95 -1.566390809765510910e-95 4.981274704684722634e-95
2.394753870372695133e+02 8.586287889208612533e-97 -7.876977873050241462e-97 2.504955365146746341e-96
2.392443290912073053e+02 4.230598316523807211e-98 -3.881110179278326539e-98 1.234230681232594161e-97
2.390137165881071439e+02 2.042372649507371151e-99 -1.873653012370110811e-99 5.958398311384853114e-99
2.387835482410947350e+02 9.660620611889572223e-101 -8.862560373200019842e-101 2.818380159697916302e-100
2.385538227682479544e+02 4.477255878479297182e-102 -4.107391452724342124e-102 1.306190320968293490e-101
2.383245388925732584e+02 2.033085537534543016e-103 -1.865133105227637862e-103 5.931304180296723894e-103
2.380956953419816671e+02 9.045576147285328571e-105 -8.298324500708608929e-105 2.638947679527926762e-104
2.378672908492656290e+02 3.943244118433066866e-106 -3.617494203516207381e-106 1.150398244038234014e-105
2.376393241520753463e+02 1.684255374188116475e-107 -1.545119670599423958e-107 4.913630418975656303e-107
2.374117939928956389e+02 7.048538344469316097e-109 -6.466261240379783720e-109 2.056333792931841591e-108
2.371846991190227811e+02 2.890194291173451928e-110 -2.651436426794242519e-110 8.431825009141146966e-110
2.369580382825415654e+02 1.161159442954762064e-111 -1.065236497687614156e-111 3.387555383597137916e-111
2.367318102403024511e+02 4.570813750057110762e-113 -4.193220543686315291e-113 1.333484804380053681e-112
2.365060137538986567e+02 1.762917704469653407e-114 -1.617283735334416503e-114 5.143119144273723498e-114
2.362806475896439053e+02 6.662042527493559567e-116 -6.111693697615353812e-116 1.943577875260247069e-115
2.360557105185495175e+02 2.466718604891847000e-117 -2.262943907831811003e-117 7.196381117615504650e-117
2.358312013163025540e+02 8.948879609018740070e-119 -8.209616027133754274e-119 2.610737524517123772e-118
2.356071187632431361e+02 3.180933345444670728e-120 -2.918157637039742732e-120 9.280024327929083845e-120
2.353834616443427592e+02 1.107840708173302628e-121 -1.016322403551497142e-121 3.232003819898102183e-121
2.351602287491820107e+02 3.780392713709293879e-123 -3.468095892143829583e-123 1.102888131956241801e-122
2.349374188719289407e+02 1.263960094523605891e-124 -1.159544826058543063e-124 3.687465015105755265e-124
2.347150308113173764e+02 4.140632201500706901e-126 -3.798576131211830989e-126 1.207984053421324413e-125
2.344930633706249807e+02 1.329036153652246623e-127 -1.219244976395436711e-127 3.877317283699930162e-127
2.342715153576523903e+02 4.179687211277396225e-129 -3.834404821306089456e-129 1.219377924386088190e-128
2.340503855847011891e+02 1.287916232289857146e-130 -1.181521956285643823e-130 3.757354420865358516e-130
2.338296728685533026e+02 3.888376401044705498e-132 -3.567159087644275079e-132 1.134391188973368670e-131
2.336093760304494822e+02 1.150233011995050512e-133 -1.055212695083780291e-133 3.355678719073881316e-133
2.333894938960684442e+02 3.333805081631076997e-135 -3.058400696542620427e-135 9.726010859804774420e-135
2.331700252955060364e+02 9.467415290561712059e-137 -8.685315670962055071e-137 2.762014625208548110e-136
2.329509690632544903e+02 2.634265226439305240e-138 -2.416649527135976111e-138 7.685179980014586592e-138
2.327323240381817868e+02 7.181653002055846515e-140 -6.588280504397068239e-140 2.095158650850876127e-139
2.325140890635109372e+02 1.918342652530442363e-141 -1.689121857379972693e-141 5.525807162440857128e-141
2.322962629868000590e+02 5.020706058704964002e-143 5.020706058704964002e-143 5.020706058704964002e-143
2.320788446599215433e+02 1.287479303141765490e-144 1.287479303141765490e-144 1.287479303141765490e-144
2.318618329390422730e+02 3.234838206206243121e-146 3.234838206206243121e-146 3.234838206206243121e-146
2.316452266846033865e+02 7.963458455782720855e-148 7.963458455782720855e-148 7.963458455782720855e-148
2.314290247613002691e+02 1.920824652444183796e-149 1.920824652444183796e-149 1.920824652444183796e-149
2.312132260380630839e+02 4.539526654444097542e-151 4.539526654444097542e-151 4.539526654444097542e-151
2.309978293880364504e+02 1.051163487880778997e-152 1.051163487880778997e-152 1.051163487880778997e-152
2.307828336885604585e+02 2.384881536880662699e-154 2.384881536880662699e-154 2.384881536880662699e-154
2.305682378211505750e+02 5.301517542836930188e-156 5.301517542836930188e-156 5.301517542836930188e-156
2.303540406714788560e+02 1.154703391996104796e-157 1.154703391996104796e-157 1.154703391996104796e-157
2.301402411293541093e+02 2.464208933146428412e-159 2.464208933146428412e-159 2.464208933146428412e-159
2.299268380887030219e+02 5.152541056162012031e-161 5.152541056162012031e-161 5.152541056162012031e-161
2.297138304475510324e+02 1.055606951810336094e-162 1.055606951810336094e-162 1.055606951810336094e-162
2.295012171080032601e+02 2.118945904815923992e-164 2.118945904815923992e-164 2.118945904815923992e-164
2.292889969762259170e+02 4.167487874527477258e-166 4.167487874527477258e-166 4.167487874527477258e-166
2.290771689624270948e+02 8.030926801131680704e-168 8.030926801131680704e-168 8.030926801131680704e-168
2.288657319808386603e+02 1.516330384015665874e-169 1.516330384015665874e-169 1.516330384015665874e-169
2.286546849496970708e+02 2.805167861546865058e-171 2.805167861546865058e-171 2.805167861546865058e-171
2.284440267912255820e+02 5.084645964598884789e-173 5.084645964598884789e-173 5.084645964598884789e-173
2.282337564316154612e+02 9.030242870753295957e-175 9.030242870753295957e-175 9.030242870753295957e-175
2.280238728010078830e+02 1.571357454122529110e-176 1.571357454122529110e-176 1.571357454122529110e-176
