1.457564061100000072e+04 5.814857797400431942e-200 5.814857797400431942e-200 5.814857797400431942e-200
1.461596831099999872e+04 3.409871872922919820e-198 3.409871872922919820e-198 3.409871872922919820e-198
1.465629601100000036e+04 1.959177885039850799e-196 1.959177885039850799e-196 1.959177885039850799e-196
1.469662371100000018e+04 1.102926385457427213e-194 1.102926385457427213e-194 1.102926385457427213e-194
1.473695141100000001e+04 6.083535273117822973e-193 6.083535273117822973e-193 6.083535273117822973e-193
1.477727911099999983e+04 3.287777217848459143e-191 3.287777217848459143e-191 3.287777217848459143e-191
1.481760681099999965e+04 1.740947121580007957e-189 1.740947121580007957e-189 1.740947121580007957e-189
1.485793451099999947e+04 9.032451248898488559e-188 9.032451248898488559e-188 9.032451248898488559e-188
1.489826221100000112e+04 4.591583847241158533e-186 4.591583847241158533e-186 4.591583847241158533e-186
1.493858991099999912e+04 2.286947842328362325e-184 2.286947842328362325e-184 2.286947842328362325e-184
1.497891761100000076e+04 1.116058212883222531e-182 1.116058212883222531e-182 1.116058212883222531e-182
1.501924531100000058e+04 5.336472586949930307e-181 5.336472586949930307e-181 5.336472586949930307e-181
1.505957301100000041e+04 2.500106822556616505e-179 2.500106822556616505e-179 2.500106822556616505e-179
1.509990071100000023e+04 1.147624192943352826e-177 1.147624192943352826e-177 1.147624192943352826e-177
1.514022841100000005e+04 5.161520683735132395e-176 5.161520683735132395e-176 5.161520683735132395e-176
1.518055611099999987e+04 2.274534331390420563e-174 2.274534331390420563e-174 2.274534331390420563e-174
1.522088381100000151e+04 9.820738973386903646e-173 9.820738973386903646e-173 9.820738973386903646e-173
1.526121151099999952e+04 4.154633197399820802e-171 4.154633197399820802e-171 4.154633197399820802e-171
1.530153921100000116e+04 1.722098756996768402e-169 1.722098756996768402e-169 1.722098756996768402e-169
1.534186691099999916e+04 6.993913663457140585e-168 6.993913663457140585e-168 6.993913663457140585e-168
1.538219461100000080e+04 2.783039226796000549e-166 2.783039226796000549e-166 2.783039226796000549e-166
1.542252231100000063e+04 1.085063703016289664e-164 1.085063703016289664e-164 1.085063703016289664e-164
1.546285001100000045e+04 4.145032990195425820e-163 4.145032990195425820e-163 4.145032990195425820e-163
1.550317771100000027e+04 1.551449323076780945e-161 -1.470502434793867107e-161 4.573401080947428800e-161
1.554350541100000191e+04 5.689630255258835444e-160 -5.379063053672698601e-160 1.675832356419037075e-159
1.558383311099999992e+04 2.044406917621025560e-158 -1.932828922273328111e-158 6.021642757515379231e-158
1.562416081099999974e+04 7.197596338436762644e-157 -6.804771736596142737e-157 2.119996441346966932e-156
1.566448851099999956e+04 2.482815674923653086e-155 -2.347310565555082516e-155 7.312941915402389102e-155
1.570481621100000120e+04 8.391475248874140904e-154 -7.933492087720921140e-154 2.471644258546920295e-153
1.574514391100000103e+04 2.778874954666329161e-152 -2.627211760955760088e-152 8.184961670288417562e-152
1.578547161099999903e+04 9.016469928234930275e-151 -8.524376312070044468e-151 2.655731616853990773e-150
1.582579931100000067e+04 2.866427223590521166e-149 -2.709985672833176997e-149 8.442840120014218461e-149
1.586612701099999867e+04 8.928574946172738976e-148 -8.441278391375627370e-148 2.629842828372110810e-147
1.590645471100000032e+04 2.724960581780625083e-146 -2.576239883184846776e-146 8.026161046746097832e-146
1.594678241100000014e+04 8.148452674093668126e-145 -7.703733002819043413e-145 2.400063835100637967e-144
1.598711011099999996e+04 2.387409501941927484e-143 -2.257111393654788902e-143 7.031930397538643415e-143
1.602743781099999978e+04 6.853549216311524889e-142 -6.479501740496459749e-142 2.018660017311950807e-141
1.606776551100000142e+04 1.927706896022586331e-140 -1.822498065413703344e-140 5.677911857458876472e-140
1.610809321099999943e+04 5.312553460564227815e-139 -5.022609206960975040e-139 1.564771612808943216e-138
1.614842091099999925e+04 1.434506343781136968e-137 -1.356215014719827440e-137 4.225227702282101376e-137
1.618874861100000089e+04 3.795233319840358122e-136 -3.588100139846972357e-136 1.117856677952768936e-135
1.622907631100000071e+04 9.838102308457807767e-135 -9.301166303602087484e-135 2.897737092051770180e-134
1.626940401100000054e+04 2.498739811027995387e-133 -2.362365607015699727e-133 7.359845229071689718e-133
1.630973171099999854e+04 6.218241504669256070e-132 -5.878867340215283304e-132 1.831535034955379544e-131
1.635005941100000200e+04 1.516180760879330723e-130 -1.433431871422688469e-130 4.465793393181349914e-130
1.639038711100000000e+04 3.622189981854284230e-129 -3.424501021452545331e-129 1.066888098516111315e-128
1.643071481100000165e+04 8.478681394465618747e-128 -8.015938766705358131e-128 2.497330155563659460e-127
1.647104251099999965e+04 1.944564057551975981e-126 -1.838435210390997249e-126 5.727563325494949211e-126
1.651137021100000129e+04 4.369714267590826352e-125 -4.131227530246716694e-125 1.287065606542836887e-124
1.655169791099999929e+04 9.621010143422963767e-124 -9.095922419478019281e-124 2.833794270632394514e-123
1.659202561100000094e+04 2.075511541074682121e-122 -1.962235947880366667e-122 6.113259030029730640e-122
1.663235331099999894e+04 4.386988339827320335e-121 -4.147558832115129787e-121 1.292153551176977132e-120
1.667268101099999694e+04 9.085412598685916234e-120 -8.589556285115144712e-120 2.676038148248697718e-119
1.671300871100000222e+04 1.843570189178827887e-118 -1.742953303827083976e-118 5.430093682184739969e-118
1.675333641100000023e+04 3.665317043071811966e-117 -3.465274328742112632e-117 1.079590841488573657e-116
1.679366411099999823e+04 7.140033722062329552e-116 -6.750350726189811459e-116 2.103041817031447056e-115
1.683399181100000351e+04 1.362780237311575490e-114 -1.288403517780072512e-114 4.013963992403223312e-114
1.687431951100000151e+04 2.548521127015946378e-113 -2.409429998531315665e-113 7.506472252563208710e-113
1.691464721099999952e+04 4.669684044912586165e-112 -4.414825799246805401e-112 1.375419388907197773e-111
1.695497491100000116e+04 8.383465910304679692e-111 -7.925919876365437372e-111 2.469285169697479823e-110
1.699530261099999916e+04 1.474675808652834316e-109 -1.394192142969196775e-109 4.343543760274865643e-109
1.703563031100000080e+04 2.541595052611869122e-108 -2.402881929824230740e-108 7.486072035047968983e-108
1.707595801100000244e+04 4.291933697220447466e-107 -4.057692005048736476e-107 1.264155939948963080e-106
1.711628571100000045e+04 7.101277749991686887e-106 -6.713709946272603111e-106 2.091626544625597882e-105
1.715661341099999845e+04 1.151216066003968124e-104 -1.088385925004655461e-104 3.390818057012591554e-104
1.719694111100000009e+04 1.828580278794668572e-103 -1.728781500669539200e-103 5.385942058258876592e-103
1.723726881100000173e+04 2.845824203303078897e-102 -2.690507107552825760e-102 8.382155514158983952e-102
1.727759651099999974e+04 4.339492609126413107e-101 -4.102655285058082497e-101 1.278164050331090934e-100
1.731792421099999774e+04 6.483457744511926950e-100 -6.129608822246019342e-100 1.909652431126987527e-99
1.735825191100000302e+04 9.490984490225276039e-99 -8.972993201402362947e-99 2.795496218185291665e-98
1.739857961100000102e+04 1.361296381110021688e-97 -1.287000646284263332e-97 4.009593408504306709e-97
1.743890731099999903e+04 1.913070450449583357e-96 -1.808660435950220046e-96 5.634801336849386759e-96
1.747923501100000067e+04 2.634183860314634536e-95 -2.490417500333097005e-95 7.758785220962365411e-95
1.751956271100000231e+04 3.553841485135257331e-94 -3.359882793805239616e-94 1.046756576407575428e-93
1.755989041100000031e+04 4.697717192431842541e-93 -4.441328976273676124e-93 1.383676336113736121e-92
1.760021811100000195e+04 6.084326776708441632e-92 -5.752261302159219129e-92 1.792091485557610103e-91
1.764054581099999996e+04 7.721026467614370743e-91 -7.299634518748056806e-91 2.274168745397679829e-90
1.768087351099999796e+04 9.600069975822259743e-90 -9.076125107438191802e-90 2.827626505908271129e-89
1.772120121099999960e+04 1.169527945028067235e-88 -1.105698393079762745e-88 3.444754283135897494e-88
1.776152891100000124e+04 1.395994333658461081e-87 -1.319804881992412167e-87 4.111793549309334552e-87
1.780185661099999925e+04 1.632651737568123844e-86 -1.543546189180288201e-86 4.808849664316536246e-86
1.784218431100000089e+04 1.870855743494028165e-85 -1.768749689188246282e-85 5.510461176176302041e-85
1.788251201100000253e+04 2.100505850637897364e-84 -1.985866138195767781e-84 6.186877839471562510e-84
1.792283971100000053e+04 2.310704110104317025e-83 -2.184592366763663866e-83 6.806000586972297184e-83
1.796316741099999854e+04 2.490586475497739001e-82 -2.354657257649301704e-82 7.335830208644779999e-82
1.800349511100000018e+04 2.630242321033537700e-81 -2.486691079200676007e-81 7.747175721267751875e-81
1.804382281100000182e+04 2.721615342912542065e-80 -2.573077218062852169e-80 8.016307903887936299e-80
1.808415051099999982e+04 2.759272388787164861e-79 -2.608679048090651450e-79 8.127223825664981771e-79
1.812447821100000147e+04 2.740938258997472981e-78 -2.591345543634342332e-78 8.073222061629287815e-78
1.816480591099999947e+04 2.667723276343275292e-77 -2.522126429192260367e-77 7.857572981878810183e-77
1.820513361100000111e+04 2.544011970838388505e-76 -2.405166939439108364e-76 7.493190881115885068e-76
1.824546131099999911e+04 2.377028398578354354e-75 -2.247296861769229975e-75 7.001353658925938683e-75
1.828578901100000076e+04 2.176138023356860394e-74 -2.057370519254821343e-74 6.409646565968542131e-74
1.832611671099999876e+04 1.951979946951332168e-73 -1.845446361366088877e-73 5.749406255268752899e-73
1.836644441100000040e+04 1.715541046066932252e-72 -1.621911631921748582e-72 5.052993724055613338e-72
1.840677211100000204e+04 1.477283075810469931e-71 -1.396657112804897923e-71 4.351223264425837584e-71
1.844709981100000005e+04 1.246416469057315111e-70 -1.178390557321596472e-70 3.671223495436226855e-70
1.848742751099999805e+04 1.030384892328628962e-69 -9.741493775713848802e-70 3.034919162228642676e-69
1.852775521100000333e+04 8.345889556752426807e-69 -7.890394334699497838e-69 2.458217344820435248e-68
1.856808291100000133e+04 6.623425130357604346e-68 -6.261937181111674659e-68 1.950878744182688500e-67
1.860841061099999934e+04 5.150263830619969453e-67 -4.869176889412928461e-67 1.516970455065286737e-66
1.864873831100000098e+04 3.923856983835939030e-66 -3.709703885355168416e-66 1.155741785302704700e-65
1.868906601099999898e+04 2.929096703430193665e-65 -2.769234828399281068e-65 8.627428235259668397e-65
1.872939371100000062e+04 2.142353323120747028e-64 -2.025429693111637925e-64 6.310136339353132655e-64
1.876972141099999862e+04 1.535272010125724890e-63 -1.451481173881304167e-63 4.522025194132753947e-63
1.881004911100000027e+04 1.077994175570598986e-62 -1.019160279790607801e-62 3.175148630931805773e-62
1.885037681100000191e+04 7.416249699325833365e-62 -7.011491610853219745e-62 2.184399100950488561e-61
1.889070451099999991e+04 4.999068876339725019e-61 -4.726233731277872983e-61 1.472437148395732233e-60
1.893103221100000155e+04 3.301647807350947298e-60 -3.121453138954780036e-60 9.724748753656674631e-60
1.897135991099999956e+04 2.136531084348892143e-59 -2.019925215786802312e-59 6.292987384484586598e-59
1.901168761099999756e+04 1.354641993123207805e-58 -1.280709436112481405e-58 3.989993422358897015e-58
1.905201531100000284e+04 8.415437526634100801e-58 -7.956146571631585587e-58 2.478702162489978860e-57
1.909234301100000084e+04 5.122308293020559641e-57 -4.842747086574384774e-57 1.508736367261550406e-56
1.913267071099999885e+04 3.054861843900196792e-56 -2.888136060570988814e-56 8.997859748371382398e-56
1.917299841100000413e+04 1.785066015658898854e-55 -1.687642123855326449e-55 5.257774155173123795e-55
1.921332611100000213e+04 1.022006921537010125e-54 -9.662286529055402374e-55 3.010242495979560488e-54
1.925365381100000013e+04 5.733109537417386161e-54 -5.420212513793663008e-54 1.688643158862843649e-53
1.929398151099999814e+04 3.151109458509381239e-53 -2.979130750576992577e-53 9.281349667595755982e-53
1.933430921099999978e+04 1.696967740368317737e-52 -1.604352005106116434e-52 4.998287485842751537e-52
1.937463691099999778e+04 8.954070939011551591e-52 -8.465382884501842567e-52 2.637352476252494575e-51
1.941496461099999942e+04 4.629182711195142620e-51 -4.376534914621648412e-51 1.363490033701193425e-50
1.945529231100000106e+04 2.344903427749975654e-50 -2.216925181662162182e-50 6.906732037162113015e-50
1.949562001099999907e+04 1.163810973459181794e-49 -1.100293437769467333e-49 3.427915384687831112e-49
1.953594771100000071e+04 5.659483282753409460e-49 -5.350604573413552073e-49 1.666957113892037251e-48
1.957627541100000235e+04 2.696546801546711167e-48 -2.549376847308244649e-48 7.942470450401667591e-48
1.961660311100000035e+04 1.258855815646597389e-47 -1.190150999295805844e-47 3.707862630589000623e-47
1.965693081099999836e+04 5.758122051670780031e-47 -5.443859915238408241e-47 1.696010401857996928e-46
1.969725851100000000e+04 2.580611266464299138e-46 -2.439768748257342891e-46 7.600991281185940778e-46
1.973758621100000164e+04 1.133185892454902184e-45 -1.071339787710638963e-45 3.337711572620443331e-45
1.977791391099999964e+04 4.875470989761702614e-45 -4.609381470365043534e-45 1.436032344988844876e-44
1.981824161100000128e+04 2.055269802896703034e-44 -1.943098946946247710e-44 6.053638552739653529e-44
1.985856931100000293e+04 8.489027754496032557e-44 -8.025720451451361898e-44 2.500377596044342602e-43
1.989889701100000093e+04 3.435452220796021034e-43 -3.247954883151846562e-43 1.011885932474388863e-42
1.993922471099999893e+04 1.362218329184783457e-42 -1.287872277021350135e-42 4.012308935390917209e-42
1.997955241100000057e+04 5.292323383890932644e-42 -5.003483231079337809e-42 1.558812999886120246e-41
2.001988011099999858e+04 2.014572377625507899e-41 -1.904622672893840401e-41 5.933767428144855944e-41
2.006020781100000022e+04 7.513741047953373671e-41 -7.103662155366507803e-41 2.213114425127325413e-40
2.010053551100000186e+04 2.745784312795329787e-40 -2.595927113420537270e-40 8.087495739011196436e-40
2.014086321099999986e+04 9.831356911085282890e-40 -9.294789051081147499e-40 2.895750287325171328e-39
2.018119091100000151e+04 3.449033028646641757e-39 -3.260794488636190343e-39 1.015886054592947386e-38
2.022151861100000315e+04 1.185545130756356577e-38 -1.120841405777055322e-38 3.491931667289768214e-38
2.026184631100000115e+04 3.992782710713154530e-38 -3.774867839559155125e-38 1.176043326098546366e-37
2.030217401099999915e+04 1.317559111808006701e-37 -1.245650434354293343e-37 3.880768657970307161e-37
2.034250171100000080e+04 4.259919463536316666e-37 -4.027425018363487484e-37 1.254726394543612082e-36
2.038282941099999880e+04 1.349489518270730272e-36 -1.275838168872554730e-36 3.974817205414015106e-36
2.042315711100000044e+04 4.188654026282674480e-36 -3.960049048607130022e-36 1.233735710117247965e-35
2.046348481099999844e+04 1.273844193423009245e-35 -1.204321353491028338e-35 3.752009740337046828e-35
2.050381251100000009e+04 3.795727101935976899e-35 -3.588566972702104514e-35 1.118002117657405778e-34
2.054414021100000173e+04 1.108180482766423747e-34 -1.047699103083663402e-34 3.264060068616510895e-34
2.058446791099999973e+04 3.170026266466746648e-34 -2.997015132262435380e-34 9.337067665195928249e-34
2.062479561100000137e+04 8.884890333991551226e-34 -8.399977962688712185e-34 2.616975863067181464e-33
2.066512331099999938e+04 2.439934286897547364e-33 -2.306769523303765368e-33 7.186638097098859754e-33
2.070545101099999738e+04 6.565095311070352775e-33 -6.206790839608175409e-33 1.933698146174887959e-32
2.074577871100000266e+04 1.730775697055558256e-32 -1.636314818428628453e-32 5.097866212539745239e-32
2.078610641100000066e+04 4.470719151346202691e-32 -4.226719851004299400e-32 1.316815815369670423e-31
2.082643411099999867e+04 1.131490302114662522e-31 -1.069736737931026178e-31 3.332717342160351002e-31
2.086676181100000395e+04 2.805828555434621948e-31 -2.652694309862711178e-31 8.264351420731955511e-31
2.090708951100000195e+04 6.817235123740358974e-31 -6.445169569150934110e-31 2.007963981663165293e-30
2.094741721099999995e+04 1.622901876107984545e-30 -1.534328447787224848e-30 4.780132200003193588e-30
2.098774491099999796e+04 3.785411516144915466e-30 -3.578814382623886299e-30 1.114963741491371723e-29
2.102807261099999960e+04 8.651089061791966937e-30 -8.178936907560293798e-30 2.548111503114422767e-29
2.106840031100000124e+04 1.937159204072159129e-29 -1.831434493026009898e-29 5.705752901170328437e-29
2.110872801099999924e+04 4.250075968917137947e-29 -4.018118754046291050e-29 1.251827069188056807e-28
2.114905571100000088e+04 9.136185712567611860e-29 -8.637558344979636750e-29 2.690992977011485823e-28
2.118938341100000252e+04 1.924287648362395923e-28 -1.819265430691678031e-28 5.667840727416470101e-28
2.122971111100000053e+04 3.971109959400924283e-28 -3.754377926170012294e-28 1.169659784497185996e-27
2.127003881100000217e+04 8.029540272110636942e-28 -7.591310505904797118e-28 2.365039105012606921e-27
2.131036651100000017e+04 1.590765984395997436e-27 -1.503946442827360590e-27 4.685478411619355462e-27
2.135069421099999818e+04 3.087868223584433497e-27 -2.919341044711665159e-27 9.095077491880532153e-27
2.139102191099999982e+04 5.872838634842069636e-27 -5.552315589346325343e-27 1.729799285903046461e-26
2.143134961100000146e+04 1.094395315005927280e-26 -1.034666291077640415e-26 3.223456921089494830e-26
2.147167731099999946e+04 1.998192063182319467e-26 -1.889136350020629680e-26 5.885520476385268614e-26
2.151200501099999747e+04 3.574679266253876422e-26 -3.379583307305742514e-26 1.052894183981349536e-25
2.155233271100000275e+04 6.265760352999082599e-26 -5.923792743123724887e-26 1.845531344912188894e-25
2.159266041100000075e+04 1.076086856063223294e-25 -1.017357056399654976e-25 3.169530768526101564e-25
2.163298811099999875e+04 1.810746774902588750e-25 -1.711921299262986477e-25 5.333414849068164206e-25
2.167331581100000039e+04 2.985416723706828459e-25 -2.822481059782899640e-25 8.793314507196557018e-25
2.171364351099999840e+04 4.822686701963801421e-25 -4.559477999867285473e-25 1.420485140379488831e-24
2.175397121100000004e+04 7.633258767383744878e-25 -7.216656930267689783e-25 2.248317446503517862e-24
2.179429891100000168e+04 1.183771195537765757e-24 -1.119164286069205793e-24 3.486706677144736939e-24
2.183462661099999968e+04 1.798715174485945184e-24 -1.700546347244801718e-24 5.297976696216692087e-24
2.187495431100000133e+04 2.677897046807139305e-24 -2.531744936025413843e-24 7.887539029639693188e-24
2.191528201100000297e+04 3.906269491394760305e-24 -3.693076246523700367e-24 1.150561522931322098e-23
2.195560971100000097e+04 5.582996749970565773e-24 -5.278292398100395567e-24 1.644428589804152711e-23
2.199593741099999897e+04 7.818247178920421801e-24 -7.391549023895064840e-24 2.302804338173590844e-23
2.203626511099999698e+04 1.072724669376101585e-23 -1.014178321907208599e-23 3.159627660659411769e-23
2.207659281100000226e+04 1.442128605157715396e-23 -1.363421151544161767e-23 4.247678361859592854e-23
2.211692051100000026e+04 1.899575548089413230e-23 -1.795901729381347139e-23 5.595052825560173306e-23
2.215724821099999826e+04 2.451579687775049646e-23 -2.317778544384756596e-23 7.220937919934855887e-23
2.219757591100000354e+04 3.100075989725881304e-23 -2.930880541702268455e-23 9.131032521154030474e-23
2.223790361100000155e+04 3.840922802788222813e-23 -3.631291142374215521e-23 1.131313674795066056e-22
2.227823131099999955e+04 4.662681986757240942e-23 -4.408194263475663468e-23 1.373355823699014594e-22
2.231855901100000119e+04 5.545913835232807315e-23 -5.243206251152456403e-23 1.633503392161807103e-22
2.235888671099999920e+04 6.463202938527698543e-23 -6.110397246943829432e-23 1.903680312399922769e-22
2.239921441099999720e+04 7.380067052908215608e-23 -6.977144138556099018e-23 2.173727824437252788e-22
2.243954211100000248e+04 8.256797262177989606e-23 -7.805857678675207705e-23 2.431945220303118574e-22
2.247986981100000048e+04 9.051146915053800547e-23 -8.556500100972516291e-23 2.665879393108011503e-22
2.252019751099999849e+04 9.721650052185979389e-23 -9.189675783176824698e-23 2.863297588754878465e-22
2.256052521100000013e+04 1.023123336698116547e-22 -9.669959746354749777e-23 3.013242648031708072e-22
2.260085291100000177e+04 1.055071510638210927e-22 -9.969050038079637591e-23 3.107048025084385495e-22
2.264118061099999977e+04 1.066177970116522636e-22 -1.006830735627240494e-22 3.139186675860285767e-22
2.268150831099999778e+04 1.055908734564160379e-22 -9.960285354909078390e-23 3.107846004619228596e-22
2.272183601099999942e+04 1.025131840377800882e-22 -9.648952984704689823e-23 3.015158979226070512e-22
2.276216371100000106e+04 9.761144824221158389e-23 -9.148453438978115448e-23 2.867074308742043340e-22
2.280249141099999906e+04 9.124335425243664120e-23 -8.480427368713730671e-23 2.672909821920105891e-22
2.284281911100000070e+04 8.388404168340027218e-23 -7.670192488619643355e-23 2.444700082529969662e-22
2.288314681100000234e+04 7.611365896997230782e-23 -6.742615293140750738e-23 2.196534708713520995e-22
2.292347451100000035e+04 6.861243226252943139e-23 -5.719993907652957837e-23 1.944248036015884529e-22
2.296380221100000199e+04 6.216950192861100072e-23 -4.628613546812114714e-23 1.706251393253431486e-22
2.300412991099999999e+04 5.771050528625945882e-23 -3.532168995912857007e-23 1.507427005316474877e-22
2.304445761099999800e+04 5.634646589549547295e-23 -2.627599019333544297e-23 1.389689219843263889e-22
2.308478531099999964e+04 5.944302062205209871e-23 -2.375902226283530233e-23 1.426450635069395115e-22
2.312511301100000128e+04 6.870449422233084114e-23 -3.328033346003408487e-23 1.706893219046957671e-22
2.316544071099999928e+04 8.626206946990440958e-23 -5.666070632326434506e-23 2.291848452630731642e-22
2.320576841100000092e+04 1.147497565498104698e-22 -9.369763232718970355e-23 3.231971454268106432e-22
2.324609611100000257e+04 1.573467769505073825e-22 -1.456829855221793043e-22 4.603765394231940223e-22
2.328642381100000057e+04 2.177613998536803374e-22 -2.156985525622719410e-22 6.512213522696326629e-22
2.332675151099999857e+04 3.001305232654511902e-22 -3.079290513551063901e-22 9.081900978860087705e-22
2.336707921100000021e+04 4.088127798660729738e-22 -4.270602981501831018e-22 1.244685857882329144e-21
2.340740691099999822e+04 5.480618266232548751e-22 -5.777477457654196478e-22 1.673871399011929304e-21
2.344773461099999986e+04 7.215812278422122314e-22 -7.640570072582031175e-22 2.207219462942627392e-21
2.348806231100000150e+04 9.319823172121644082e-22 -9.888441686613142061e-22 2.852808803085643023e-21
2.352839001100000314e+04 1.180189527906446370e-21 -1.253098469142482491e-21 3.613477524955375420e-21
2.356871771100000115e+04 1.464860317370669646e-21 -1.555308118170936109e-21 4.485028752912275024e-21
2.360904541100000279e+04 1.781904256197751135e-21 -1.890934995420700651e-21 5.454743507816202922e-21
2.364937311100000079e+04 2.124193037374783224e-21 -2.252094852222092270e-21 6.500480926971658718e-21
2.368970081099999879e+04 2.481545854251013401e-21 -2.627533786600834813e-21 7.590625495102861991e-21
2.373002851099999680e+04 2.841050649144290893e-21 -3.002967574915434342e-21 8.685068873204016128e-21
2.377035621100000208e+04 3.187742157183020045e-21 -3.361809085821983976e-21 9.737293400188024065e-21
2.381068391100000008e+04 3.505607101483011078e-21 -3.686255269659458780e-21 1.069746947262548018e-20
2.385101161100000172e+04 3.778833245720097706e-21 -3.958647294279945483e-21 1.151631378572014089e-20
2.389133931100000336e+04 3.993172180834334423e-21 -4.162965618028729682e-21 1.214930997969739853e-20
2.393166701100000137e+04 4.137255604031106346e-21 -4.286286599180533068e-21 1.256079780724274501e-20
2.397199471099999937e+04 4.203699018040586721e-21 -4.320016857507052579e-21 1.272741489358822602e-20
2.401232241100000101e+04 4.189848489120908423e-21 -4.260739967168944986e-21 1.264043694541076258e-20
2.405265011099999901e+04 4.098073126308495598e-21 -4.110555663366332887e-21 1.230670191598332408e-20
2.409297781099999702e+04 3.935570666212902863e-21 -3.876857757826319185e-21 1.174799909025212566e-20
2.413330551100000230e+04 3.713724367320582047e-21 -3.571572752843672883e-21 1.099902148748483698e-20
2.417363321100000030e+04 3.447113178272224962e-21 -3.209955049150751095e-21 1.010418140569520102e-20
2.421396091100000194e+04 3.152321998310813433e-21 -2.809097633393067514e-21 9.113741630014694005e-21
2.425428861099999995e+04 2.846716852169469059e-21 -2.386367379340272897e-21 8.079801083679210262e-21
2.429461631100000159e+04 2.547338600956096323e-21 -1.958022936763279814e-21 7.052700138675472084e-21
2.433494401099999959e+04 2.270032020034079508e-21 -1.538353404077717679e-21 6.078417444145876318e-21
2.437527171099999759e+04 2.028873317064741876e-21 -1.139848711601275486e-21 5.197595345730759238e-21
2.441559941099999924e+04 1.835900055860170102e-21 -7.752305919855834839e-22 4.447030703705923688e-21
2.445592711100000088e+04 1.701095066387030527e-21 -4.623478460933625136e-22 3.864537978867423567e-21
2.449625481099999888e+04 1.632540308636640961e-21 -2.308330317346684678e-22 3.495913649007950579e-21
2.453658251100000416e+04 1.636643940777988160e-21 -1.197112368179561250e-22 3.392999118373932634e-21
2.457691021100000216e+04 1.718355190622864316e-21 -1.495460367183129047e-22 3.586256417964041160e-21
2.461723791100000017e+04 1.881313210258315692e-21 -2.973288315228463727e-22 4.059955252039477757e-21
2.465756561100000181e+04 2.127919893826168173e-21 -5.181754337265450666e-22 4.774015221378881412e-21
2.469789331099999981e+04 2.459371962010504759e-21 -7.742582551346181253e-22 5.693002179155628019e-21
2.473822101099999782e+04 2.875723007325325980e-21 -1.038826138410232531e-21 6.790272153060883739e-21
2.477854871099999946e+04 3.376061537157512780e-21 -1.290128010225953033e-21 8.042251084540979345e-21
2.481887641100000110e+04 3.958879612470326096e-21 -1.506835137439029173e-21 9.424594362379680612e-21
2.485920411100000274e+04 4.622666813255084537e-21 -1.666723104837653964e-21 1.091205673134782379e-20
2.489953181100000074e+04 5.366700483994671362e-21 -1.748073068142619658e-21 1.248147403613196163e-20
2.493985951100000239e+04 6.191926324735384274e-21 -1.733374350948428496e-21 1.411722700041919629e-20
2.498018721100000039e+04 7.101749386484769440e-21 -1.615064165058632023e-21 1.581856293802817090e-20
2.502051491099999839e+04 8.102503173411463282e-21 -1.402664031562989115e-21 1.760767037838591718e-20
2.506084261100000003e+04 9.203351846151429463e-21 -1.129519369359514820e-21 1.953622306166237224e-20
2.510117031099999804e+04 1.041542050591540778e-20 -8.555186341942097333e-22 2.168635964602502379e-20
2.514149801099999968e+04 1.175004532646859948e-20 -6.610237483678576658e-22 2.416111440130505662e-20
2.518182571100000132e+04 1.321618126824346153e-20 -6.297649593852824979e-22 2.706212749587220556e-20
2.522215341100000296e+04 1.481718023867601738e-20 -8.258025543351774405e-22 3.046016303168720919e-20
2.526248111100000096e+04 1.654732651443116857e-20 -1.275819195382433442e-21 3.437047222424477359e-20
2.530280881099999897e+04 1.838865318942773112e-20 -1.964843624974641804e-21 3.874215000383010705e-20
2.534313651100000061e+04 2.030862899149172279e-20 -2.843973204263541177e-21 4.346123118724698676e-20
2.538346421099999861e+04 2.225927384487495589e-20 -3.843195135554095169e-21 4.836174282530400995e-20
2.542379191099999662e+04 2.417812485666161284e-20 -4.883760348193219466e-21 5.324001006151644213e-20
2.546411961100000190e+04 2.599124288389775368e-20 -5.887958137992867204e-21 5.787044390578837456e-20
2.550444731099999990e+04 2.761815463252312260e-20 -6.786142169258450877e-21 6.202245143430469608e-20
2.554477501100000154e+04 2.897831337102288300e-20 -7.521383926016257557e-21 6.547801066806202355e-20
2.558510271100000318e+04 2.999838747821661212e-20 -8.052076482810590638e-21 6.804885143924382090e-20
2.562543041100000119e+04 3.061950193170177018e-20 -8.352726288121709741e-21 6.959173015152525010e-20
2.566575811099999919e+04 3.080350166318721462e-20 -8.413199232971750930e-21 7.002020255934618620e-20
2.570608581100000083e+04 3.053739376354324445e-20 -8.236797578445228908e-21 6.931158510553171781e-20
2.574641351099999883e+04 2.983534821452198019e-20 -7.837661824795833334e-21 6.750835825383979372e-20
2.578674121100000048e+04 2.873795991548780998e-20 -7.238052432474398613e-21 6.471397226345001857e-20
2.582706891100000212e+04 2.730884571997098024e-20 -6.466035491744600299e-21 6.108372693168656078e-20
2.586739661100000376e+04 2.562900817271025403e-20 -5.553972011568166837e-21 5.681198835698867489e-20
2.590772431100000176e+04 2.378968503201428180e-20 -4.538017073742749728e-21 5.211738713777131634e-20
2.594805201099999977e+04 2.188457658718245132e-20 -3.458605954000995359e-21 4.722775912836589800e-20
2.598837971100000141e+04 2.000237846946614124e-20 -2.361650262831582344e-21 4.236640720176386483e-20
2.602870741099999941e+04 1.822044743889749448e-20 -1.299831736997899625e-21 3.774072661479288858e-20
2.606903511099999741e+04 1.660021523593000429e-20 -3.328004959066692003e-22 3.353323096776667779e-20
2.610936281099999906e+04 1.518468149783650206e-20 4.759261353398790115e-22 2.989343686033312510e-20
2.614969051100000070e+04 1.399801006159733471e-20 1.068585807341251520e-21 2.692743431585341940e-20
2.619001821099999870e+04 1.304697257233418721e-20 1.411020464739519453e-21 2.468292467992885497e-20
2.623034591100000398e+04 1.232376985183082412e-20 1.512272835984876354e-21 2.313526686767677189e-20
2.627067361100000198e+04 1.180964158635843873e-20 1.428820989925631024e-21 2.219046218279124493e-20
2.631100131099999999e+04 1.147865814125054523e-20 1.242479194926181462e-21 2.171483708757490899e-20
2.635132901100000163e+04 1.130116712669084173e-20 1.025734872815601824e-21 2.157659938056608314e-20
2.639165671099999963e+04 1.124651953492477888e-20 8.182540697947648872e-22 2.167478500005479437e-20
2.643198441099999764e+04 1.128489359934823363e-20 6.232631529123992444e-22 2.194652404578406801e-20
2.647231211099999928e+04 1.138823250149970664e-20 4.182033717586331270e-22 2.235826163124078165e-20
2.651263981100000092e+04 1.153048012177960872e-20 1.714976763716376224e-22 2.288946256718757831e-20
2.655296751100000256e+04 1.168741022176141889e-20 -1.409900339560683752e-22 2.351581047747890616e-20
2.659329521100000056e+04 1.183638359218390269e-20 -5.247467387564869603e-22 2.419751392312429234e-20
2.663362291100000220e+04 1.195633352659355480e-20 -9.633667526446718754e-22 2.487603380583178149e-20
2.667395061100000021e+04 1.202818465327685560e-20 -1.422578627300710331e-21 2.547894793385442152e-20
2.671427831099999821e+04 1.203577634028995914e-20 -1.858248192745260002e-21 2.592980087332517828e-20
2.675460601099999985e+04 1.196721786642842468e-20 -2.224787306924986280e-21 2.615922303978183563e-20
2.679493371100000149e+04 1.181647646358646852e-20 -2.481766377431033701e-21 2.611471930460397074e-20
2.683526141099999950e+04 1.158491377086027089e-20 -2.598080957015569792e-21 2.576790849873611307e-20
2.687558911100000478e+04 1.128245439518179006e-20 -2.554045975103456028e-21 2.511895476546703765e-20
2.691591681100000278e+04 1.092809446638313933e-20 -2.342343433924169991e-21 2.419853236669044715e-20
2.695624451100000078e+04 1.054953076540405835e-20 -1.969099875862337862e-21 2.306816140667045306e-20
2.699657221099999879e+04 1.018179778735763484e-20 -1.456656548060934538e-21 2.182025212277620271e-20
2.703689991100000043e+04 9.864923643703696481e-21 -8.496010452609212868e-22 2.057944833266831425e-20
2.707722761099999843e+04 9.640739421942831261e-21 -2.241970656763185043e-22 1.950567590956198103e-20
2.711755531099999644e+04 9.549087086601473492e-21 3.046414777045679576e-22 1.879353269549838053e-20
2.715788301100000172e+04 9.623758695260504984e-21 5.973565796845719750e-22 1.865016081083643799e-20
2.719821071099999972e+04 9.888558230695062727e-21 5.442838842229221481e-22 1.923283257716720331e-20
2.723853841100000136e+04 1.035390199431541312e-20 1.302903184855605309e-22 2.057751367014526571e-20
2.727886611100000300e+04 1.101436002628706446e-20 -5.639511172553402447e-22 2.259267116982946916e-20
2.731919381100000101e+04 1.184748558825929671e-20 -1.420783638827832820e-21 2.511575481534642624e-20
2.735952151099999901e+04 1.281418033770756420e-20 -2.334916727178431717e-21 2.796327740259355861e-20
2.739984921100000065e+04 1.386070167902299353e-20 -3.228561905510886049e-21 3.094996526355687009e-20
2.744017691099999865e+04 1.492224500282564771e-20 -4.048330505356087635e-21 3.389282051100738305e-20
2.748050461100000030e+04 1.592784457708578277e-20 -4.758433365838246674e-21 3.661412252000981522e-20
2.752083231099999830e+04 1.680615782485741881e-20 -5.335280404202132174e-21 3.894759605391696979e-20
2.756116001100000358e+04 1.749155797275810047e-20 -5.764118384557710122e-21 4.074723433007391106e-20
2.760148771100000158e+04 1.792988757033482029e-20 -6.037171765978181985e-21 4.189694690664781955e-20
2.764181541099999959e+04 1.808324013170746512e-20 -6.152656800917051116e-21 4.231913706433198436e-20
2.768214311100000123e+04 1.793324520871268528e-20 -6.114174703499189562e-21 4.198066512092455711e-20
2.772247081099999923e+04 1.748252243808243795e-20 -5.930133506257219690e-21 4.089517838242209258e-20
2.776279851099999723e+04 1.675421468554452989e-20 -5.612965592966993004e-21 3.912139496405605279e-20
2.780312621100000251e+04 1.578976937730131646e-20 -5.178008452389839243e-21 3.675754720699246915e-20
2.784345391100000052e+04 1.464536611936830270e-20 -4.642018062422961789e-21 3.393275030115957020e-20
2.788378161100000216e+04 1.338754815822914334e-20 -4.021411534674763042e-21 3.079650785113304822e-20
2.792410931100000380e+04 1.208867856878818469e-20 -3.330530100868961956e-21 2.750788723844533133e-20
2.796443701100000180e+04 1.082280117126020625e-20 -2.580562781089388139e-21 2.422616512360980063e-20
2.800476471099999981e+04 9.662352757579169066e-21 -1.780460110988686029e-21 2.110516562614702416e-20
2.804509241099999781e+04 8.675975706740128472e-21 -9.425280101206496213e-22 1.829447942360090657e-20
2.808542011099999945e+04 7.927457293699489784e-21 -9.758203803093412085e-23 1.595249662542991519e-20
2.812574781099999745e+04 7.475614896726961583e-21 6.756069604353325201e-22 1.427562283301859065e-20
2.816607551099999910e+04 7.374789914090506600e-21 1.224068290925507756e-21 1.352551153725550544e-20
2.820640321100000074e+04 7.675530425956191463e-21 1.383517007294685018e-21 1.396754384461769716e-20
2.824673091100000238e+04 8.425041063873321100e-21 1.153541976914293467e-21 1.569654015083234873e-20
2.828705861100000038e+04 9.667050574756647794e-21 7.148482760019211313e-22 1.861925287351137446e-20
2.832738631100000202e+04 1.144087355102943401e-20 2.667035726066483670e-22 2.261504352945221965e-20
2.836771401100000003e+04 1.377959632482953846e-20 -4.758470331619069689e-23 2.760677735297526761e-20
2.840804171099999803e+04 1.670747101201426382e-20 -1.269146377560688423e-22 3.354185666178459347e-20
2.844836941099999967e+04 2.023673404532032161e-20 1.090687308517559637e-22 4.036439935978889027e-20
2.848869711100000131e+04 2.436416307726479209e-20 7.284692522327660734e-22 4.799985690229681810e-20
2.852902481099999932e+04 2.906774590295387877e-20 1.785238234892079724e-21 5.635025357101567179e-20
2.856935251100000096e+04 3.430386259482536534e-20 3.311509324150964612e-21 6.529621586549976005e-20
2.860968021100000260e+04 4.000538701860591548e-20 5.308037732795043133e-21 7.470273630441678181e-20
2.865000791100000060e+04 4.608110420752831787e-20 7.736289167000157739e-21 8.442591924805647800e-20
2.869033561099999861e+04 5.241681629888803003e-20 1.051559089954242033e-20 9.431804169823363370e-20
2.873066331100000025e+04 5.887846209201280066e-20 1.352815445202664787e-20 1.042287697319989595e-19
2.877099101099999825e+04 6.531748471897572204e-20 1.663318823901801627e-20 1.140017811989334158e-19
2.881131871099999989e+04 7.157852604621500373e-20 1.968868560419130666e-20 1.234683664882387068e-19
2.885164641100000154e+04 7.750928926022989499e-20 2.257651174803791096e-20 1.324420667724218790e-19
2.889197411100000318e+04 8.297209392149617378e-20 2.522447494563446749e-20 1.407197128973578921e-19
2.893230181100000118e+04 8.785627749826747010e-20 2.761930914936665162e-20 1.480932458471682765e-19
2.897262951100000282e+04 9.209022872554868643e-20 2.980686574305706370e-20 1.543735917080402971e-19
2.901295721100000083e+04 9.565154744187912334e-20 3.187894750979461585e-20 1.594241473739636308e-19
2.905328491099999883e+04 9.857369656340656662e-20 3.394849561688104450e-20 1.631988975099321008e-19
2.909361261100000047e+04 1.009476160546558379e-19 3.611558390618034563e-20 1.657796482031313422e-19
2.913394031099999847e+04 1.029171453931371728e-19 3.842658016920829544e-20 1.674077106170660382e-19
2.917426801100000012e+04 1.046677420857522790e-19 4.082986655106268181e-20 1.685056176204418762e-19
2.921459571099999812e+04 1.064088283326084519e-19 4.313676230542966149e-20 1.696808943597872423e-19
2.925492341100000340e+04 1.083510376237304562e-19 4.500825444947682333e-20 1.716938207979841011e-19
2.929525111100000140e+04 1.106805279566329633e-19 4.600052381013403701e-20 1.753605321031318896e-19
2.933557881099999940e+04 1.135332294776779916e-19 4.568804423467850365e-20 1.813784147206774676e-19
2.937590651100000105e+04 1.169722683895566809e-19 4.381839020345110472e-20 1.901261465756622450e-19
2.941623421099999905e+04 1.209717609799476791e-19 4.039592374738191566e-20 2.015475982125134545e-19
2.945656191099999705e+04 1.254096622892586832e-19 3.564383830776663829e-20 2.151754862707507401e-19
2.949688961100000233e+04 1.300714096895714011e-19 2.990208235654671186e-20 2.302407370225960784e-19
2.953721731100000034e+04 1.346648167911010088e-19 2.354133277247922712e-20 2.457883008097228146e-19
2.957754501100000198e+04 1.388452032335389777e-19 1.692035632256263437e-20 2.607700501445153451e-19
2.961787271100000362e+04 1.422482921951637541e-19 1.037349239729280992e-20 2.741230919930346742e-19
2.965820041100000162e+04 1.445271913755492348e-19 4.208646396304133393e-21 2.848457363547943603e-19
2.969852811099999963e+04 1.453890034289703682e-19 -1.295949318096970121e-21 2.920739561760377066e-19
2.973885581099999763e+04 1.446264465877240980e-19 -5.900101190564398942e-21 2.951529943660126191e-19
2.977918351099999927e+04 1.421403780884970009e-19 -9.414438184996206038e-21 2.936951943619902319e-19
2.981951121100000091e+04 1.379502643902153865e-19 -1.171488359009192394e-20 2.876154123705226969e-19
2.985983891099999892e+04 1.321912796539594446e-19 -1.275563004065535011e-20 2.771381893485742393e-19
2.990016661100000420e+04 1.250985866577136766e-19 -1.257785491764168421e-20 2.627750282330690374e-19
2.994049431100000220e+04 1.169811554393225327e-19 -1.131226181634586634e-20 2.452745726949909076e-19
2.998082201100000020e+04 1.081888995171881190e-19 -9.174462342581476312e-21 2.255522613769577384e-19
3.002114971100000184e+04 9.907771579128577729e-20 -6.452906106017151385e-21 2.046083376885886939e-19
3.006147741099999985e+04 8.997707412409631526e-20 -3.489217782149123017e-21 1.834433660303417535e-19
3.010180511099999785e+04 8.116412849828724472e-20 -6.501721092148541390e-22 1.629784291057893436e-19
3.014213281099999949e+04 7.284706229999805000e-20 1.710676088666205969e-21 1.439834485113298820e-19
3.018246051100000113e+04 6.515878696557894408e-20 3.303839558853296562e-21 1.270137343723046036e-19
3.022278821099999914e+04 5.816048455560244539e-20 3.964071618983024252e-21 1.123568974922218665e-19
3.026311591100000078e+04 5.185310388978087969e-20 3.701653968939570103e-21 1.000045538106221953e-19
3.030344361100000242e+04 4.619399888856637949e-20 2.710376596525268329e-21 8.967762118060749668e-20
3.034377131100000042e+04 4.111554224448466440e-20 1.308725190619044120e-21 8.092235929835027866e-20
3.038409901099999843e+04 3.654274667471426683e-20 -1.625008391830345944e-22 7.324799418861156223e-20
3.042442671100000007e+04 3.240756862789775428e-20 -1.429586191167181298e-21 6.624472344696268985e-20
3.046475441099999807e+04 2.865847901647319196e-20 -2.325985108498917350e-21 5.964294314144529526e-20
3.050508211099999971e+04 2.526486454142920966e-20 -2.788091244316766686e-21 5.331782032717518601e-20
3.054540981100000135e+04 2.221669404326748039e-20 -2.830650462038628310e-21 4.726403854857358607e-20
3.058573751100000300e+04 1.952052065689596425e-20 -2.521599271434234807e-21 4.156264058522616332e-20
3.062606521100000100e+04 1.719323175904536639e-20 -1.965957923283793327e-21 3.635242144137452612e-20
3.066639291100000264e+04 1.525500842910491495e-20 -1.300466671757811621e-21 3.181048352996764453e-20
3.070672061100000064e+04 1.372276803483252363e-20 -6.928975750039944766e-22 2.813843364466903873e-20
3.074704831099999865e+04 1.260501999003205446e-20 -3.269075372996241213e-22 2.553694751736373153e-20
3.078737601100000029e+04 1.189865490101305826e-20 -3.438950252222346070e-22 2.414120482724835263e-20
3.082770371100000193e+04 1.158778955905655601e-20 -7.560073626363593260e-22 2.393158648074947136e-20
3.086803141099999993e+04 1.164446141732590683e-20 -1.427596806533973584e-21 2.471651964118578725e-20
3.090835911099999794e+04 1.203073842439205958e-20 -2.164286345937719506e-21 2.622576319472183716e-20
3.094868681100000322e+04 1.270169308126864683e-20 -2.808175564896800436e-21 2.821156172743409711e-20
3.098901451100000122e+04 1.360867601978947952e-20 -3.271866627598351139e-21 3.048921866717731319e-20
3.102934221099999922e+04 1.470239577431002285e-20 -3.532788004506596793e-21 3.293757955312664250e-20
3.106966991100000087e+04 1.593544283764732323e-20 -3.617540170248487205e-21 3.548842584554313668e-20
3.110999761099999887e+04 1.726405953779850810e-20 -3.585776621124693521e-21 3.811389569672170972e-20
3.115032531100000051e+04 1.864912401848787314e-20 -3.513214598130384770e-21 4.081146263510613105e-20
3.119065301100000215e+04 2.005645972079792256e-20 -3.472931463299384519e-21 4.358585090489522965e-20
3.123098071100000016e+04 2.145667930260701125e-20 -3.517244742577019507e-21 4.643060334779103900e-20
3.127130841099999816e+04 2.282481063024398899e-20 -3.665143879785500901e-21 4.931476514027347887e-20
3.131163611099999980e+04 2.413993085027940380e-20 -3.899778678405997471e-21 5.217964037896480507e-20
3.135196381100000144e+04 2.538496396822521546e-20 -4.176873525604430014e-21 5.494680146205485792e-20
3.139229151099999945e+04 2.654669993253498836e-20 -4.440748347919866173e-21 5.753414821298983989e-20
3.143261921099999745e+04 2.761599636788025827e-20 -4.642442029787596794e-21 5.987443476554811334e-20
3.147294691100000273e+04 2.858805303354182169e-20 -4.754583988433830389e-21 6.193069005551747980e-20
3.151327461100000073e+04 2.946261947718602655e-20 -4.779007961689618788e-21 6.370424691606167189e-20
3.155360231099999874e+04 3.024400982666937332e-20 -4.744823162496580570e-21 6.523284281583533323e-20
3.159393001100000038e+04 3.094084292706874660e-20 -4.696843140784543337e-21 6.657852899492203653e-20
3.163425771100000202e+04 3.156548003715735891e-20 -4.677268919677071188e-21 6.780822899399178299e-20
3.167458541100000002e+04 3.213317473082050842e-20 -4.706816481392714749e-21 6.897316594303372556e-20
3.171491311100000166e+04 3.266096768978956694e-20 -4.773168523593835580e-21 7.009510390317297548e-20
3.175524081099999967e+04 3.316635398402842871e-20 -4.832647161749417213e-21 7.116535512980627462e-20
3.179556851100000131e+04 3.366573741702483202e-20 -4.825546038917749636e-21 7.215702087296741367e-20
3.183589621100000295e+04 3.417268842553597469e-20 -4.699676229519446384e-21 7.304505308059139576e-20
3.187622391100000095e+04 3.469605893353490544e-20 -4.433548653912812969e-21 7.382566652098262384e-20
3.191655161099999896e+04 3.523808596738427480e-20 -4.050885544914996796e-21 7.452705747968354039e-20
3.195687931100000060e+04 3.579272195664869999e-20 -3.620591620174966423e-21 7.520603553347236640e-20
3.199720701100000224e+04 3.634452998546265009e-20 -3.240128632421705507e-21 7.592918860334701170e-20
3.203753471100000024e+04 3.686853231309869288e-20 -3.005681248703270863e-21 7.674274587490065061e-20
3.207786241099999825e+04 3.733135930534808178e-20 -2.978885285837526809e-21 7.764160389653369037e-20
3.211819011100000353e+04 3.769389204882714332e-20 -3.163512772485190256e-21 7.855129687013948292e-20
3.215851781100000153e+04 3.791533512863682023e-20 -3.501969656787916530e-21 7.933263991406155698e-20
3.219884551099999953e+04 3.795834037482049882e-20 -3.891765654730083656e-21 7.980844640437108129e-20
3.223917321100000117e+04 3.779449850808925990e-20 -4.213527645274163271e-21 7.980252466145268306e-20
3.227950091100000282e+04 3.740930399782405087e-20 -4.360377734022460387e-21 7.917898572967055610e-20
3.231982861100000082e+04 3.680564766320381248e-20 -4.262320754261331055e-21 7.787361608066894999e-20
3.236015631100000246e+04 3.600503803381665170e-20 -3.903910176782274990e-21 7.591398624441557840e-20
3.240048401100000046e+04 3.504608763157544055e-20 -3.335733646201787763e-21 7.342790890935267488e-20
3.244081171099999847e+04 3.398026895751248418e-20 -2.679399543633644857e-21 7.063993745865861321e-20
3.248113941100000375e+04 3.286545593577434544e-20 -2.121866589998698631e-21 6.785277846154738952e-20
3.252146711099999811e+04 3.175821304806847563e-20 -1.889652428304342036e-21 6.540607852444128728e-20
3.256179481100000339e+04 3.070607856106029692e-20 -2.193415128249682742e-21 6.360557225037028259e-20
3.260212251099999412e+04 2.974114425464604798e-20 -3.151023813995334482e-21 6.263331232328742443e-20
3.264245021100000304e+04 2.887604358118563930e-20 -4.729285280039402809e-21 6.248137244241067539e-20
3.268277791100000104e+04 2.810305695723494036e-20 -6.748746404546505075e-21 6.295486031901637977e-20
3.272310561099999904e+04 2.739650532492789404e-20 -8.947545692235500474e-21 6.374055634209128253e-20
3.276343331100000069e+04 2.671803704745636856e-20 -1.105683023650545251e-20 6.449290433141819564e-20
3.280376101099999505e+04 2.602392887471872811e-20 -1.285099768036606838e-20 6.489885542980351858e-20
3.284408871100000397e+04 2.527321039327076466e-20 -1.416824677451747638e-20 6.471466756105900269e-20
3.288441641099999833e+04 2.443533663559646020e-20 -1.491235910640883593e-20 6.378303237760175933e-20
3.292474411099999998e+04 2.349628118168905700e-20 -1.504598775493480138e-20 6.203855011831291838e-20
3.296507181100000162e+04 2.246226060618666936e-20 -1.458113039440445377e-20 5.950565160677779249e-20
3.300539951100000326e+04 2.136075208387194300e-20 -1.356933393668778275e-20 5.629083810443166875e-20
3.304572721099999762e+04 2.023893200112203853e-20 -1.209294470385562091e-20 5.257080870609969496e-20
3.308605491099999927e+04 1.916004961499514079e-20 -1.025870649818522249e-20 4.857880572817550709e-20
3.312638261100000818e+04 1.819848389040412373e-20 -8.195733989749147814e-21 4.459270177055739829e-20
3.316671031099999527e+04 1.743427880497715054e-20 -6.060836181125145110e-21 4.092939379107944619e-20
3.320703801100000419e+04 1.694782164291668397e-20 -4.053284284647830358e-21 3.794892757048120130e-20
3.324736571099999856e+04 1.681506972875969925e-20 -2.431503606612069756e-21 3.606164306413146524e-20
3.328769341100000020e+04 1.710342190497958679e-20 -1.497108582308734560e-21 3.570395239226790513e-20
3.332802111100000184e+04 1.786806035536829316e-20 -1.499940244294061151e-21 3.723606095503065049e-20
3.336834881100000348e+04 1.914843413306492248e-20 -2.517019974773780678e-21 4.081388824090362563e-20
3.340867651099999784e+04 2.096456651903927962e-20 -4.456058784005006402e-21 4.638519182208356563e-20
3.344900421099999949e+04 2.331305021759660188e-20 -7.167664713870542724e-21 5.379376514906374950e-20
3.348933191100000840e+04 2.616290717286287284e-20 -1.051931882310996894e-20 6.284513316883571162e-20
3.352965961099999549e+04 2.945185364588342769e-20 -1.439774546974053240e-20 7.330145276150738777e-20
3.356998731100000441e+04 3.308382336789935417e-20 -1.868537762710875685e-20 8.485302436290746518e-20
3.361031501099999878e+04 3.692876005451779705e-20 -2.324145838274916743e-20 9.709897849178476153e-20
3.365064271100000042e+04 4.082561980727801553e-20 -2.789509140809127480e-20 1.095463310226473179e-19
3.369097041100000206e+04 4.458919677750238753e-20 -3.244881926518882767e-20 1.216272128201935967e-19
3.373129811100000370e+04 4.802083520319749827e-20 -3.668970961856826116e-20 1.327313800249632637e-19
3.377162581099999807e+04 5.092240952704951755e-20 -4.040506446752337589e-20 1.422498835216224230e-19
3.381195351099999971e+04 5.311227585800828069e-20 -4.340011556070054664e-20 1.496246672767170960e-19
3.385228121100000135e+04 5.444137021654803198e-20 -4.551523831675993477e-20 1.543979787498559987e-19
3.389260891099999571e+04 5.480737884795930317e-20 -4.664043876793758567e-20 1.562551964638561800e-19
3.393293661100000463e+04 5.416500841111976816e-20 -4.672526502866837815e-20 1.550552818509079265e-19
3.397326431099999900e+04 5.253084170870580899e-20 -4.578290421623793725e-20 1.508445876336495612e-19
3.401359201100000064e+04 4.998200465557726625e-20 -4.388800217245003967e-20 1.438520114836045782e-19
3.405391971100000228e+04 4.664875824443878133e-20 -4.116858194387606361e-20 1.344660984327536142e-19
3.409424741099999665e+04 4.270199990901916753e-20 -3.779320578463703579e-20 1.231972056026753769e-19
3.413457511100000556e+04 3.833735209787118260e-20 -3.395509929688929821e-20 1.106298034926316754e-19
3.417490281099999993e+04 3.375791270245682606e-20 -2.985524643840865177e-20 9.737107184332229788e-20
3.421523051100000157e+04 2.915778733207543519e-20 -2.568643725672403979e-20 8.400201192087491017e-20
3.425555821099999594e+04 2.470823461392960691e-20 -2.161993370937103898e-20 7.103640293723025882e-20
3.429588591100000485e+04 2.054771292557402838e-20 -1.779589146820621568e-20 5.889131731935427245e-20
3.433621361099999922e+04 1.677644060149107940e-20 -1.431804689030500123e-20 4.787092809328716304e-20
3.437654131100000086e+04 1.345540288602621757e-20 -1.125256374743535409e-20 3.816336951948779073e-20
3.441686901100000250e+04 1.060917161724340360e-20 -8.630431076417428041e-21 2.984877431090423525e-20
3.445719671099999687e+04 8.231523958186500719e-21 -6.452473942138568021e-21 2.291552185851156946e-20
3.449752441100000578e+04 6.292683745439498997e-21 -4.695903544565899524e-21 1.728127103544489827e-20
3.453785211100000015e+04 4.747048177504752701e-21 -3.321373922970128904e-21 1.281547027797963431e-20
3.457817981100000179e+04 3.540455726989676517e-21 -2.279683653992866073e-21 9.360595107972218355e-21
3.461850751099999616e+04 2.616333629226407623e-21 -1.517503652723356384e-21 6.750170911176171630e-21
3.465883521100000507e+04 1.920369643035777233e-21 -9.817717545847699109e-22 4.822511040656324378e-21
3.469916291099999944e+04 1.403629357128810350e-21 -6.226405254391956802e-22 3.429899239696816380e-21
3.473949061100000108e+04 1.024252339873810986e-21 -3.951129808244258727e-22 2.443617660572047846e-21
3.477981831100000272e+04 7.479934040687607767e-22 -2.598040003255947008e-22 1.755790808463116160e-21
3.482014601099999709e+04 5.479319832509369388e-22 -1.835463510846981752e-22 1.279410317586572147e-21
3.486047371100000601e+04 4.036676440190236016e-22 -1.403577369225477450e-22 9.476930249605950423e-22
3.490080141099999310e+04 3.002732087730064170e-22 -1.122983304258347966e-22 7.128447479718476305e-22
3.494112911100000201e+04 2.272091886390503789e-22 -8.914168508062477005e-23 5.435600623587255279e-22
3.498145681100000365e+04 1.773311706114637989e-22 -6.684809054877869929e-23 4.215104317717062971e-22
3.502178451099999802e+04 1.460572402730322545e-22 -4.632396013925327922e-23 3.384384406853178118e-22
3.506211221099999966e+04 1.307119032975552680e-22 -3.367548058836706998e-23 2.950992871834776060e-22
3.510243991100000130e+04 1.300283438031019240e-22 -3.846401835551983331e-23 2.985207059617236579e-22
3.514276761100000294e+04 1.437712826449874863e-22 -6.429356138078488138e-23 3.518361266707598304e-22
3.518309531099999731e+04 1.724356572157007830e-22 -1.067478413518097820e-22 4.516191557832113716e-22
3.522342301100000623e+04 2.169788516514653062e-22 -1.621783122344777699e-22 5.961360155374083353e-22
3.526375071099999332e+04 2.785534668083953498e-22 -2.301151491063307235e-22 7.872220827231214700e-22
3.530407841100000223e+04 3.582212488602032157e-22 -3.115898710883780057e-22 1.028032368808784437e-21
3.534440611100000388e+04 4.566447304598833534e-22 -4.077716758333807618e-22 1.321061136753147563e-21
3.538473381099999824e+04 5.737694049467194013e-22 -5.192298147073829511e-22 1.666768624600821660e-21
3.542506151099999988e+04 7.085237710856994069e-22 -6.455127812606179513e-22 2.062560323432016765e-21
3.546538921100000152e+04 8.585751404037557486e-22 -7.848938569496060028e-22 2.502044137757117312e-21
3.550571691100000317e+04 1.020183555340207256e-21 -9.342463879590913829e-22 2.974613498639505895e-21
3.554604461099999753e+04 1.188192881803172184e-21 -1.089056027889541731e-21 3.465441791495886100e-21
3.558637231100000645e+04 1.356186478815795409e-21 -1.243584648439775127e-21 3.955957606071366322e-21
3.562670001099999354e+04 1.516815622764755900e-21 -1.391189894741086513e-21 4.424821140270598689e-21
3.566702771100000245e+04 1.662284522667736729e-21 -1.524784683723988261e-21 4.849353729059461530e-21
3.570735541100000410e+04 1.784950195636684404e-21 -1.637398515942256704e-21 5.207298907215625136e-21
3.574768311099999846e+04 1.877973398153192576e-21 -1.722782598397758387e-21 5.478729394704143539e-21
3.578801081100000010e+04 1.935942843087545138e-21 -1.775988060094935242e-21 5.647873746270025142e-21
3.582833851100000174e+04 1.955392530874534707e-21 -1.793844306417692572e-21 5.704629368166761986e-21
3.586866621100000339e+04 1.935142586897595673e-21 -1.775274160807627763e-21 5.645559334602818734e-21
3.590899391099999775e+04 1.876416388656371921e-21 -1.721402878368198645e-21 5.474235655680942487e-21
3.594932161099999939e+04 1.782717406107007482e-21 -1.635446123500994183e-21 5.200880935715009524e-21
3.598964931100000103e+04 1.659482732381526777e-21 -1.522392699388068151e-21 4.841358164151121517e-21
3.602997701100000268e+04 1.513560787529912890e-21 -1.388525734721261728e-21 4.415647309781087132e-21
3.607030471099999704e+04 1.352582830790320713e-21 -1.240846305842094861e-21 3.946011967422735911e-21
3.611063241099999868e+04 1.184308191251041701e-21 -1.086472862999221367e-21 3.455089245501304394e-21
3.615096011100000760e+04 1.016020450764713559e-21 -9.320873510552234820e-22 2.964128252584650600e-21
3.619128781099999469e+04 8.540376499402521932e-22 -7.834859069132430704e-22 2.491561206793747269e-21
3.623161551100000361e+04 7.033774372008192506e-22 -6.452716856947776755e-22 2.052026560096416177e-21
3.627194321099999797e+04 5.675925642205569948e-22 -5.207039534250443445e-22 1.655889081866158240e-21
3.631227091099999961e+04 4.487679255866942578e-22 -4.116953749418117246e-22 1.309231226115200146e-21
3.635259861100000126e+04 3.476512289747913748e-22 -3.189318912121537387e-22 1.014234349161736441e-21
3.639292631100000290e+04 2.638776307104926508e-22 -2.420787986491852332e-22 7.698340600701704878e-22
3.643325401099999726e+04 1.962448327810179421e-22 -1.800331208317932947e-22 5.725227863938291319e-22
3.647358171099999890e+04 1.429982531175925834e-22 -1.311852211404237033e-22 4.171817273756088701e-22
3.651390941100000782e+04 1.020939674474846883e-22 -9.366002315209165494e-23 2.978479580470610198e-22
3.655423711099999491e+04 7.141776871123114801e-23 -6.551797367125490716e-23 2.083535110937171914e-22
3.659456481100000383e+04 4.894961960418303467e-23 -4.490590992101758901e-23 1.428051491293836525e-22
3.663489251099999819e+04 3.287223342309226174e-23 -3.015667057172209782e-23 9.590113741790661542e-23
3.667522021099999984e+04 2.162947361845019263e-23 -1.984267093018342338e-23 6.310161816708380570e-23
3.671554791100000148e+04 1.394439049180256507e-23 -1.279244963296251176e-23 4.068123061656764190e-23
3.675587561100000312e+04 8.808256823809331615e-24 -8.080610037359750838e-24 2.569712368497841407e-23
3.679620331099999748e+04 5.451515473994699202e-24 -5.001167829137010538e-24 1.590419877712641041e-23
3.683653101099999913e+04 3.305836547507740144e-24 -3.032742632512727415e-24 9.644415727528206968e-24
3.687685871100000804e+04 1.964184825379517374e-24 -1.801924255013421031e-24 5.730293905772456147e-24
3.691718641099999513e+04 1.143457885063752730e-24 -1.048997258842370526e-24 3.335913028969875803e-24
3.695751411100000405e+04 6.522210978035484782e-25 -5.983413579914834366e-25 1.902783553598580209e-24
3.699784181100000569e+04 3.645074086693313462e-25 -3.343955886058495180e-25 1.063410405944512211e-24
3.703816951100000006e+04 1.995973283665047943e-25 -1.831086680705053745e-25 5.823033248035149860e-25
3.707849721100000170e+04 1.070877848890877692e-25 -9.824130321852672195e-26 3.124168729967022373e-25
3.711882491099999606e+04 5.629398511619387028e-26 -5.164356015867901581e-26 1.642315303910667564e-25
3.715915261100000498e+04 2.899485224338063595e-26 -2.659959839461240902e-26 8.458930288137368092e-26
3.719948031099999935e+04 1.463243667327338729e-26 -1.342365657795440030e-26 4.268852992450117488e-26
3.723980801100000099e+04 7.235178561940953433e-27 -6.637483179617648480e-27 2.110784030349955535e-26
3.728013571099999535e+04 3.505247609086680463e-27 -3.215680421226056894e-27 1.022617563939941782e-26
3.732046341100000427e+04 1.663891476308368190e-27 -1.526438026671625337e-27 4.854220979288361717e-27
3.736079111099999864e+04 7.738702288963305588e-28 -7.099411000753959120e-28 2.257681557868056940e-27
3.740111881100000028e+04 3.526534438580902135e-28 -3.235208753734438474e-28 1.028827763089624274e-27
3.744144651100000192e+04 1.574580854385773515e-28 -1.444505321666858365e-28 4.593667030438405620e-28
3.748177421099999628e+04 6.888404645047654613e-29 -6.319356125695664675e-29 2.009616541579097278e-28
3.752210191100000520e+04 2.952631051229766315e-29 -2.708715309563408047e-29 8.613977412022941236e-29
3.756242961099999957e+04 1.240042476443087190e-29 -1.137603033420409762e-29 3.617687986306584141e-29
3.760275731100000121e+04 5.102708838602091273e-30 -4.681175978830552253e-30 1.488659365603473550e-29
3.764308501099999557e+04 2.057320065171353993e-30 -1.887365627642719345e-30 6.002005757985427332e-30
3.768341271100000449e+04 8.127178207777501692e-31 -7.455795069887958732e-31 2.371015148544296212e-30
3.772374041099999886e+04 3.145680072134802107e-31 -2.885816623391225978e-31 9.177176767660831068e-31
3.776406811100000050e+04 1.192960782055839487e-31 -1.094410740115181282e-31 3.480332304226860256e-31
3.780439581100000214e+04 4.432764199153868338e-32 -4.066575214309890776e-32 1.293210361261762855e-31
3.784472351099999651e+04 1.613838009456717354e-32 -1.480519457908604581e-32 4.708195476822039288e-32
3.788505121100000542e+04 5.756812668496481396e-33 -5.281244537122297298e-33 1.679486987411526009e-32
3.792537891099999979e+04 2.012060810304810289e-33 -1.845845222814136286e-33 5.869966843423756522e-33
3.796570661100000143e+04 6.890281327870387155e-34 -6.321077776455648724e-34 2.010164043219642218e-33
3.800603431100000307e+04 2.311903241093878327e-34 -2.120917783064030527e-34 6.744724265251786754e-34
3.804636201100000471e+04 7.600448149541248275e-35 -6.972577983839478055e-35 2.217347428292197674e-34
3.808668971099999908e+04 2.448192677646180036e-35 -2.245948400474612051e-35 7.142333755766971589e-35
3.812701741100000072e+04 7.726607228505116412e-36 -7.088315108695293698e-36 2.254152956570552786e-35
3.816734511100000236e+04 2.389290326247842407e-36 -2.191911950192265434e-36 6.970492602687950582e-36
3.820767281099999673e+04 7.239121415375712625e-37 -6.641100315411824944e-37 2.111934314616324936e-36
3.824800051100000564e+04 2.149015975698554196e-37 -1.971486573456768782e-37 6.269518524853877175e-37
3.828832821099999273e+04 6.250723302538940593e-38 -5.734353399277559060e-38 1.823580000435544129e-37
3.832865591100000165e+04 1.781384842120747648e-38 -1.634225309683345971e-38 5.196994993924841268e-38
3.836898361100000329e+04 4.974186652393996004e-39 -4.563270962131775285e-39 1.451164426691976729e-38
3.840931131099999766e+04 1.360890712876368726e-39 -1.248468042451674725e-39 3.970249468204412015e-39
3.844963901099999930e+04 3.648054099681702810e-40 -3.346689721293687604e-40 1.064279792065709363e-39
3.848996671100000094e+04 9.581558098714459372e-41 -8.790029184530071154e-41 2.795314538195898786e-40
3.853029441100000258e+04 2.465743243644458619e-41 -2.262049120810552343e-41 7.193535608099470090e-41
3.857062211099999695e+04 6.217222550408225881e-42 -5.703620131692171118e-42 1.813806523250862415e-41
3.861094981100000587e+04 1.535966779272942466e-42 -1.409081140789537551e-42 4.481014699335422801e-42
3.865127751099999296e+04 3.717954572034672222e-43 -3.410815741891282755e-43 1.084672488596062720e-42
3.869160521100000187e+04 8.817859663160571794e-44 -8.089419589771082793e-44 2.572513891609222638e-43
3.873193291100000351e+04 2.049081034707061511e-44 -1.879807220389164058e-44 5.977969289803287579e-44
3.877226061099999788e+04 4.665432732497872389e-45 -4.280023087541476889e-45 1.361088855253722042e-44
3.881258831099999952e+04 1.040786325715900291e-45 -9.548073584326471576e-46 3.036380009864447583e-45
3.885291601100000116e+04 2.274930171264580633e-46 -2.086999044640389566e-46 6.636859387169550831e-46
3.889324371100000280e+04 4.872046344658570810e-47 -4.469568426838375274e-47 1.421366111615551689e-46
3.893357141099999717e+04 1.022331160796032760e-47 -9.378767677521299720e-48 2.982539089344195614e-47
3.897389911100000609e+04 2.101883462527468912e-48 -1.928247659488310187e-48 6.132014584543247707e-48
3.901422681100000045e+04 4.234113692922565148e-49 -3.884335151753727765e-49 1.235256253759885806e-48
3.905455451100000209e+04 8.357054700668308700e-50 -7.666681552079118194e-50 2.438079095341573559e-49
3.909488221100000374e+04 1.616146855663251404e-50 -1.482637571197552065e-50 4.714931282524055110e-50
3.913520991099999810e+04 3.062282451914544895e-51 -2.809308449240040715e-51 8.933873353069130504e-51
3.917553761100000702e+04 5.685210076052500268e-52 -5.215557007934829145e-52 1.658597716003983117e-51
3.921586531100000138e+04 1.034152618122525326e-52 -9.487216589308963474e-53 3.017026895175947185e-52
3.925619301100000303e+04 1.843145421535493906e-53 -1.690883870839710927e-53 5.377174713910699203e-53
3.929652071099999739e+04 3.218632669421690967e-54 -2.952742634028845632e-54 9.390007972872228146e-54
3.933684841099999903e+04 5.507063392426454310e-55 -5.052126954903123787e-55 1.606625373975603386e-54
3.937717611100000067e+04 9.232208067071978513e-56 -8.469538827730298958e-56 2.693395496187425598e-55
3.941750381100000232e+04 1.516449453391390478e-56 -1.391176133865251564e-56 4.424075040648032746e-56
3.945783151099999668e+04 2.440546807446450617e-57 -2.238934152739126232e-57 7.120027767632027465e-57
3.949815921099999832e+04 3.848426453826422639e-58 -3.530509390554106875e-58 1.122736229820695286e-57
3.953848691100000724e+04 5.945879294282641421e-59 -5.454692439995635147e-59 1.734645102856091799e-58
3.957881461099999433e+04 9.000897849071325340e-60 -8.257337059921791864e-60 2.625913275806444144e-59
3.961914231100000325e+04 1.335034302701043303e-60 -1.224747620605178462e-60 3.894816226007264791e-60
3.965947001099999761e+04 1.940152482512207154e-61 -1.779877214960322471e-61 5.660182179984736433e-61
3.969979771099999925e+04 2.762588185656608046e-62 -2.534371813705064285e-62 8.059548185018279512e-62
3.974012541100000090e+04 3.854191452248133058e-63 -3.535798144622490890e-63 1.124418104911875701e-62
3.978045311100000254e+04 5.268503403136200041e-64 -4.833274316687207547e-64 1.537028112295960898e-63
3.982078081099999690e+04 7.056317167425585227e-65 -6.473397457694570920e-65 2.058603179254574137e-64
3.986110851099999854e+04 9.259888746691034258e-66 -8.494932816807296837e-66 2.701471031018936535e-65
3.990143621100000746e+04 1.190612099720134342e-66 -1.092256081544674717e-66 3.473480280984943402e-66
3.994176391099999455e+04 1.499932315854869494e-67 -1.376023470854157344e-67 4.375888102563896331e-67
3.998209161100000347e+04 1.851441011450502158e-68 -1.698494165188984398e-68 5.401376188089988714e-68
4.002241931100000511e+04 2.239159056998825771e-69 -2.054182968682800212e-69 6.532501082680451240e-69
4.006274701099999947e+04 2.653364147587436545e-70 -2.434170732378951200e-70 7.740899027553823647e-70
4.010307471100000112e+04 3.080673097949355649e-71 -2.826179850916355030e-71 8.987526046815067133e-71
4.014340241100000276e+04 3.504541626883273969e-72 -3.215032759947181054e-72 1.022411601371372849e-71
4.018373011100000440e+04 3.906192816235379936e-73 -3.583503695470696956e-73 1.139588932794145683e-72
4.022405781099999876e+04 4.265922668268429748e-74 -3.913516399598782155e-74 1.244536173613564165e-73
4.026438551100000768e+04 4.564667279277371146e-75 -4.187581830548044353e-75 1.331691638910278566e-74
4.030471321099999477e+04 4.785663112381370272e-76 -4.390321280920347927e-76 1.396164750568308724e-75
4.034504091100000369e+04 4.916001043956830313e-77 -4.509892044943993750e-77 1.434189413285765514e-76
4.038536861099999805e+04 4.947874290467816953e-78 -4.539132254537249270e-78 1.443488083547288413e-77
4.042569631099999970e+04 4.879352510690438735e-79 -4.476271033239662522e-79 1.423497605462053999e-78
4.046602401100000134e+04 4.714575340135201914e-80 -4.325106042827699765e-80 1.375425672309810359e-79
4.050635171099999570e+04 4.463338374644183498e-81 -4.094623668651414722e-81 1.302130041793978265e-80
4.054667941100000462e+04 4.140129185104164638e-82 -3.798114668810783726e-82 1.207837303901911300e-81
4.058700711099999899e+04 3.762745281965369406e-83 -3.451906308105132349e-83 1.097739687203587043e-82
4.062733481100000063e+04 3.350677229925452193e-84 -3.073879043006195414e-84 9.775233502857099799e-84
4.066766251099999499e+04 2.923460404725304090e-85 -2.681954439205533185e-85 8.528875248656140794e-85
4.070799021100000391e+04 2.499186609268777691e-86 -2.292729742567258943e-86 7.291102961104813967e-86
4.074831791099999828e+04 2.093326646099953969e-87 -1.920397718450581008e-87 6.107051010650488946e-87
4.078864561099999992e+04 1.717956509497248090e-88 -1.576036767784156562e-88 5.011949786778653022e-88
4.082897331100000156e+04 1.381415028406164673e-89 -1.267296851987723869e-89 4.030126908800053215e-89
4.086930101099999592e+04 1.088361159647968491e-90 -9.984520532102222640e-91 3.175174372506159246e-90
4.090962871100000484e+04 8.401536922827452640e-92 -7.707489114580220807e-92 2.451056296023512745e-91
4.094995641099999921e+04 6.354498672397941551e-93 -5.829555924826904382e-93 1.853855326962278748e-92
4.099028411100000085e+04 4.709130150034529421e-94 -4.320110677835101654e-94 1.373837097790416050e-93
4.103061181100000249e+04 3.419297912375830635e-95 -3.136830996664155468e-95 9.975426821415816738e-95
4.107093951100000413e+04 2.432596267234139066e-96 -2.231640403666268659e-96 7.096832938134546790e-96
4.111126721099999850e+04 1.695664695949900080e-97 -1.555586472577650396e-97 4.946915864477450555e-97
4.115159491100000014e+04 1.158101882759104028e-98 -1.062431521390815388e-98 3.378635286909023444e-98
4.119192261100000906e+04 7.749798388500644903e-100 -7.109590455677917643e-100 2.260918723267920847e-99
4.123225031099999615e+04 5.081253809767101180e-101 -4.661493341865711552e-101 1.482400096139991328e-100
4.127257801100000506e+04 3.264286132035276090e-102 -2.994624681250575438e-102 9.523196945321128015e-102
4.131290571099999943e+04 2.054671508255814443e-103 -1.884935867018755620e-103 5.994278883530384257e-103
4.135323341100000107e+04 1.267165746453220827e-104 -1.162485660286822951e-104 3.696817153193264295e-104
4.139356111100000271e+04 7.657046738970411084e-106 -7.024500985063109964e-106 2.233859446300393407e-105
4.143388881099999708e+04 4.533420651790726865e-107 -4.158916475216938488e-107 1.322575777879839222e-106
4.147421651099999872e+04 2.629829463111952725e-108 -2.412580239344620963e-108 7.672239165568526792e-108
4.151454421100000036e+04 1.494741188431479273e-109 -1.371261180516619791e-109 4.360743557379578810e-109
4.155487191100000200e+04 8.324176200407260477e-111 -7.636519132370205510e-111 2.428487153318472794e-110
4.159519961099999637e+04 4.542065307328610711e-112 -4.166846999009110216e-112 1.325097761366633071e-111
4.163552731100000528e+04 2.428299953523801340e-113 -2.227699006817134438e-113 7.084298913864736541e-113
4.167585501099999237e+04 1.272003001308882606e-114 -1.166923311336487066e-114 3.710929313954252279e-114
4.171618271100000129e+04 6.528460605985930666e-116 -5.989146928448918699e-116 1.904606814042078003e-115
4.175651041100000293e+04 3.282995496259977306e-117 -3.011788471926828179e-117 9.577779464446782087e-117
4.179683811099999730e+04 1.617583220927016505e-118 -1.483955278866602757e-118 4.719121720720636208e-118
4.183716581099999894e+04 7.809079192935444620e-120 -7.163974095133632277e-120 2.278213248100452152e-119
4.187749351100000058e+04 3.693770156457329989e-121 -3.388629191797286500e-121 1.077616950471194562e-120
4.191782121100000222e+04 1.711893553339243129e-122 -1.570474670156161659e-122 4.994261776834647648e-122
4.195814891099999659e+04 7.773569613972482899e-124 -7.131397949145741074e-124 2.267853717709070855e-123
4.199847661100000551e+04 3.458605876695279193e-125 -3.172891744821425463e-125 1.009010349821198437e-124
4.203880431099999987e+04 1.507712395450857500e-126 -1.383160840998181315e-126 4.398585631899895986e-126
4.207913201100000151e+04 6.439805978274608997e-128 -5.907816026220087467e-128 1.878742798276930341e-127
4.211945971100000315e+04 2.695031885570906043e-129 -2.472396314184604962e-129 7.862460085326417367e-129
4.215978741099999752e+04 1.105075320519363990e-130 -1.013785463532535050e-130 3.223936104571263030e-130
4.220011511100000644e+04 4.439731430914766321e-132 -4.072966885673010972e-132 1.295242974750254299e-131
4.224044281100000080e+04 1.747665714137119860e-133 -1.603291706192233420e-133 5.098623134466473335e-133
4.228077051100000244e+04 6.740573992778490739e-135 -6.183737708061843206e-135 1.966488569361882591e-134
4.232109821099999681e+04 2.547253935096003071e-136 -2.336826244669631222e-136 7.431334114861636600e-136
4.236142591100000573e+04 9.431579950374842821e-138 -8.652440674669169667e-138 2.751560057541885292e-137
4.240175361100000009e+04 3.421633636336075684e-139 -3.138973767345691400e-139 9.982241040017843513e-139
4.244208131100000173e+04 1.216240356921057684e-140 -1.115767198048275230e-140 3.548247911890390365e-140
4.248240901100000337e+04 4.235865489762465164e-142 -3.885942233314994486e-142 1.235767321283992481e-141
4.252273671099999774e+04 1.445445623690303916e-143 -1.326037903855484459e-143 4.216929151236092745e-143
4.256306441100000666e+04 4.832793113061801838e-145 -4.433557889954027288e-145 1.409914411607763239e-144
4.260339211099999375e+04 1.583184380095222818e-146 -1.452398113350296749e-146 4.618766873540742164e-146
4.264371981100000266e+04 5.081613571670215252e-148 -4.661823383973155160e-148 1.482505052731358497e-147
4.268404751099999703e+04 1.598117191906064471e-149 -1.466097331188563900e-149 4.662331715000692842e-149
4.272437521099999867e+04 4.924390196002884945e-151 -4.517588172291720248e-151 1.436636856429749082e-150
4.276470291100000031e+04 1.486733542726568206e-152 -1.363915043414458594e-152 4.337382128867595005e-152
4.280503061100000195e+04 4.397953861732614600e-154 -4.034640545782701187e-154 1.283054826924793039e-153
4.284535831099999632e+04 1.274691369498469879e-155 -1.169389594440123093e-155 3.718772333437063058e-155
4.288568601099999796e+04 3.619897464560984950e-157 -3.320859095255973264e-157 1.056065402437794381e-156
4.292601371100000688e+04 1.007219998437719559e-158 -9.240139180049630286e-159 2.938453914880402146e-158
4.296634141099999397e+04 2.745928713977046084e-160 -2.519050782261452049e-160 8.010908210215544848e-160
4.300666911100000289e+04 7.334846408371862618e-162 -6.458413137279338731e-162 2.112810595402306298e-161
4.304699681100000453e+04 1.919683522315810802e-163 1.919683522315810802e-163 1.919683522315810802e-163
4.308732451099999889e+04 4.922719582993074509e-165 4.922719582993074509e-165 4.922719582993074509e-165
4.312765221100000053e+04 1.236851058238116978e-166 1.236851058238116978e-166 1.236851058238116978e-166
4.316797991100000218e+04 3.044854607990294989e-168 3.044854607990294989e-168 3.044854607990294989e-168
4.320830761100000382e+04 7.344336416910677088e-170 7.344336416910677088e-170 7.344336416910677088e-170
4.324863531099999818e+04 1.735702989929179841e-171 1.735702989929179841e-171 1.735702989929179841e-171
4.328896301100000710e+04 4.019158268479160027e-173 4.019158268479160027e-173 4.019158268479160027e-173
4.332929071099999419e+04 9.118673221443113766e-175 9.118673221443113766e-175 9.118673221443113766e-175
4.336961841100000311e+04 2.027052719528728299e-176 2.027052719528728299e-176 2.027052719528728299e-176
4.340994611100000475e+04 4.415046507121871582e-178 4.415046507121871582e-178 4.415046507121871582e-178
4.345027381099999911e+04 9.421984137674857809e-180 9.421984137674857809e-180 9.421984137674857809e-180
4.349060151100000076e+04 1.970091068450491830e-181 1.970091068450491830e-181 1.970091068450491830e-181
4.353092921100000240e+04 4.036147999381222856e-183 4.036147999381222856e-183 4.036147999381222856e-183
4.357125691100000404e+04 8.101859560372104779e-185 8.101859560372104779e-185 8.101859560372104779e-185
4.361158461099999840e+04 1.593452735260290961e-186 1.593452735260290961e-186 1.593452735260290961e-186
4.365191231100000005e+04 3.070651352378417579e-188 3.070651352378417579e-188 3.070651352378417579e-188
4.369224001099999441e+04 5.797739239354131774e-190 5.797739239354131774e-190 5.797739239354131774e-190
4.373256771100000333e+04 1.072565184692450941e-191 1.072565184692450941e-191 1.072565184692450941e-191
4.377289541099999769e+04 1.944131156239762296e-193 1.944131156239762296e-193 1.944131156239762296e-193
4.381322311099999934e+04 3.452743147836532509e-195 3.452743147836532509e-195 3.452743147836532509e-195
4.385355081100000098e+04 6.008137056972455741e-197 6.008137056972455741e-197 6.008137056972455741e-197
