6.860526242979276503e+02 5.814857797400431942e-200 5.814857797400431942e-200 5.814857797400431942e-200
6.841596998041001143e+02 3.409871872922919820e-198 3.409871872922919820e-198 3.409871872922919820e-198
6.822771923066339923e+02 1.959177885039850799e-196 1.959177885039850799e-196 1.959177885039850799e-196
6.804050160524654984e+02 1.102926385457427213e-194 1.102926385457427213e-194 1.102926385457427213e-194
6.785430862271844035e+02 6.083535273117822973e-193 6.083535273117822973e-193 6.083535273117822973e-193
6.766913189422263031e+02 3.287777217848459143e-191 3.287777217848459143e-191 3.287777217848459143e-191
6.748496312222736151e+02 1.740947121580007957e-189 1.740947121580007957e-189 1.740947121580007957e-189
6.730179409928615542e+02 9.032451248898488559e-188 9.032451248898488559e-188 9.032451248898488559e-188
6.711961670681861278e+02 4.591583847241158533e-186 4.591583847241158533e-186 4.591583847241158533e-186
6.693842291391085837e+02 2.286947842328362325e-184 2.286947842328362325e-184 2.286947842328362325e-184
6.675820477613547155e+02 1.116058212883222531e-182 1.116058212883222531e-182 1.116058212883222531e-182
6.657895443439035716e+02 5.336472586949930307e-181 5.336472586949930307e-181 5.336472586949930307e-181
6.640066411375624966e+02 2.500106822556616505e-179 2.500106822556616505e-179 2.500106822556616505e-179
6.622332612237266858e+02 1.147624192943352826e-177 1.147624192943352826e-177 1.147624192943352826e-177
6.604693285033160919e+02 5.161520683735132395e-176 5.161520683735132395e-176 5.161520683735132395e-176
6.587147676858911609e+02 2.274534331390420563e-174 2.274534331390420563e-174 2.274534331390420563e-174
6.569695042789390982e+02 9.820738973386903646e-173 9.820738973386903646e-173 9.820738973386903646e-173
6.552334645773325974e+02 4.154633197399820802e-171 4.154633197399820802e-171 4.154633197399820802e-171
6.535065756529530745e+02 1.722098756996768402e-169 1.722098756996768402e-169 1.722098756996768402e-169
6.517887653444786338e+02 6.993913663457140585e-168 6.993913663457140585e-168 6.993913663457140585e-168
6.500799622473323325e+02 2.783039226796000549e-166 2.783039226796000549e-166 2.783039226796000549e-166
6.483800957037889248e+02 1.085063703016289664e-164 1.085063703016289664e-164 1.085063703016289664e-164
6.466890957932346282e+02 4.145032990195425820e-163 4.145032990195425820e-163 4.145032990195425820e-163
6.450068933225815044e+02 1.551449323076780945e-161 -1.470502434793867107e-161 4.573401080947428800e-161
6.433334198168279272e+02 5.689630255258835444e-160 -5.379063053672698601e-160 1.675832356419037075e-159
6.416686075097688899e+02 2.044406917621025560e-158 -1.932828922273328111e-158 6.021642757515379231e-158
6.400123893348476258e+02 7.197596338436762644e-157 -6.804771736596142737e-157 2.119996441346966932e-156
6.383646989161495640e+02 2.482815674923653086e-155 -2.347310565555082516e-155 7.312941915402389102e-155
6.367254705595356654e+02 8.391475248874140904e-154 -7.933492087720921140e-154 2.471644258546920295e-153
6.350946392439104784e+02 2.778874954666329161e-152 -2.627211760955760088e-152 8.184961670288417562e-152
6.334721406126254806e+02 9.016469928234930275e-151 -8.524376312070044468e-151 2.655731616853990773e-150
6.318579109650128203e+02 2.866427223590521166e-149 -2.709985672833176997e-149 8.442840120014218461e-149
6.302518872480492291e+02 8.928574946172738976e-148 -8.441278391375627370e-148 2.629842828372110810e-147
6.286540070481453313e+02 2.724960581780625083e-146 -2.576239883184846776e-146 8.026161046746097832e-146
6.270642085830614860e+02 8.148452674093668126e-145 -7.703733002819043413e-145 2.400063835100637967e-144
6.254824306939433427e+02 2.387409501941927484e-143 -2.257111393654788902e-143 7.031930397538643415e-143
6.239086128374807458e+02 6.853549216311524889e-142 -6.479501740496459749e-142 2.018660017311950807e-141
6.223426950781818050e+02 1.927706896022586331e-140 -1.822498065413703344e-140 5.677911857458876472e-140
6.207846180807650853e+02 5.312553460564227815e-139 -5.022609206960975040e-139 1.564771612808943216e-138
6.192343231026646890e+02 1.434506343781136968e-137 -1.356215014719827440e-137 4.225227702282101376e-137
6.176917519866476596e+02 3.795233319840358122e-136 -3.588100139846972357e-136 1.117856677952768936e-135
6.161568471535422304e+02 9.838102308457807767e-135 -9.301166303602087484e-135 2.897737092051770180e-134
6.146295515950722574e+02 2.498739811027995387e-133 -2.362365607015699727e-133 7.359845229071689718e-133
6.131098088668002219e+02 6.218241504669256070e-132 -5.878867340215283304e-132 1.831535034955379544e-131
6.115975630811730070e+02 1.516180760879330723e-130 -1.433431871422688469e-130 4.465793393181349914e-130
6.100927589006716971e+02 3.622189981854284230e-129 -3.424501021452545331e-129 1.066888098516111315e-128
6.085953415310605124e+02 8.478681394465618747e-128 -8.015938766705358131e-128 2.497330155563659460e-127
6.071052567147369246e+02 1.944564057551975981e-126 -1.838435210390997249e-126 5.727563325494949211e-126
6.056224507241773836e+02 4.369714267590826352e-125 -4.131227530246716694e-125 1.287065606542836887e-124
6.041468703554808144e+02 9.621010143422963767e-124 -9.095922419478019281e-124 2.833794270632394514e-123
6.026784629220037459e+02 2.075511541074682121e-122 -1.962235947880366667e-122 6.113259030029730640e-122
6.012171762480905954e+02 4.386988339827320335e-121 -4.147558832115129787e-121 1.292153551176977132e-120
5.997629586628934248e+02 9.085412598685916234e-120 -8.589556285115144712e-120 2.676038148248697718e-119
5.983157589942812820e+02 1.843570189178827887e-118 -1.742953303827083976e-118 5.430093682184739969e-118
5.968755265628384450e+02 3.665317043071811966e-117 -3.465274328742112632e-117 1.079590841488573657e-116
5.954422111759479321e+02 7.140033722062329552e-116 -6.750350726189811459e-116 2.103041817031447056e-115
5.940157631219605037e+02 1.362780237311575490e-114 -1.288403517780072512e-114 4.013963992403223312e-114
5.925961331644480197e+02 2.548521127015946378e-113 -2.409429998531315665e-113 7.506472252563208710e-113
5.911832725365376291e+02 4.669684044912586165e-112 -4.414825799246805401e-112 1.375419388907197773e-111
5.897771329353281544e+02 8.383465910304679692e-111 -7.925919876365437372e-111 2.469285169697479823e-110
5.883776665163846928e+02 1.474675808652834316e-109 -1.394192142969196775e-109 4.343543760274865643e-109
5.869848258883127983e+02 2.541595052611869122e-108 -2.402881929824230740e-108 7.486072035047968983e-108
5.855985641074084924e+02 4.291933697220447466e-107 -4.057692005048736476e-107 1.264155939948963080e-106
5.842188346723841050e+02 7.101277749991686887e-106 -6.713709946272603111e-106 2.091626544625597882e-105
5.828455915191688064e+02 1.151216066003968124e-104 -1.088385925004655461e-104 3.390818057012591554e-104
5.814787890157821266e+02 1.828580278794668572e-103 -1.728781500669539200e-103 5.385942058258876592e-103
5.801183819572795528e+02 2.845824203303078897e-102 -2.690507107552825760e-102 8.382155514158983952e-102
5.787643255607683841e+02 4.339492609126413107e-101 -4.102655285058082497e-101 1.278164050331090934e-100
5.774165754604941867e+02 6.483457744511926950e-100 -6.129608822246019342e-100 1.909652431126987527e-99
5.760750877029945514e+02 9.490984490225276039e-99 -8.972993201402362947e-99 2.795496218185291665e-98
5.747398187423219724e+02 1.361296381110021688e-97 -1.287000646284263332e-97 4.009593408504306709e-97
5.734107254353305052e+02 1.913070450449583357e-96 -1.808660435950220046e-96 5.634801336849386759e-96
5.720877650370301808e+02 2.634183860314634536e-95 -2.490417500333097005e-95 7.758785220962365411e-95
5.707708951960038348e+02 3.553841485135257331e-94 -3.359882793805239616e-94 1.046756576407575428e-93
5.694600739498885105e+02 4.697717192431842541e-93 -4.441328976273676124e-93 1.383676336113736121e-92
5.681552597209174564e+02 6.084326776708441632e-92 -5.752261302159219129e-92 1.792091485557610103e-91
5.668564113115240843e+02 7.721026467614370743e-91 -7.299634518748056806e-91 2.274168745397679829e-90
5.655634879000068622e+02 9.600069975822259743e-90 -9.076125107438191802e-90 2.827626505908271129e-89
5.642764490362513925e+02 1.169527945028067235e-88 -1.105698393079762745e-88 3.444754283135897494e-88
5.629952546375133124e+02 1.395994333658461081e-87 -1.319804881992412167e-87 4.111793549309334552e-87
5.617198649842557643e+02 1.632651737568123844e-86 -1.543546189180288201e-86 4.808849664316536246e-86
5.604502407160454140e+02 1.870855743494028165e-85 -1.768749689188246282e-85 5.510461176176302041e-85
5.591863428275037222e+02 2.100505850637897364e-84 -1.985866138195767781e-84 6.186877839471562510e-84
5.579281326643115335e+02 2.310704110104317025e-83 -2.184592366763663866e-83 6.806000586972297184e-83
5.566755719192690322e+02 2.490586475497739001e-82 -2.354657257649301704e-82 7.335830208644779999e-82
5.554286226284076520e+02 2.630242321033537700e-81 -2.486691079200676007e-81 7.747175721267751875e-81
5.541872471671546236e+02 2.721615342912542065e-80 -2.573077218062852169e-80 8.016307903887936299e-80
5.529514082465490219e+02 2.759272388787164861e-79 -2.608679048090651450e-79 8.127223825664981771e-79
5.517210689095076077e+02 2.740938258997472981e-78 -2.591345543634342332e-78 8.073222061629287815e-78
5.504961925271406926e+02 2.667723276343275292e-77 -2.522126429192260367e-77 7.857572981878810183e-77
5.492767427951176842e+02 2.544011970838388505e-76 -2.405166939439108364e-76 7.493190881115885068e-76
5.480626837300796979e+02 2.377028398578354354e-75 -2.247296861769229975e-75 7.001353658925938683e-75
5.468539796661005994e+02 2.176138023356860394e-74 -2.057370519254821343e-74 6.409646565968542131e-74
5.456505952511938631e+02 1.951979946951332168e-73 -1.845446361366088877e-73 5.749406255268752899e-73
5.444524954438661553e+02 1.715541046066932252e-72 -1.621911631921748582e-72 5.052993724055613338e-72
5.432596455097166199e+02 1.477283075810469931e-71 -1.396657112804897923e-71 4.351223264425837584e-71
5.420720110180792517e+02 1.246416469057315111e-70 -1.178390557321596472e-70 3.671223495436226855e-70
5.408895578387104024e+02 1.030384892328628962e-69 -9.741493775713848802e-70 3.034919162228642676e-69
5.397122521385193750e+02 8.345889556752426807e-69 -7.890394334699497838e-69 2.458217344820435248e-68
5.385400603783418774e+02 6.623425130357604346e-68 -6.261937181111674659e-68 1.950878744182688500e-67
5.373729493097544037e+02 5.150263830619969453e-67 -4.869176889412928461e-67 1.516970455065286737e-66
5.362108859719309066e+02 3.923856983835939030e-66 -3.709703885355168416e-66 1.155741785302704700e-65
5.350538376885398293e+02 2.929096703430193665e-65 -2.769234828399281068e-65 8.627428235259668397e-65
5.339017720646813814e+02 2.142353323120747028e-64 -2.025429693111637925e-64 6.310136339353132655e-64
5.327546569838643791e+02 1.535272010125724890e-63 -1.451481173881304167e-63 4.522025194132753947e-63
5.316124606050210559e+02 1.077994175570598986e-62 -1.019160279790607801e-62 3.175148630931805773e-62
5.304751513595617780e+02 7.416249699325833365e-62 -7.011491610853219745e-62 2.184399100950488561e-61
5.293426979484661388e+02 4.999068876339725019e-61 -4.726233731277872983e-61 1.472437148395732233e-60
5.282150693394115706e+02 3.301647807350947298e-60 -3.121453138954780036e-60 9.724748753656674631e-60
5.270922347639393593e+02 2.136531084348892143e-59 -2.019925215786802312e-59 6.292987384484586598e-59
5.259741637146554467e+02 1.354641993123207805e-58 -1.280709436112481405e-58 3.989993422358897015e-58
5.248608259424676135e+02 8.415437526634100801e-58 -7.956146571631585587e-58 2.478702162489978860e-57
5.237521914538580177e+02 5.122308293020559641e-57 -4.842747086574384774e-57 1.508736367261550406e-56
5.226482305081887034e+02 3.054861843900196792e-56 -2.888136060570988814e-56 8.997859748371382398e-56
5.215489136150431477e+02 1.785066015658898854e-55 -1.687642123855326449e-55 5.257774155173123795e-55
5.204542115315995261e+02 1.022006921537010125e-54 -9.662286529055402374e-55 3.010242495979560488e-54
5.193640952600380842e+02 5.733109537417386161e-54 -5.420212513793663008e-54 1.688643158862843649e-53
5.182785360449804557e+02 3.151109458509381239e-53 -2.979130750576992577e-53 9.281349667595755982e-53
5.171975053709613803e+02 1.696967740368317737e-52 -1.604352005106116434e-52 4.998287485842751537e-52
5.161209749599318002e+02 8.954070939011551591e-52 -8.465382884501842567e-52 2.637352476252494575e-51
5.150489167687928784e+02 4.629182711195142620e-51 -4.376534914621648412e-51 1.363490033701193425e-50
5.139813029869618504e+02 2.344903427749975654e-50 -2.216925181662162182e-50 6.906732037162113015e-50
5.129181060339656142e+02 1.163810973459181794e-49 -1.100293437769467333e-49 3.427915384687831112e-49
5.118592985570670066e+02 5.659483282753409460e-49 -5.350604573413552073e-49 1.666957113892037251e-48
5.108048534289186478e+02 2.696546801546711167e-48 -2.549376847308244649e-48 7.942470450401667591e-48
5.097547437452459462e+02 1.258855815646597389e-47 -1.190150999295805844e-47 3.707862630589000623e-47
5.087089428225591519e+02 5.758122051670780031e-47 -5.443859915238408241e-47 1.696010401857996928e-46
5.076674241958929770e+02 2.580611266464299138e-46 -2.439768748257342891e-46 7.600991281185940778e-46
5.066301616165743553e+02 1.133185892454902184e-45 -1.071339787710638963e-45 3.337711572620443331e-45
5.055971290500173154e+02 4.875470989761702614e-45 -4.609381470365043534e-45 1.436032344988844876e-44
5.045683006735445701e+02 2.055269802896703034e-44 -1.943098946946247710e-44 6.053638552739653529e-44
5.035436508742358797e+02 8.489027754496032557e-44 -8.025720451451361898e-44 2.500377596044342602e-43
5.025231542468029602e+02 3.435452220796021034e-43 -3.247954883151846562e-43 1.011885932474388863e-42
5.015067855914891766e+02 1.362218329184783457e-42 -1.287872277021350135e-42 4.012308935390917209e-42
5.004945199119956101e+02 5.292323383890932644e-42 -5.003483231079337809e-42 1.558812999886120246e-41
4.994863324134319100e+02 2.014572377625507899e-41 -1.904622672893840401e-41 5.933767428144855944e-41
4.984821985002914175e+02 7.513741047953373671e-41 -7.103662155366507803e-41 2.213114425127325413e-40
4.974820937744517551e+02 2.745784312795329787e-40 -2.595927113420537270e-40 8.087495739011196436e-40
4.964859940331978123e+02 9.831356911085282890e-40 -9.294789051081147499e-40 2.895750287325171328e-39
4.954938752672700844e+02 3.449033028646641757e-39 -3.260794488636190343e-39 1.015886054592947386e-38
4.945057136589354059e+02 1.185545130756356577e-38 -1.120841405777055322e-38 3.491931667289768214e-38
4.935214855800807641e+02 3.992782710713154530e-38 -3.774867839559155125e-38 1.176043326098546366e-37
4.925411675903303035e+02 1.317559111808006701e-37 -1.245650434354293343e-37 3.880768657970307161e-37
4.915647364351842725e+02 4.259919463536316666e-37 -4.027425018363487484e-37 1.254726394543612082e-36
4.905921690441802525e+02 1.349489518270730272e-36 -1.275838168872554730e-36 3.974817205414015106e-36
4.896234425290760441e+02 4.188654026282674480e-36 -3.960049048607130022e-36 1.233735710117247965e-35
4.886585341820546660e+02 1.273844193423009245e-35 -1.204321353491028338e-35 3.752009740337046828e-35
4.876974214739491913e+02 3.795727101935976899e-35 -3.588566972702104514e-35 1.118002117657405778e-34
4.867400820524899814e+02 1.108180482766423747e-34 -1.047699103083663402e-34 3.264060068616510895e-34
4.857864937405716432e+02 3.170026266466746648e-34 -2.997015132262435380e-34 9.337067665195928249e-34
4.848366345345403943e+02 8.884890333991551226e-34 -8.399977962688712185e-34 2.616975863067181464e-33
4.838904826025017769e+02 2.439934286897547364e-33 -2.306769523303765368e-33 7.186638097098859754e-33
4.829480162826480978e+02 6.565095311070352775e-33 -6.206790839608175409e-33 1.933698146174887959e-32
4.820092140816048527e+02 1.730775697055558256e-32 -1.636314818428628453e-32 5.097866212539745239e-32
4.810740546727974447e+02 4.470719151346202691e-32 -4.226719851004299400e-32 1.316815815369670423e-31
4.801425168948356941e+02 1.131490302114662522e-31 -1.069736737931026178e-31 3.332717342160351002e-31
4.792145797499177888e+02 2.805828555434621948e-31 -2.652694309862711178e-31 8.264351420731955511e-31
4.782902224022528799e+02 6.817235123740358974e-31 -6.445169569150934110e-31 2.007963981663165293e-30
4.773694241765011270e+02 1.622901876107984545e-30 -1.534328447787224848e-30 4.780132200003193588e-30
4.764521645562323329e+02 3.785411516144915466e-30 -3.578814382623886299e-30 1.114963741491371723e-29
4.755384231824022550e+02 8.651089061791966937e-30 -8.178936907560293798e-30 2.548111503114422767e-29
4.746281798518461414e+02 1.937159204072159129e-29 -1.831434493026009898e-29 5.705752901170328437e-29
4.737214145157900589e+02 4.250075968917137947e-29 -4.018118754046291050e-29 1.251827069188056807e-28
4.728181072783784202e+02 9.136185712567611860e-29 -8.637558344979636750e-29 2.690992977011485823e-28
4.719182383952190776e+02 1.924287648362395923e-28 -1.819265430691678031e-28 5.667840727416470101e-28
4.710217882719449563e+02 3.971109959400924283e-28 -3.754377926170012294e-28 1.169659784497185996e-27
4.701287374627912072e+02 8.029540272110636942e-28 -7.591310505904797118e-28 2.365039105012606921e-27
4.692390666691898673e+02 1.590765984395997436e-27 -1.503946442827360590e-27 4.685478411619355462e-27
4.683527567383790142e+02 3.087868223584433497e-27 -2.919341044711665159e-27 9.095077491880532153e-27
4.674697886620289182e+02 5.872838634842069636e-27 -5.552315589346325343e-27 1.729799285903046461e-26
4.665901435748828021e+02 1.094395315005927280e-26 -1.034666291077640415e-26 3.223456921089494830e-26
4.657138027534135745e+02 1.998192063182319467e-26 -1.889136350020629680e-26 5.885520476385268614e-26
4.648407476144948873e+02 3.574679266253876422e-26 -3.379583307305742514e-26 1.052894183981349536e-25
4.639709597140878259e+02 6.265760352999082599e-26 -5.923792743123724887e-26 1.845531344912188894e-25
4.631044207459424911e+02 1.076086856063223294e-25 -1.017357056399654976e-25 3.169530768526101564e-25
4.622411125403127699e+02 1.810746774902588750e-25 -1.711921299262986477e-25 5.333414849068164206e-25
4.613810170626872491e+02 2.985416723706828459e-25 -2.822481059782899640e-25 8.793314507196557018e-25
4.605241164125327487e+02 4.822686701963801421e-25 -4.559477999867285473e-25 1.420485140379488831e-24
4.596703928220528610e+02 7.633258767383744878e-25 -7.216656930267689783e-25 2.248317446503517862e-24
4.588198286549599061e+02 1.183771195537765757e-24 -1.119164286069205793e-24 3.486706677144736939e-24
4.579724064052601307e+02 1.798715174485945184e-24 -1.700546347244801718e-24 5.297976696216692087e-24
4.571281086960528910e+02 2.677897046807139305e-24 -2.531744936025413843e-24 7.887539029639693188e-24
4.562869182783430801e+02 3.906269491394760305e-24 -3.693076246523700367e-24 1.150561522931322098e-23
4.554488180298660609e+02 5.582996749970565773e-24 -5.278292398100395567e-24 1.644428589804152711e-23
4.546137909539262409e+02 7.818247178920421801e-24 -7.391549023895064840e-24 2.302804338173590844e-23
4.537818201782479264e+02 1.072724669376101585e-23 -1.014178321907208599e-23 3.159627660659411769e-23
4.529528889538387944e+02 1.442128605157715396e-23 -1.363421151544161767e-23 4.247678361859592854e-23
4.521269806538664398e+02 1.899575548089413230e-23 -1.795901729381347139e-23 5.595052825560173306e-23
4.513040787725460632e+02 2.451579687775049646e-23 -2.317778544384756596e-23 7.220937919934855887e-23
4.504841669240411193e+02 3.100075989725881304e-23 -2.930880541702268455e-23 9.131032521154030474e-23
4.496672288413760157e+02 3.840922802788222813e-23 -3.631291142374215521e-23 1.131313674795066056e-22
4.488532483753597262e+02 4.662681986757240942e-23 -4.408194263475663468e-23 1.373355823699014594e-22
4.480422094935221935e+02 5.545913835232807315e-23 -5.243206251152456403e-23 1.633503392161807103e-22
4.472340962790613617e+02 6.463202938527698543e-23 -6.110397246943829432e-23 1.903680312399922769e-22
4.464288929298021458e+02 7.380067052908215608e-23 -6.977144138556099018e-23 2.173727824437252788e-22
4.456265837571662018e+02 8.256797262177989606e-23 -7.805857678675207705e-23 2.431945220303118574e-22
4.448271531851532927e+02 9.051146915053800547e-23 -8.556500100972516291e-23 2.665879393108011503e-22
4.440305857493329427e+02 9.721650052185979389e-23 -9.189675783176824698e-23 2.863297588754878465e-22
4.432368660958475175e+02 1.023123336698116547e-22 -9.669959746354749777e-23 3.013242648031708072e-22
4.424459789804257071e+02 1.055071510638210927e-22 -9.969050038079637591e-23 3.107048025084385495e-22
4.416579092674064100e+02 1.066177970116522636e-22 -1.006830735627240494e-22 3.139186675860285767e-22
4.408726419287733620e+02 1.055908734564160379e-22 -9.960285354909078390e-23 3.107846004619228596e-22
4.400901620431997117e+02 1.025131840377800882e-22 -9.648952984704689823e-23 3.015158979226070512e-22
4.393104547951029986e+02 9.761144824221158389e-23 -9.148453438978115448e-23 2.867074308742043340e-22
4.385335054737102496e+02 9.124335425243664120e-23 -8.480427368713730671e-23 2.672909821920105891e-22
4.377592994721324544e+02 8.388404168340027218e-23 -7.670192488619643355e-23 2.444700082529969662e-22
4.369878222864493864e+02 7.611365896997230782e-23 -6.742615293140750738e-23 2.196534708713520995e-22
4.362190595148039165e+02 6.861243226252943139e-23 -5.719993907652957837e-23 1.944248036015884529e-22
4.354529968565055924e+02 6.216950192861100072e-23 -4.628613546812114714e-23 1.706251393253431486e-22
4.346896201111442224e+02 5.771050528625945882e-23 -3.532168995912857007e-23 1.507427005316474877e-22
4.339289151777120424e+02 5.634646589549547295e-23 -2.627599019333544297e-23 1.389689219843263889e-22
4.331708680537358305e+02 5.944302062205209871e-23 -2.375902226283530233e-23 1.426450635069395115e-22
4.324154648344174348e+02 6.870449422233084114e-23 -3.328033346003408487e-23 1.706893219046957671e-22
4.316626917117838502e+02 8.626206946990440958e-23 -5.666070632326434506e-23 2.291848452630731642e-22
4.309125349738455952e+02 1.147497565498104698e-22 -9.369763232718970355e-23 3.231971454268106432e-22
4.301649810037645238e+02 1.573467769505073825e-22 -1.456829855221793043e-22 4.603765394231940223e-22
4.294200162790294826e+02 2.177613998536803374e-22 -2.156985525622719410e-22 6.512213522696326629e-22
4.286776273706411757e+02 3.001305232654511902e-22 -3.079290513551063901e-22 9.081900978860087705e-22
4.279378009423053868e+02 4.088127798660729738e-22 -4.270602981501831018e-22 1.244685857882329144e-21
4.272005237496339305e+02 5.480618266232548751e-22 -5.777477457654196478e-22 1.673871399011929304e-21
4.264657826393546429e+02 7.215812278422122314e-22 -7.640570072582031175e-22 2.207219462942627392e-21
4.257335645485294435e+02 9.319823172121644082e-22 -9.888441686613142061e-22 2.852808803085643023e-21
4.250038565037793319e+02 1.180189527906446370e-21 -1.253098469142482491e-21 3.613477524955375420e-21
4.242766456205191048e+02 1.464860317370669646e-21 -1.555308118170936109e-21 4.485028752912275024e-21
4.235519191021983261e+02 1.781904256197751135e-21 -1.890934995420700651e-21 5.454743507816202922e-21
4.228296642395511640e+02 2.124193037374783224e-21 -2.252094852222092270e-21 6.500480926971658718e-21
4.221098684098531066e+02 2.481545854251013401e-21 -2.627533786600834813e-21 7.590625495102861991e-21
4.213925190761858062e+02 2.841050649144290893e-21 -3.002967574915434342e-21 8.685068873204016128e-21
4.206776037867091418e+02 3.187742157183020045e-21 -3.361809085821983976e-21 9.737293400188024065e-21
4.199651101739410137e+02 3.505607101483011078e-21 -3.686255269659458780e-21 1.069746947262548018e-20
4.192550259540435036e+02 3.778833245720097706e-21 -3.958647294279945483e-21 1.151631378572014089e-20
4.185473389261177886e+02 3.993172180834334423e-21 -4.162965618028729682e-21 1.214930997969739853e-20
4.178420369715046263e+02 4.137255604031106346e-21 -4.286286599180533068e-21 1.256079780724274501e-20
4.171391080530928548e+02 4.203699018040586721e-21 -4.320016857507052579e-21 1.272741489358822602e-20
4.164385402146347701e+02 4.189848489120908423e-21 -4.260739967168944986e-21 1.264043694541076258e-20
4.157403215800680982e+02 4.098073126308495598e-21 -4.110555663366332887e-21 1.230670191598332408e-20
4.150444403528447310e+02 3.935570666212902863e-21 -3.876857757826319185e-21 1.174799909025212566e-20
4.143508848152665678e+02 3.713724367320582047e-21 -3.571572752843672883e-21 1.099902148748483698e-20
4.136596433278280642e+02 3.447113178272224962e-21 -3.209955049150751095e-21 1.010418140569520102e-20
4.129707043285644659e+02 3.152321998310813433e-21 -2.809097633393067514e-21 9.113741630014694005e-21
4.122840563324077152e+02 2.846716852169469059e-21 -2.386367379340272897e-21 8.079801083679210262e-21
4.115996879305479297e+02 2.547338600956096323e-21 -1.958022936763279814e-21 7.052700138675472084e-21
4.109175877898016438e+02 2.270032020034079508e-21 -1.538353404077717679e-21 6.078417444145876318e-21
4.102377446519861905e+02 2.028873317064741876e-21 -1.139848711601275486e-21 5.197595345730759238e-21
4.095601473333003355e+02 1.835900055860170102e-21 -7.752305919855834839e-22 4.447030703705923688e-21
4.088847847237108795e+02 1.701095066387030527e-21 -4.623478460933625136e-22 3.864537978867423567e-21
4.082116457863457413e+02 1.632540308636640961e-21 -2.308330317346684678e-22 3.495913649007950579e-21
4.075407195568922702e+02 1.636643940777988160e-21 -1.197112368179561250e-22 3.392999118373932634e-21
4.068719951430024366e+02 1.718355190622864316e-21 -1.495460367183129047e-22 3.586256417964041160e-21
4.062054617237029106e+02 1.881313210258315692e-21 -2.973288315228463727e-22 4.059955252039477757e-21
4.055411085488117919e+02 2.127919893826168173e-21 -5.181754337265450666e-22 4.774015221378881412e-21
4.048789249383602851e+02 2.459371962010504759e-21 -7.742582551346181253e-22 5.693002179155628019e-21
4.042189002820207975e+02 2.875723007325325980e-21 -1.038826138410232531e-21 6.790272153060883739e-21
4.035610240385397560e+02 3.376061537157512780e-21 -1.290128010225953033e-21 8.042251084540979345e-21
4.029052857351770172e+02 3.958879612470326096e-21 -1.506835137439029173e-21 9.424594362379680612e-21
4.022516749671494836e+02 4.622666813255084537e-21 -1.666723104837653964e-21 1.091205673134782379e-20
4.016001813970813714e+02 5.366700483994671362e-21 -1.748073068142619658e-21 1.248147403613196163e-20
4.009507947544588546e+02 6.191926324735384274e-21 -1.733374350948428496e-21 1.411722700041919629e-20
4.003035048350902798e+02 7.101749386484769440e-21 -1.615064165058632023e-21 1.581856293802817090e-20
3.996583015005721791e+02 8.102503173411463282e-21 -1.402664031562989115e-21 1.760767037838591718e-20
3.990151746777593758e+02 9.203351846151429463e-21 -1.129519369359514820e-21 1.953622306166237224e-20
3.983741143582411155e+02 1.041542050591540778e-20 -8.555186341942097333e-22 2.168635964602502379e-20
3.977351105978216879e+02 1.175004532646859948e-20 -6.610237483678576658e-22 2.416111440130505662e-20
3.970981535160065619e+02 1.321618126824346153e-20 -6.297649593852824979e-22 2.706212749587220556e-20
3.964632332954926710e+02 1.481718023867601738e-20 -8.258025543351774405e-22 3.046016303168720919e-20
3.958303401816643259e+02 1.654732651443116857e-20 -1.275819195382433442e-21 3.437047222424477359e-20
3.951994644820936173e+02 1.838865318942773112e-20 -1.964843624974641804e-21 3.874215000383010705e-20
3.945705965660455377e+02 2.030862899149172279e-20 -2.843973204263541177e-21 4.346123118724698676e-20
3.939437268639880472e+02 2.225927384487495589e-20 -3.843195135554095169e-21 4.836174282530400995e-20
3.933188458671065746e+02 2.417812485666161284e-20 -4.883760348193219466e-21 5.324001006151644213e-20
3.926959441268232354e+02 2.599124288389775368e-20 -5.887958137992867204e-21 5.787044390578837456e-20
3.920750122543205975e+02 2.761815463252312260e-20 -6.786142169258450877e-21 6.202245143430469608e-20
3.914560409200700519e+02 2.897831337102288300e-20 -7.521383926016257557e-21 6.547801066806202355e-20
3.908390208533643886e+02 2.999838747821661212e-20 -8.052076482810590638e-21 6.804885143924382090e-20
3.902239428418550915e+02 3.061950193170177018e-20 -8.352726288121709741e-21 6.959173015152525010e-20
3.896107977310937258e+02 3.080350166318721462e-20 -8.413199232971750930e-21 7.002020255934618620e-20
3.889995764240779295e+02 3.053739376354324445e-20 -8.236797578445228908e-21 6.931158510553171781e-20
3.883902698808013270e+02 2.983534821452198019e-20 -7.837661824795833334e-21 6.750835825383979372e-20
3.877828691178079907e+02 2.873795991548780998e-20 -7.238052432474398613e-21 6.471397226345001857e-20
3.871773652077509951e+02 2.730884571997098024e-20 -6.466035491744600299e-21 6.108372693168656078e-20
3.865737492789547787e+02 2.562900817271025403e-20 -5.553972011568166837e-21 5.681198835698867489e-20
3.859720125149821115e+02 2.378968503201428180e-20 -4.538017073742749728e-21 5.211738713777131634e-20
3.853721461542047564e+02 2.188457658718245132e-20 -3.458605954000995359e-21 4.722775912836589800e-20
3.847741414893781666e+02 2.000237846946614124e-20 -2.361650262831582344e-21 4.236640720176386483e-20
3.841779898672202762e+02 1.822044743889749448e-20 -1.299831736997899625e-21 3.774072661479288858e-20
3.835836826879940418e+02 1.660021523593000429e-20 -3.328004959066692003e-22 3.353323096776667779e-20
3.829912114050940204e+02 1.518468149783650206e-20 4.759261353398790115e-22 2.989343686033312510e-20
3.824005675246364149e+02 1.399801006159733471e-20 1.068585807341251520e-21 2.692743431585341940e-20
3.818117426050536665e+02 1.304697257233418721e-20 1.411020464739519453e-21 2.468292467992885497e-20
3.812247282566916624e+02 1.232376985183082412e-20 1.512272835984876354e-21 2.313526686767677189e-20
3.806395161414119457e+02 1.180964158635843873e-20 1.428820989925631024e-21 2.219046218279124493e-20
3.800560979721961985e+02 1.147865814125054523e-20 1.242479194926181462e-21 2.171483708757490899e-20
3.794744655127557280e+02 1.130116712669084173e-20 1.025734872815601824e-21 2.157659938056608314e-20
3.788946105771434532e+02 1.124651953492477888e-20 8.182540697947648872e-22 2.167478500005479437e-20
3.783165250293700410e+02 1.128489359934823363e-20 6.232631529123992444e-22 2.194652404578406801e-20
3.777402007830232833e+02 1.138823250149970664e-20 4.182033717586331270e-22 2.235826163124078165e-20
3.771656298008913382e+02 1.153048012177960872e-20 1.714976763716376224e-22 2.288946256718757831e-20
3.765928040945885868e+02 1.168741022176141889e-20 -1.409900339560683752e-22 2.351581047747890616e-20
3.760217157241859809e+02 1.183638359218390269e-20 -5.247467387564869603e-22 2.419751392312429234e-20
3.754523567978437768e+02 1.195633352659355480e-20 -9.633667526446718754e-22 2.487603380583178149e-20
3.748847194714481930e+02 1.202818465327685560e-20 -1.422578627300710331e-21 2.547894793385442152e-20
3.743187959482511360e+02 1.203577634028995914e-20 -1.858248192745260002e-21 2.592980087332517828e-20
3.737545784785131673e+02 1.196721786642842468e-20 -2.224787306924986280e-21 2.615922303978183563e-20
3.731920593591499369e+02 1.181647646358646852e-20 -2.481766377431033701e-21 2.611471930460397074e-20
3.726312309333814028e+02 1.158491377086027089e-20 -2.598080957015569792e-21 2.576790849873611307e-20
3.720720855903845177e+02 1.128245439518179006e-20 -2.554045975103456028e-21 2.511895476546703765e-20
3.715146157649490988e+02 1.092809446638313933e-20 -2.342343433924169991e-21 2.419853236669044715e-20
3.709588139371362558e+02 1.054953076540405835e-20 -1.969099875862337862e-21 2.306816140667045306e-20
3.704046726319405707e+02 1.018179778735763484e-20 -1.456656548060934538e-21 2.182025212277620271e-20
3.698521844189550052e+02 9.864923643703696481e-21 -8.496010452609212868e-22 2.057944833266831425e-20
3.693013419120384810e+02 9.640739421942831261e-21 -2.241970656763185043e-22 1.950567590956198103e-20
3.687521377689870974e+02 9.549087086601473492e-21 3.046414777045679576e-22 1.879353269549838053e-20
3.682045646912076791e+02 9.623758695260504984e-21 5.973565796845719750e-22 1.865016081083643799e-20
3.676586154233945649e+02 9.888558230695062727e-21 5.442838842229221481e-22 1.923283257716720331e-20
3.671142827532090109e+02 1.035390199431541312e-20 1.302903184855605309e-22 2.057751367014526571e-20
3.665715595109619471e+02 1.101436002628706446e-20 -5.639511172553402447e-22 2.259267116982946916e-20
3.660304385692986671e+02 1.184748558825929671e-20 -1.420783638827832820e-21 2.511575481534642624e-20
3.654909128428872691e+02 1.281418033770756420e-20 -2.334916727178431717e-21 2.796327740259355861e-20
3.649529752881091440e+02 1.386070167902299353e-20 -3.228561905510886049e-21 3.094996526355687009e-20
3.644166189027527025e+02 1.492224500282564771e-20 -4.048330505356087635e-21 3.389282051100738305e-20
3.638818367257091495e+02 1.592784457708578277e-20 -4.758433365838246674e-21 3.661412252000981522e-20
3.633486218366718958e+02 1.680615782485741881e-20 -5.335280404202132174e-21 3.894759605391696979e-20
3.628169673558373916e+02 1.749155797275810047e-20 -5.764118384557710122e-21 4.074723433007391106e-20
3.622868664436099948e+02 1.792988757033482029e-20 -6.037171765978181985e-21 4.189694690664781955e-20
3.617583123003078072e+02 1.808324013170746512e-20 -6.152656800917051116e-21 4.231913706433198436e-20
3.612312981658726585e+02 1.793324520871268528e-20 -6.114174703499189562e-21 4.198066512092455711e-20
3.607058173195816266e+02 1.748252243808243795e-20 -5.930133506257219690e-21 4.089517838242209258e-20
3.601818630797612286e+02 1.675421468554452989e-20 -5.612965592966993004e-21 3.912139496405605279e-20
3.596594288035043405e+02 1.578976937730131646e-20 -5.178008452389839243e-21 3.675754720699246915e-20
3.591385078863896183e+02 1.464536611936830270e-20 -4.642018062422961789e-21 3.393275030115957020e-20
3.586190937622029082e+02 1.338754815822914334e-20 -4.021411534674763042e-21 3.079650785113304822e-20
3.581011799026616131e+02 1.208867856878818469e-20 -3.330530100868961956e-21 2.750788723844533133e-20
3.575847598171408208e+02 1.082280117126020625e-20 -2.580562781089388139e-21 2.422616512360980063e-20
3.570698270524026725e+02 9.662352757579169066e-21 -1.780460110988686029e-21 2.110516562614702416e-20
3.565563751923270388e+02 8.675975706740128472e-21 -9.425280101206496213e-22 1.829447942360090657e-20
3.560443978576454356e+02 7.927457293699489784e-21 -9.758203803093412085e-23 1.595249662542991519e-20
3.555338887056765884e+02 7.475614896726961583e-21 6.756069604353325201e-22 1.427562283301859065e-20
3.550248414300645550e+02 7.374789914090506600e-21 1.224068290925507756e-21 1.352551153725550544e-20
3.545172497605192916e+02 7.675530425956191463e-21 1.383517007294685018e-21 1.396754384461769716e-20
3.540111074625586411e+02 8.425041063873321100e-21 1.153541976914293467e-21 1.569654015083234873e-20
3.535064083372538448e+02 9.667050574756647794e-21 7.148482760019211313e-22 1.861925287351137446e-20
3.530031462209757365e+02 1.144087355102943401e-20 2.667035726066483670e-22 2.261504352945221965e-20
3.525013149851442336e+02 1.377959632482953846e-20 -4.758470331619069689e-23 2.760677735297526761e-20
3.520009085359794199e+02 1.670747101201426382e-20 -1.269146377560688423e-22 3.354185666178459347e-20
3.515019208142551292e+02 2.023673404532032161e-20 1.090687308517559637e-22 4.036439935978889027e-20
3.510043457950539505e+02 2.436416307726479209e-20 7.284692522327660734e-22 4.799985690229681810e-20
3.505081774875252449e+02 2.906774590295387877e-20 1.785238234892079724e-21 5.635025357101567179e-20
3.500134099346441872e+02 3.430386259482536534e-20 3.311509324150964612e-21 6.529621586549976005e-20
3.495200372129737616e+02 4.000538701860591548e-20 5.308037732795043133e-21 7.470273630441678181e-20
3.490280534324282371e+02 4.608110420752831787e-20 7.736289167000157739e-21 8.442591924805647800e-20
3.485374527360386878e+02 5.241681629888803003e-20 1.051559089954242033e-20 9.431804169823363370e-20
3.480482292997206741e+02 5.887846209201280066e-20 1.352815445202664787e-20 1.042287697319989595e-19
3.475603773320437995e+02 6.531748471897572204e-20 1.663318823901801627e-20 1.140017811989334158e-19
3.470738910740030292e+02 7.157852604621500373e-20 1.968868560419130666e-20 1.234683664882387068e-19
3.465887647987923401e+02 7.750928926022989499e-20 2.257651174803791096e-20 1.324420667724218790e-19
3.461049928115795637e+02 8.297209392149617378e-20 2.522447494563446749e-20 1.407197128973578921e-19
3.456225694492841853e+02 8.785627749826747010e-20 2.761930914936665162e-20 1.480932458471682765e-19
3.451414890803557682e+02 9.209022872554868643e-20 2.980686574305706370e-20 1.543735917080402971e-19
3.446617461045549931e+02 9.565154744187912334e-20 3.187894750979461585e-20 1.594241473739636308e-19
3.441833349527365726e+02 9.857369656340656662e-20 3.394849561688104450e-20 1.631988975099321008e-19
3.437062500866334744e+02 1.009476160546558379e-19 3.611558390618034563e-20 1.657796482031313422e-19
3.432304859986434735e+02 1.029171453931371728e-19 3.842658016920829544e-20 1.674077106170660382e-19
3.427560372116168423e+02 1.046677420857522790e-19 4.082986655106268181e-20 1.685056176204418762e-19
3.422828982786466554e+02 1.064088283326084519e-19 4.313676230542966149e-20 1.696808943597872423e-19
3.418110637828597760e+02 1.083510376237304562e-19 4.500825444947682333e-20 1.716938207979841011e-19
3.413405283372106851e+02 1.106805279566329633e-19 4.600052381013403701e-20 1.753605321031318896e-19
3.408712865842761062e+02 1.135332294776779916e-19 4.568804423467850365e-20 1.813784147206774676e-19
3.404033331960517899e+02 1.169722683895566809e-19 4.381839020345110472e-20 1.901261465756622450e-19
3.399366628737507199e+02 1.209717609799476791e-19 4.039592374738191566e-20 2.015475982125134545e-19
3.394712703476034790e+02 1.254096622892586832e-19 3.564383830776663829e-20 2.151754862707507401e-19
3.390071503766594105e+02 1.300714096895714011e-19 2.990208235654671186e-20 2.302407370225960784e-19
3.385442977485902816e+02 1.346648167911010088e-19 2.354133277247922712e-20 2.457883008097228146e-19
3.380827072794949117e+02 1.388452032335389777e-19 1.692035632256263437e-20 2.607700501445153451e-19
3.376223738137058490e+02 1.422482921951637541e-19 1.037349239729280992e-20 2.741230919930346742e-19
3.371632922235970682e+02 1.445271913755492348e-19 4.208646396304133393e-21 2.848457363547943603e-19
3.367054574093939436e+02 1.453890034289703682e-19 -1.295949318096970121e-21 2.920739561760377066e-19
3.362488642989843015e+02 1.446264465877240980e-19 -5.900101190564398942e-21 2.951529943660126191e-19
3.357935078477310071e+02 1.421403780884970009e-19 -9.414438184996206038e-21 2.936951943619902319e-19
3.353393830382862006e+02 1.379502643902153865e-19 -1.171488359009192394e-20 2.876154123705226969e-19
3.348864848804072949e+02 1.321912796539594446e-19 -1.275563004065535011e-20 2.771381893485742393e-19
3.344348084107737122e+02 1.250985866577136766e-19 -1.257785491764168421e-20 2.627750282330690374e-19
3.339843486928060088e+02 1.169811554393225327e-19 -1.131226181634586634e-20 2.452745726949909076e-19
3.335351008164857376e+02 1.081888995171881190e-19 -9.174462342581476312e-21 2.255522613769577384e-19
3.330870598981771309e+02 9.907771579128577729e-20 -6.452906106017151385e-21 2.046083376885886939e-19
3.326402210804502033e+02 8.997707412409631526e-20 -3.489217782149123017e-21 1.834433660303417535e-19
3.321945795319052195e+02 8.116412849828724472e-20 -6.501721092148541390e-22 1.629784291057893436e-19
3.317501304469984120e+02 7.284706229999805000e-20 1.710676088666205969e-21 1.439834485113298820e-19
3.313068690458693482e+02 6.515878696557894408e-20 3.303839558853296562e-21 1.270137343723046036e-19
3.308647905741697173e+02 5.816048455560244539e-20 3.964071618983024252e-21 1.123568974922218665e-19
3.304238903028929712e+02 5.185310388978087969e-20 3.701653968939570103e-21 1.000045538106221953e-19
3.299841635282061816e+02 4.619399888856637949e-20 2.710376596525268329e-21 8.967762118060749668e-20
3.295456055712823513e+02 4.111554224448466440e-20 1.308725190619044120e-21 8.092235929835027866e-20
3.291082117781346597e+02 3.654274667471426683e-20 -1.625008391830345944e-22 7.324799418861156223e-20
3.286719775194517865e+02 3.240756862789775428e-20 -1.429586191167181298e-21 6.624472344696268985e-20
3.282368981904346015e+02 2.865847901647319196e-20 -2.325985108498917350e-21 5.964294314144529526e-20
3.278029692106341599e+02 2.526486454142920966e-20 -2.788091244316766686e-21 5.331782032717518601e-20
3.273701860237909500e+02 2.221669404326748039e-20 -2.830650462038628310e-21 4.726403854857358607e-20
3.269385440976754467e+02 1.952052065689596425e-20 -2.521599271434234807e-21 4.156264058522616332e-20
3.265080389239297460e+02 1.719323175904536639e-20 -1.965957923283793327e-21 3.635242144137452612e-20
3.260786660179109049e+02 1.525500842910491495e-20 -1.300466671757811621e-21 3.181048352996764453e-20
3.256504209185348486e+02 1.372276803483252363e-20 -6.928975750039944766e-22 2.813843364466903873e-20
3.252232991881221551e+02 1.260501999003205446e-20 -3.269075372996241213e-22 2.553694751736373153e-20
3.247972964122446911e+02 1.189865490101305826e-20 -3.438950252222346070e-22 2.414120482724835263e-20
3.243724081995734991e+02 1.158778955905655601e-20 -7.560073626363593260e-22 2.393158648074947136e-20
3.239486301817278786e+02 1.164446141732590683e-20 -1.427596806533973584e-21 2.471651964118578725e-20
3.235259580131257735e+02 1.203073842439205958e-20 -2.164286345937719506e-21 2.622576319472183716e-20
3.231043873708350702e+02 1.270169308126864683e-20 -2.808175564896800436e-21 2.821156172743409711e-20
3.226839139544265436e+02 1.360867601978947952e-20 -3.271866627598351139e-21 3.048921866717731319e-20
3.222645334858271440e+02 1.470239577431002285e-20 -3.532788004506596793e-21 3.293757955312664250e-20
3.218462417091753878e+02 1.593544283764732323e-20 -3.617540170248487205e-21 3.548842584554313668e-20
3.214290343906770318e+02 1.726405953779850810e-20 -3.585776621124693521e-21 3.811389569672170972e-20
3.210129073184625099e+02 1.864912401848787314e-20 -3.513214598130384770e-21 4.081146263510613105e-20
3.205978563024449386e+02 2.005645972079792256e-20 -3.472931463299384519e-21 4.358585090489522965e-20
3.201838771741797132e+02 2.145667930260701125e-20 -3.517244742577019507e-21 4.643060334779103900e-20
3.197709657867247870e+02 2.282481063024398899e-20 -3.665143879785500901e-21 4.931476514027347887e-20
3.193591180145022577e+02 2.413993085027940380e-20 -3.899778678405997471e-21 5.217964037896480507e-20
3.189483297531610333e+02 2.538496396822521546e-20 -4.176873525604430014e-21 5.494680146205485792e-20
3.185385969194404083e+02 2.654669993253498836e-20 -4.440748347919866173e-21 5.753414821298983989e-20
3.181299154510347194e+02 2.761599636788025827e-20 -4.642442029787596794e-21 5.987443476554811334e-20
3.177222813064592515e+02 2.858805303354182169e-20 -4.754583988433830389e-21 6.193069005551747980e-20
3.173156904649168837e+02 2.946261947718602655e-20 -4.779007961689618788e-21 6.370424691606167189e-20
3.169101389261659278e+02 3.024400982666937332e-20 -4.744823162496580570e-21 6.523284281583533323e-20
3.165056227103889341e+02 3.094084292706874660e-20 -4.696843140784543337e-21 6.657852899492203653e-20
3.161021378580625196e+02 3.156548003715735891e-20 -4.677268919677071188e-21 6.780822899399178299e-20
3.156996804298282200e+02 3.213317473082050842e-20 -4.706816481392714749e-21 6.897316594303372556e-20
3.152982465063641939e+02 3.266096768978956694e-20 -4.773168523593835580e-21 7.009510390317297548e-20
3.148978321882580076e+02 3.316635398402842871e-20 -4.832647161749417213e-21 7.116535512980627462e-20
3.144984335958803854e+02 3.366573741702483202e-20 -4.825546038917749636e-21 7.215702087296741367e-20
3.141000468692600975e+02 3.417268842553597469e-20 -4.699676229519446384e-21 7.304505308059139576e-20
3.137026681679591888e+02 3.469605893353490544e-20 -4.433548653912812969e-21 7.382566652098262384e-20
3.133062936709500264e+02 3.523808596738427480e-20 -4.050885544914996796e-21 7.452705747968354039e-20
3.129109195764925175e+02 3.579272195664869999e-20 -3.620591620174966423e-21 7.520603553347236640e-20
3.125165421020127496e+02 3.634452998546265009e-20 -3.240128632421705507e-21 7.592918860334701170e-20
3.121231574839821974e+02 3.686853231309869288e-20 -3.005681248703270863e-21 7.674274587490065061e-20
3.117307619777981813e+02 3.733135930534808178e-20 -2.978885285837526809e-21 7.764160389653369037e-20
3.113393518576647807e+02 3.769389204882714332e-20 -3.163512772485190256e-21 7.855129687013948292e-20
3.109489234164753952e+02 3.791533512863682023e-20 -3.501969656787916530e-21 7.933263991406155698e-20
3.105594729656951358e+02 3.795834037482049882e-20 -3.891765654730083656e-21 7.980844640437108129e-20
3.101709968352450915e+02 3.779449850808925990e-20 -4.213527645274163271e-21 7.980252466145268306e-20
3.097834913733867666e+02 3.740930399782405087e-20 -4.360377734022460387e-21 7.917898572967055610e-20
3.093969529466078825e+02 3.680564766320381248e-20 -4.262320754261331055e-21 7.787361608066894999e-20
3.090113779395087477e+02 3.600503803381665170e-20 -3.903910176782274990e-21 7.591398624441557840e-20
3.086267627546892527e+02 3.504608763157544055e-20 -3.335733646201787763e-21 7.342790890935267488e-20
3.082431038126375142e+02 3.398026895751248418e-20 -2.679399543633644857e-21 7.063993745865861321e-20
3.078603975516183482e+02 3.286545593577434544e-20 -2.121866589998698631e-21 6.785277846154738952e-20
3.074786404275634482e+02 3.175821304806847563e-20 -1.889652428304342036e-21 6.540607852444128728e-20
3.070978289139615072e+02 3.070607856106029692e-20 -2.193415128249682742e-21 6.360557225037028259e-20
3.067179595017503289e+02 2.974114425464604798e-20 -3.151023813995334482e-21 6.263331232328742443e-20
3.063390286992080291e+02 2.887604358118563930e-20 -4.729285280039402809e-21 6.248137244241067539e-20
3.059610330318472506e+02 2.810305695723494036e-20 -6.748746404546505075e-21 6.295486031901637977e-20
3.055839690423080128e+02 2.739650532492789404e-20 -8.947545692235500474e-21 6.374055634209128253e-20
3.052078332902526654e+02 2.671803704745636856e-20 -1.105683023650545251e-20 6.449290433141819564e-20
3.048326223522614100e+02 2.602392887471872811e-20 -1.285099768036606838e-20 6.489885542980351858e-20
3.044583328217280496e+02 2.527321039327076466e-20 -1.416824677451747638e-20 6.471466756105900269e-20
3.040849613087573857e+02 2.443533663559646020e-20 -1.491235910640883593e-20 6.378303237760175933e-20
3.037125044400621618e+02 2.349628118168905700e-20 -1.504598775493480138e-20 6.203855011831291838e-20
3.033409588588625070e+02 2.246226060618666936e-20 -1.458113039440445377e-20 5.950565160677779249e-20
3.029703212247840156e+02 2.136075208387194300e-20 -1.356933393668778275e-20 5.629083810443166875e-20
3.026005882137583285e+02 2.023893200112203853e-20 -1.209294470385562091e-20 5.257080870609969496e-20
3.022317565179235430e+02 1.916004961499514079e-20 -1.025870649818522249e-20 4.857880572817550709e-20
3.018638228455254193e+02 1.819848389040412373e-20 -8.195733989749147814e-21 4.459270177055739829e-20
3.014967839208200076e+02 1.743427880497715054e-20 -6.060836181125145110e-21 4.092939379107944619e-20
3.011306364839755361e+02 1.694782164291668397e-20 -4.053284284647830358e-21 3.794892757048120130e-20
3.007653772909768009e+02 1.681506972875969925e-20 -2.431503606612069756e-21 3.606164306413146524e-20
3.004010031135286454e+02 1.710342190497958679e-20 -1.497108582308734560e-21 3.570395239226790513e-20
3.000375107389615437e+02 1.786806035536829316e-20 -1.499940244294061151e-21 3.723606095503065049e-20
2.996748969701364445e+02 1.914843413306492248e-20 -2.517019974773780678e-21 4.081388824090362563e-20
2.993131586253515479e+02 2.096456651903927962e-20 -4.456058784005006402e-21 4.638519182208356563e-20
2.989522925382491394e+02 2.331305021759660188e-20 -7.167664713870542724e-21 5.379376514906374950e-20
2.985922955577230482e+02 2.616290717286287284e-20 -1.051931882310996894e-20 6.284513316883571162e-20
2.982331645478272435e+02 2.945185364588342769e-20 -1.439774546974053240e-20 7.330145276150738777e-20
2.978748963876842026e+02 3.308382336789935417e-20 -1.868537762710875685e-20 8.485302436290746518e-20
2.975174879713953260e+02 3.692876005451779705e-20 -2.324145838274916743e-20 9.709897849178476153e-20
2.971609362079503285e+02 4.082561980727801553e-20 -2.789509140809127480e-20 1.095463310226473179e-19
2.968052380211387913e+02 4.458919677750238753e-20 -3.244881926518882767e-20 1.216272128201935967e-19
2.964503903494613724e+02 4.802083520319749827e-20 -3.668970961856826116e-20 1.327313800249632637e-19
2.960963901460420402e+02 5.092240952704951755e-20 -4.040506446752337589e-20 1.422498835216224230e-19
2.957432343785408193e+02 5.311227585800828069e-20 -4.340011556070054664e-20 1.496246672767170960e-19
2.953909200290672743e+02 5.444137021654803198e-20 -4.551523831675993477e-20 1.543979787498559987e-19
2.950394440940947334e+02 5.480737884795930317e-20 -4.664043876793758567e-20 1.562551964638561800e-19
2.946888035843741704e+02 5.416500841111976816e-20 -4.672526502866837815e-20 1.550552818509079265e-19
2.943389955248507022e+02 5.253084170870580899e-20 -4.578290421623793725e-20 1.508445876336495612e-19
2.939900169545783228e+02 4.998200465557726625e-20 -4.388800217245003967e-20 1.438520114836045782e-19
2.936418649266369130e+02 4.664875824443878133e-20 -4.116858194387606361e-20 1.344660984327536142e-19
2.932945365080491342e+02 4.270199990901916753e-20 -3.779320578463703579e-20 1.231972056026753769e-19
2.929480287796981770e+02 3.833735209787118260e-20 -3.395509929688929821e-20 1.106298034926316754e-19
2.926023388362460764e+02 3.375791270245682606e-20 -2.985524643840865177e-20 9.737107184332229788e-20
2.922574637860518578e+02 2.915778733207543519e-20 -2.568643725672403979e-20 8.400201192087491017e-20
2.919134007510919560e+02 2.470823461392960691e-20 -2.161993370937103898e-20 7.103640293723025882e-20
2.915701468668790994e+02 2.054771292557402838e-20 -1.779589146820621568e-20 5.889131731935427245e-20
2.912276992823837531e+02 1.677644060149107940e-20 -1.431804689030500123e-20 4.787092809328716304e-20
2.908860551599544806e+02 1.345540288602621757e-20 -1.125256374743535409e-20 3.816336951948779073e-20
2.905452116752398979e+02 1.060917161724340360e-20 -8.630431076417428041e-21 2.984877431090423525e-20
2.902051660171107983e+02 8.231523958186500719e-21 -6.452473942138568021e-21 2.291552185851156946e-20
2.898659153875827883e+02 6.292683745439498997e-21 -4.695903544565899524e-21 1.728127103544489827e-20
2.895274570017397764e+02 4.747048177504752701e-21 -3.321373922970128904e-21 1.281547027797963431e-20
2.891897880876572344e+02 3.540455726989676517e-21 -2.279683653992866073e-21 9.360595107972218355e-21
2.888529058863273917e+02 2.616333629226407623e-21 -1.517503652723356384e-21 6.750170911176171630e-21
2.885168076515830080e+02 1.920369643035777233e-21 -9.817717545847699109e-22 4.822511040656324378e-21
2.881814906500238180e+02 1.403629357128810350e-21 -6.226405254391956802e-22 3.429899239696816380e-21
2.878469521609416688e+02 1.024252339873810986e-21 -3.951129808244258727e-22 2.443617660572047846e-21
2.875131894762473621e+02 7.479934040687607767e-22 -2.598040003255947008e-22 1.755790808463116160e-21
2.871801999003972696e+02 5.479319832509369388e-22 -1.835463510846981752e-22 1.279410317586572147e-21
2.868479807503209713e+02 4.036676440190236016e-22 -1.403577369225477450e-22 9.476930249605950423e-22
2.865165293553494053e+02 3.002732087730064170e-22 -1.122983304258347966e-22 7.128447479718476305e-22
2.861858430571425060e+02 2.272091886390503789e-22 -8.914168508062477005e-23 5.435600623587255279e-22
2.858559192096191737e+02 1.773311706114637989e-22 -6.684809054877869929e-23 4.215104317717062971e-22
2.855267551788859919e+02 1.460572402730322545e-22 -4.632396013925327922e-23 3.384384406853178118e-22
2.851983483431673676e+02 1.307119032975552680e-22 -3.367548058836706998e-23 2.950992871834776060e-22
2.848706960927357841e+02 1.300283438031019240e-22 -3.846401835551983331e-23 2.985207059617236579e-22
2.845437958298428498e+02 1.437712826449874863e-22 -6.429356138078488138e-23 3.518361266707598304e-22
2.842176449686508022e+02 1.724356572157007830e-22 -1.067478413518097820e-22 4.516191557832113716e-22
2.838922409351636134e+02 2.169788516514653062e-22 -1.621783122344777699e-22 5.961360155374083353e-22
2.835675811671603128e+02 2.785534668083953498e-22 -2.301151491063307235e-22 7.872220827231214700e-22
2.832436631141267185e+02 3.582212488602032157e-22 -3.115898710883780057e-22 1.028032368808784437e-21
2.829204842371894983e+02 4.566447304598833534e-22 -4.077716758333807618e-22 1.321061136753147563e-21
2.825980420090491521e+02 5.737694049467194013e-22 -5.192298147073829511e-22 1.666768624600821660e-21
2.822763339139145842e+02 7.085237710856994069e-22 -6.455127812606179513e-22 2.062560323432016765e-21
2.819553574474375637e+02 8.585751404037557486e-22 -7.848938569496060028e-22 2.502044137757117312e-21
2.816351101166474677e+02 1.020183555340207256e-21 -9.342463879590913829e-22 2.974613498639505895e-21
2.813155894398874466e+02 1.188192881803172184e-21 -1.089056027889541731e-21 3.465441791495886100e-21
2.809967929467492809e+02 1.356186478815795409e-21 -1.243584648439775127e-21 3.955957606071366322e-21
2.806787181780107403e+02 1.516815622764755900e-21 -1.391189894741086513e-21 4.424821140270598689e-21
2.803613626855714642e+02 1.662284522667736729e-21 -1.524784683723988261e-21 4.849353729059461530e-21
2.800447240323910023e+02 1.784950195636684404e-21 -1.637398515942256704e-21 5.207298907215625136e-21
2.797287997924257752e+02 1.877973398153192576e-21 -1.722782598397758387e-21 5.478729394704143539e-21
2.794135875505673425e+02 1.935942843087545138e-21 -1.775988060094935242e-21 5.647873746270025142e-21
2.790990849025809553e+02 1.955392530874534707e-21 -1.793844306417692572e-21 5.704629368166761986e-21
2.787852894550442215e+02 1.935142586897595673e-21 -1.775274160807627763e-21 5.645559334602818734e-21
2.784721988252866822e+02 1.876416388656371921e-21 -1.721402878368198645e-21 5.474235655680942487e-21
2.781598106413290452e+02 1.782717406107007482e-21 -1.635446123500994183e-21 5.200880935715009524e-21
2.778481225418239546e+02 1.659482732381526777e-21 -1.522392699388068151e-21 4.841358164151121517e-21
2.775371321759958505e+02 1.513560787529912890e-21 -1.388525734721261728e-21 4.415647309781087132e-21
2.772268372035821358e+02 1.352582830790320713e-21 -1.240846305842094861e-21 3.946011967422735911e-21
2.769172352947745708e+02 1.184308191251041701e-21 -1.086472862999221367e-21 3.455089245501304394e-21
2.766083241301606677e+02 1.016020450764713559e-21 -9.320873510552234820e-22 2.964128252584650600e-21
2.763001014006663354e+02 8.540376499402521932e-22 -7.834859069132430704e-22 2.491561206793747269e-21
2.759925648074975015e+02 7.033774372008192506e-22 -6.452716856947776755e-22 2.052026560096416177e-21
2.756857120620837804e+02 5.675925642205569948e-22 -5.207039534250443445e-22 1.655889081866158240e-21
2.753795408860211182e+02 4.487679255866942578e-22 -4.116953749418117246e-22 1.309231226115200146e-21
2.750740490110158021e+02 3.476512289747913748e-22 -3.189318912121537387e-22 1.014234349161736441e-21
2.747692341788282420e+02 2.638776307104926508e-22 -2.420787986491852332e-22 7.698340600701704878e-22
2.744650941412173779e+02 1.962448327810179421e-22 -1.800331208317932947e-22 5.725227863938291319e-22
2.741616266598852008e+02 1.429982531175925834e-22 -1.311852211404237033e-22 4.171817273756088701e-22
2.738588295064222962e+02 1.020939674474846883e-22 -9.366002315209165494e-23 2.978479580470610198e-22
2.735567004622530476e+02 7.141776871123114801e-23 -6.551797367125490716e-23 2.083535110937171914e-22
2.732552373185810097e+02 4.894961960418303467e-23 -4.490590992101758901e-23 1.428051491293836525e-22
2.729544378763361010e+02 3.287223342309226174e-23 -3.015667057172209782e-23 9.590113741790661542e-23
2.726542999461200907e+02 2.162947361845019263e-23 -1.984267093018342338e-23 6.310161816708380570e-23
2.723548213481541325e+02 1.394439049180256507e-23 -1.279244963296251176e-23 4.068123061656764190e-23
2.720559999122258432e+02 8.808256823809331615e-24 -8.080610037359750838e-24 2.569712368497841407e-23
2.717578334776366091e+02 5.451515473994699202e-24 -5.001167829137010538e-24 1.590419877712641041e-23
2.714603198931499719e+02 3.305836547507740144e-24 -3.032742632512727415e-24 9.644415727528206968e-24
2.711634570169394465e+02 1.964184825379517374e-24 -1.801924255013421031e-24 5.730293905772456147e-24
2.708672427165375893e+02 1.143457885063752730e-24 -1.048997258842370526e-24 3.335913028969875803e-24
2.705716748687842710e+02 6.522210978035484782e-25 -5.983413579914834366e-25 1.902783553598580209e-24
2.702767513597767675e+02 3.645074086693313462e-25 -3.343955886058495180e-25 1.063410405944512211e-24
2.699824700848186581e+02 1.995973283665047943e-25 -1.831086680705053745e-25 5.823033248035149860e-25
2.696888289483701442e+02 1.070877848890877692e-25 -9.824130321852672195e-26 3.124168729967022373e-25
2.693958258639983683e+02 5.629398511619387028e-26 -5.164356015867901581e-26 1.642315303910667564e-25
2.691034587543274483e+02 2.899485224338063595e-26 -2.659959839461240902e-26 8.458930288137368092e-26
2.688117255509903316e+02 1.463243667327338729e-26 -1.342365657795440030e-26 4.268852992450117488e-26
2.685206241945788861e+02 7.235178561940953433e-27 -6.637483179617648480e-27 2.110784030349955535e-26
2.682301526345964930e+02 3.505247609086680463e-27 -3.215680421226056894e-27 1.022617563939941782e-26
2.679403088294089912e+02 1.663891476308368190e-27 -1.526438026671625337e-27 4.854220979288361717e-27
2.676510907461977240e+02 7.738702288963305588e-28 -7.099411000753959120e-28 2.257681557868056940e-27
2.673624963609113365e+02 3.526534438580902135e-28 -3.235208753734438474e-28 1.028827763089624274e-27
2.670745236582187090e+02 1.574580854385773515e-28 -1.444505321666858365e-28 4.593667030438405620e-28
2.667871706314622884e+02 6.888404645047654613e-29 -6.319356125695664675e-29 2.009616541579097278e-28
2.665004352826111926e+02 2.952631051229766315e-29 -2.708715309563408047e-29 8.613977412022941236e-29
2.662143156222153380e+02 1.240042476443087190e-29 -1.137603033420409762e-29 3.617687986306584141e-29
2.659288096693585430e+02 5.102708838602091273e-30 -4.681175978830552253e-30 1.488659365603473550e-29
2.656439154516139638e+02 2.057320065171353993e-30 -1.887365627642719345e-30 6.002005757985427332e-30
2.653596310049976523e+02 8.127178207777501692e-31 -7.455795069887958732e-31 2.371015148544296212e-30
2.650759543739242758e+02 3.145680072134802107e-31 -2.885816623391225978e-31 9.177176767660831068e-31
2.647928836111615283e+02 1.192960782055839487e-31 -1.094410740115181282e-31 3.480332304226860256e-31
2.645104167777860766e+02 4.432764199153868338e-32 -4.066575214309890776e-32 1.293210361261762855e-31
2.642285519431390526e+02 1.613838009456717354e-32 -1.480519457908604581e-32 4.708195476822039288e-32
2.639472871847822262e+02 5.756812668496481396e-33 -5.281244537122297298e-33 1.679486987411526009e-32
2.636666205884542364e+02 2.012060810304810289e-33 -1.845845222814136286e-33 5.869966843423756522e-33
2.633865502480268788e+02 6.890281327870387155e-34 -6.321077776455648724e-34 2.010164043219642218e-33
2.631070742654626429e+02 2.311903241093878327e-34 -2.120917783064030527e-34 6.744724265251786754e-34
2.628281907507711139e+02 7.600448149541248275e-35 -6.972577983839478055e-35 2.217347428292197674e-34
2.625498978219666810e+02 2.448192677646180036e-35 -2.245948400474612051e-35 7.142333755766971589e-35
2.622721936050263025e+02 7.726607228505116412e-36 -7.088315108695293698e-36 2.254152956570552786e-35
2.619950762338471577e+02 2.389290326247842407e-36 -2.191911950192265434e-36 6.970492602687950582e-36
2.617185438502053216e+02 7.239121415375712625e-37 -6.641100315411824944e-37 2.111934314616324936e-36
2.614425946037134736e+02 2.149015975698554196e-37 -1.971486573456768782e-37 6.269518524853877175e-37
2.611672266517805383e+02 6.250723302538940593e-38 -5.734353399277559060e-38 1.823580000435544129e-37
2.608924381595698492e+02 1.781384842120747648e-38 -1.634225309683345971e-38 5.196994993924841268e-38
2.606182272999589600e+02 4.974186652393996004e-39 -4.563270962131775285e-39 1.451164426691976729e-38
2.603445922534989450e+02 1.360890712876368726e-39 -1.248468042451674725e-39 3.970249468204412015e-39
2.600715312083739832e+02 3.648054099681702810e-40 -3.346689721293687604e-40 1.064279792065709363e-39
2.597990423603616819e+02 9.581558098714459372e-41 -8.790029184530071154e-41 2.795314538195898786e-40
2.595271239127931722e+02 2.465743243644458619e-41 -2.262049120810552343e-41 7.193535608099470090e-41
2.592557740765137169e+02 6.217222550408225881e-42 -5.703620131692171118e-42 1.813806523250862415e-41
2.589849910698432041e+02 1.535966779272942466e-42 -1.409081140789537551e-42 4.481014699335422801e-42
2.587147731185376074e+02 3.717954572034672222e-43 -3.410815741891282755e-43 1.084672488596062720e-42
2.584451184557497641e+02 8.817859663160571794e-44 -8.089419589771082793e-44 2.572513891609222638e-43
2.581760253219911760e+02 2.049081034707061511e-44 -1.879807220389164058e-44 5.977969289803287579e-44
2.579074919650936408e+02 4.665432732497872389e-45 -4.280023087541476889e-45 1.361088855253722042e-44
2.576395166401712231e+02 1.040786325715900291e-45 -9.548073584326471576e-46 3.036380009864447583e-45
2.573720976095824540e+02 2.274930171264580633e-46 -2.086999044640389566e-46 6.636859387169550831e-46
2.571052331428926436e+02 4.872046344658570810e-47 -4.469568426838375274e-47 1.421366111615551689e-46
2.568389215168370470e+02 1.022331160796032760e-47 -9.378767677521299720e-48 2.982539089344195614e-47
2.565731610152830058e+02 2.101883462527468912e-48 -1.928247659488310187e-48 6.132014584543247707e-48
2.563079499291937964e+02 4.234113692922565148e-49 -3.884335151753727765e-49 1.235256253759885806e-48
2.560432865565915677e+02 8.357054700668308700e-50 -7.666681552079118194e-50 2.438079095341573559e-49
2.557791692025210466e+02 1.616146855663251404e-50 -1.482637571197552065e-50 4.714931282524055110e-50
2.555155961790134143e+02 3.062282451914544895e-51 -2.809308449240040715e-51 8.933873353069130504e-51
2.552525658050502386e+02 5.685210076052500268e-52 -5.215557007934829145e-52 1.658597716003983117e-51
2.549900764065279759e+02 1.034152618122525326e-52 -9.487216589308963474e-53 3.017026895175947185e-52
2.547281263162219886e+02 1.843145421535493906e-53 -1.690883870839710927e-53 5.377174713910699203e-53
2.544667138737518428e+02 3.218632669421690967e-54 -2.952742634028845632e-54 9.390007972872228146e-54
2.542058374255456386e+02 5.507063392426454310e-55 -5.052126954903123787e-55 1.606625373975603386e-54
2.539454953248056484e+02 9.232208067071978513e-56 -8.469538827730298958e-56 2.693395496187425598e-55
2.536856859314733299e+02 1.516449453391390478e-56 -1.391176133865251564e-56 4.424075040648032746e-56
2.534264076121950495e+02 2.440546807446450617e-57 -2.238934152739126232e-57 7.120027767632027465e-57
2.531676587402877203e+02 3.848426453826422639e-58 -3.530509390554106875e-58 1.122736229820695286e-57
2.529094376957048951e+02 5.945879294282641421e-59 -5.454692439995635147e-59 1.734645102856091799e-58
2.526517428650031150e+02 9.000897849071325340e-60 -8.257337059921791864e-60 2.625913275806444144e-59
2.523945726413077466e+02 1.335034302701043303e-60 -1.224747620605178462e-60 3.894816226007264791e-60
2.521379254242803540e+02 1.940152482512207154e-61 -1.779877214960322471e-61 5.660182179984736433e-61
2.518817996200847062e+02 2.762588185656608046e-62 -2.534371813705064285e-62 8.059548185018279512e-62
2.516261936413545186e+02 3.854191452248133058e-63 -3.535798144622490890e-63 1.124418104911875701e-62
2.513711059071601426e+02 5.268503403136200041e-64 -4.833274316687207547e-64 1.537028112295960898e-63
2.511165348429761934e+02 7.056317167425585227e-65 -6.473397457694570920e-65 2.058603179254574137e-64
2.508624788806491210e+02 9.259888746691034258e-66 -8.494932816807296837e-66 2.701471031018936535e-65
2.506089364583648660e+02 1.190612099720134342e-66 -1.092256081544674717e-66 3.473480280984943402e-66
2.503559060206173115e+02 1.499932315854869494e-67 -1.376023470854157344e-67 4.375888102563896331e-67
2.501033860181757404e+02 1.851441011450502158e-68 -1.698494165188984398e-68 5.401376188089988714e-68
2.498513749080539412e+02 2.239159056998825771e-69 -2.054182968682800212e-69 6.532501082680451240e-69
2.495998711534783467e+02 2.653364147587436545e-70 -2.434170732378951200e-70 7.740899027553823647e-70
2.493488732238568844e+02 3.080673097949355649e-71 -2.826179850916355030e-71 8.987526046815067133e-71
2.490983795947479962e+02 3.504541626883273969e-72 -3.215032759947181054e-72 1.022411601371372849e-71
2.488483887478297163e+02 3.906192816235379936e-73 -3.583503695470696956e-73 1.139588932794145683e-72
2.485988991708691458e+02 4.265922668268429748e-74 -3.913516399598782155e-74 1.244536173613564165e-73
2.483499093576915300e+02 4.564667279277371146e-75 -4.187581830548044353e-75 1.331691638910278566e-74
2.481014178081506714e+02 4.785663112381370272e-76 -4.390321280920347927e-76 1.396164750568308724e-75
2.478534230280978932e+02 4.916001043956830313e-77 -4.509892044943993750e-77 1.434189413285765514e-76
2.476059235293529923e+02 4.947874290467816953e-78 -4.539132254537249270e-78 1.443488083547288413e-77
2.473589178296738851e+02 4.879352510690438735e-79 -4.476271033239662522e-79 1.423497605462053999e-78
2.471124044527271337e+02 4.714575340135201914e-80 -4.325106042827699765e-80 1.375425672309810359e-79
2.468663819280587006e+02 4.463338374644183498e-81 -4.094623668651414722e-81 1.302130041793978265e-80
2.466208487910644749e+02 4.140129185104164638e-82 -3.798114668810783726e-82 1.207837303901911300e-81
2.463758035829615665e+02 3.762745281965369406e-83 -3.451906308105132349e-83 1.097739687203587043e-82
2.461312448507588329e+02 3.350677229925452193e-84 -3.073879043006195414e-84 9.775233502857099799e-84
2.458871711472288837e+02 2.923460404725304090e-85 -2.681954439205533185e-85 8.528875248656140794e-85
2.456435810308787779e+02 2.499186609268777691e-86 -2.292729742567258943e-86 7.291102961104813967e-86
2.454004730659224265e+02 2.093326646099953969e-87 -1.920397718450581008e-87 6.107051010650488946e-87
2.451578458222516588e+02 1.717956509497248090e-88 -1.576036767784156562e-88 5.011949786778653022e-88
2.449156978754086538e+02 1.381415028406164673e-89 -1.267296851987723869e-89 4.030126908800053215e-89
2.446740278065579162e+02 1.088361159647968491e-90 -9.984520532102222640e-91 3.175174372506159246e-90
2.444328342024584799e+02 8.401536922827452640e-92 -7.707489114580220807e-92 2.451056296023512745e-91
2.441921156554366235e+02 6.354498672397941551e-93 -5.829555924826904382e-93 1.853855326962278748e-92
2.439518707633579879e+02 4.709130150034529421e-94 -4.320110677835101654e-94 1.373837097790416050e-93
2.437120981296010314e+02 3.419297912375830635e-95 -3.136830996664155468e-95 9.975426821415816738e-95
2.434727963630293459e+02 2.432596267234139066e-96 -2.231640403666268659e-96 7.096832938134546790e-96
2.432339640779651120e+02 1.695664695949900080e-97 -1.555586472577650396e-97 4.946915864477450555e-97
2.429955998941622681e+02 1.158101882759104028e-98 -1.062431521390815388e-98 3.378635286909023444e-98
2.427577024367797662e+02 7.749798388500644903e-100 -7.109590455677917643e-100 2.260918723267920847e-99
2.425202703363555372e+02 5.081253809767101180e-101 -4.661493341865711552e-101 1.482400096139991328e-100
2.422833022287796609e+02 3.264286132035276090e-102 -2.994624681250575438e-102 9.523196945321128015e-102
2.420467967552687867e+02 2.054671508255814443e-103 -1.884935867018755620e-103 5.994278883530384257e-103
2.418107525623396725e+02 1.267165746453220827e-104 -1.162485660286822951e-104 3.696817153193264295e-104
2.415751683017838332e+02 7.657046738970411084e-106 -7.024500985063109964e-106 2.233859446300393407e-105
2.413400426306414772e+02 4.533420651790726865e-107 -4.158916475216938488e-107 1.322575777879839222e-106
2.411053742111762404e+02 2.629829463111952725e-108 -2.412580239344620963e-108 7.672239165568526792e-108
2.408711617108496910e+02 1.494741188431479273e-109 -1.371261180516619791e-109 4.360743557379578810e-109
2.406374038022960917e+02 8.324176200407260477e-111 -7.636519132370205510e-111 2.428487153318472794e-110
2.404040991632975590e+02 4.542065307328610711e-112 -4.166846999009110216e-112 1.325097761366633071e-111
2.401712464767586823e+02 2.428299953523801340e-113 -2.227699006817134438e-113 7.084298913864736541e-113
2.399388444306823089e+02 1.272003001308882606e-114 -1.166923311336487066e-114 3.710929313954252279e-114
2.397068917181442771e+02 6.528460605985930666e-116 -5.989146928448918699e-116 1.904606814042078003e-115
2.394753870372695133e+02 3.282995496259977306e-117 -3.011788471926828179e-117 9.577779464446782087e-117
2.392443290912073053e+02 1.617583220927016505e-118 -1.483955278866602757e-118 4.719121720720636208e-118
2.390137165881071439e+02 7.809079192935444620e-120 -7.163974095133632277e-120 2.278213248100452152e-119
2.387835482410947350e+02 3.693770156457329989e-121 -3.388629191797286500e-121 1.077616950471194562e-120
2.385538227682479544e+02 1.711893553339243129e-122 -1.570474670156161659e-122 4.994261776834647648e-122
2.383245388925732584e+02 7.773569613972482899e-124 -7.131397949145741074e-124 2.267853717709070855e-123
2.380956953419816671e+02 3.458605876695279193e-125 -3.172891744821425463e-125 1.009010349821198437e-124
2.378672908492656290e+02 1.507712395450857500e-126 -1.383160840998181315e-126 4.398585631899895986e-126
2.376393241520753463e+02 6.439805978274608997e-128 -5.907816026220087467e-128 1.878742798276930341e-127
2.374117939928956389e+02 2.695031885570906043e-129 -2.472396314184604962e-129 7.862460085326417367e-129
2.371846991190227811e+02 1.105075320519363990e-130 -1.013785463532535050e-130 3.223936104571263030e-130
2.369580382825415654e+02 4.439731430914766321e-132 -4.072966885673010972e-132 1.295242974750254299e-131
2.367318102403024511e+02 1.747665714137119860e-133 -1.603291706192233420e-133 5.098623134466473335e-133
2.365060137538986567e+02 6.740573992778490739e-135 -6.183737708061843206e-135 1.966488569361882591e-134
2.362806475896439053e+02 2.547253935096003071e-136 -2.336826244669631222e-136 7.431334114861636600e-136
2.360557105185495175e+02 9.431579950374842821e-138 -8.652440674669169667e-138 2.751560057541885292e-137
2.358312013163025540e+02 3.421633636336075684e-139 -3.138973767345691400e-139 9.982241040017843513e-139
2.356071187632431361e+02 1.216240356921057684e-140 -1.115767198048275230e-140 3.548247911890390365e-140
2.353834616443427592e+02 4.235865489762465164e-142 -3.885942233314994486e-142 1.235767321283992481e-141
2.351602287491820107e+02 1.445445623690303916e-143 -1.326037903855484459e-143 4.216929151236092745e-143
2.349374188719289407e+02 4.832793113061801838e-145 -4.433557889954027288e-145 1.409914411607763239e-144
2.347150308113173764e+02 1.583184380095222818e-146 -1.452398113350296749e-146 4.618766873540742164e-146
2.344930633706249807e+02 5.081613571670215252e-148 -4.661823383973155160e-148 1.482505052731358497e-147
2.342715153576523903e+02 1.598117191906064471e-149 -1.466097331188563900e-149 4.662331715000692842e-149
2.340503855847011891e+02 4.924390196002884945e-151 -4.517588172291720248e-151 1.436636856429749082e-150
2.338296728685533026e+02 1.486733542726568206e-152 -1.363915043414458594e-152 4.337382128867595005e-152
2.336093760304494822e+02 4.397953861732614600e-154 -4.034640545782701187e-154 1.283054826924793039e-153
2.333894938960684442e+02 1.274691369498469879e-155 -1.169389594440123093e-155 3.718772333437063058e-155
2.331700252955060364e+02 3.619897464560984950e-157 -3.320859095255973264e-157 1.056065402437794381e-156
2.329509690632544903e+02 1.007219998437719559e-158 -9.240139180049630286e-159 2.938453914880402146e-158
2.327323240381817868e+02 2.745928713977046084e-160 -2.519050782261452049e-160 8.010908210215544848e-160
2.325140890635109372e+02 7.334846408371862618e-162 -6.458413137279338731e-162 2.112810595402306298e-161
2.322962629868000590e+02 1.919683522315810802e-163 1.919683522315810802e-163 1.919683522315810802e-163
2.320788446599215433e+02 4.922719582993074509e-165 4.922719582993074509e-165 4.922719582993074509e-165
2.318618329390422730e+02 1.236851058238116978e-166 1.236851058238116978e-166 1.236851058238116978e-166
2.316452266846033865e+02 3.044854607990294989e-168 3.044854607990294989e-168 3.044854607990294989e-168
2.314290247613002691e+02 7.344336416910677088e-170 7.344336416910677088e-170 7.344336416910677088e-170
2.312132260380630839e+02 1.735702989929179841e-171 1.735702989929179841e-171 1.735702989929179841e-171
2.309978293880364504e+02 4.019158268479160027e-173 4.019158268479160027e-173 4.019158268479160027e-173
2.307828336885604585e+02 9.118673221443113766e-175 9.118673221443113766e-175 9.118673221443113766e-175
2.305682378211505750e+02 2.027052719528728299e-176 2.027052719528728299e-176 2.027052719528728299e-176
2.303540406714788560e+02 4.415046507121871582e-178 4.415046507121871582e-178 4.415046507121871582e-178
2.301402411293541093e+02 9.421984137674857809e-180 9.421984137674857809e-180 9.421984137674857809e-180
2.299268380887030219e+02 1.970091068450491830e-181 1.970091068450491830e-181 1.970091068450491830e-181
2.297138304475510324e+02 4.036147999381222856e-183 4.036147999381222856e-183 4.036147999381222856e-183
2.295012171080032601e+02 8.101859560372104779e-185 8.101859560372104779e-185 8.101859560372104779e-185
2.292889969762259170e+02 1.593452735260290961e-186 1.593452735260290961e-186 1.593452735260290961e-186
2.290771689624270948e+02 3.070651352378417579e-188 3.070651352378417579e-188 3.070651352378417579e-188
2.288657319808386603e+02 5.797739239354131774e-190 5.797739239354131774e-190 5.797739239354131774e-190
2.286546849496970708e+02 1.072565184692450941e-191 1.072565184692450941e-191 1.072565184692450941e-191
2.284440267912255820e+02 1.944131156239762296e-193 1.944131156239762296e-193 1.944131156239762296e-193
2.282337564316154612e+02 3.452743147836532509e-195 3.452743147836532509e-195 3.452743147836532509e-195
2.280238728010078830e+02 6.008137056972455741e-197 6.008137056972455741e-197 6.008137056972455741e-197
