1024
502
483
671
135
1070
228
109
854
1049
871
305
389
579
123
1068
191
789
363
764
708
32
557
350
718
927
297
692
1144
1113
791
1123
116
272
361
1115
1056
661
541
702
723
19
592
520
369
989
373
515
114
1098
68
106
614
335
441
279
795
629
620
1135
356
749
985
1091
386
1157
247
193
260
23
214
497
1030
122
768
321
1101
16
823
101
1199
821
139
420
569
612
118
563
581
726
1035
932
681
461
383
514
69
368
798
239
1129
1042
667
304
217
168
984
886
280
739
901
325
588
1072
951
980
1012
283
1047
621
1017
226
582
619
1041
1108
166
604
598
504
677
71
578
1161
590
666
624
777
1160
481
1034
786
537
602
616
270
1182
4
61
586
1052
1125
1096
631
318
331
57
336
344
668
460
780
1179
197
746
142
424
862
617
521
716
346
931
1158
712
622
44
111
306
6
610
435
158
845
1001
379
332
1074
107
957
163
607
355
1036
1055
1142
918
940
1073
131
1116
575
935
281
1033
317
613
473
1029
1038
171
815
542
451
476
1019
232
1043
406
463
867
771
861
1171
987
367
323
27
680
656
1183
208
1095
794
1016
320
593
1140
959
884
1039
748
623
568
872
696
865
706
721
875
802
410
1165
143
113
1089
147
860
1025
527
760
149
134
691
900
1192
1139
937
495
299
88
9
738
703
551
487
415
444
1011
922
525
1109
411
850
265
883
572
841
206
756
653
998
876
176
808
245
248
259
663
863
