1.457564061100000072e+04 2.534679235278073702e-180 2.534679235278073702e-180 2.534679235278073702e-180
1.461596831099999872e+04 1.486353017114254204e-178 1.486353017114254204e-178 1.486353017114254204e-178
1.465629601100000036e+04 8.539998184730420999e-177 8.539998184730420999e-177 8.539998184730420999e-177
1.469662371100000018e+04 4.807623341208817488e-175 4.807623341208817488e-175 4.807623341208817488e-175
1.473695141100000001e+04 2.651794948579308576e-173 2.651794948579308576e-173 2.651794948579308576e-173
1.477727911099999983e+04 1.433132319766500541e-171 1.433132319766500541e-171 1.433132319766500541e-171
1.481760681099999965e+04 7.588736771445591058e-170 7.588736771445591058e-170 7.588736771445591058e-170
1.485793451099999947e+04 3.937218659840584023e-168 3.937218659840584023e-168 3.937218659840584023e-168
1.489826221100000112e+04 2.001457755311454120e-166 2.001457755311454120e-166 2.001457755311454120e-166
1.493858991099999912e+04 9.968737689002705361e-165 9.968737689002705361e-165 9.968737689002705361e-165
1.497891761100000076e+04 4.864864586751054020e-163 4.864864586751054020e-163 4.864864586751054020e-163
1.501924531100000058e+04 2.326152543544511732e-161 2.326152543544511732e-161 2.326152543544511732e-161
1.505957301100000041e+04 1.089789134988697544e-159 1.089789134988697544e-159 1.089789134988697544e-159
1.509990071100000023e+04 5.002459755863157348e-158 5.002459755863157348e-158 5.002459755863157348e-158
1.514022841100000005e+04 2.249891528795505655e-156 2.249891528795505655e-156 2.249891528795505655e-156
1.518055611099999987e+04 9.914627563686546184e-155 9.914627563686546184e-155 9.914627563686546184e-155
1.522088381100000151e+04 4.280830936580805862e-153 4.280830936580805862e-153 4.280830936580805862e-153
1.526121151099999952e+04 1.810992265426348444e-151 1.810992265426348444e-151 1.810992265426348444e-151
1.530153921100000116e+04 7.506577310298587738e-150 7.506577310298587738e-150 7.506577310298587738e-150
1.534186691099999916e+04 3.048626183776587990e-148 3.048626183776587990e-148 3.048626183776587990e-148
1.538219461100000080e+04 1.213118529274740178e-146 1.213118529274740178e-146 1.213118529274740178e-146
1.542252231100000063e+04 4.729760439230099557e-145 4.729760439230099557e-145 4.729760439230099557e-145
1.546285001100000045e+04 1.806807563632570518e-143 1.806807563632570518e-143 1.806807563632570518e-143
1.550317771100000027e+04 6.762721498618513233e-142 -4.645082930921462446e-142 1.817052592815848745e-141
1.554350541100000191e+04 2.480092921766999054e-140 -2.437186890640365781e-140 7.397372734174364821e-140
1.558383311099999992e+04 8.911509005206407850e-139 -8.756075593928046681e-139 2.657909360434086387e-138
1.562416081099999974e+04 3.137410856565584862e-137 -3.082689223702759777e-137 9.357510936833929502e-137
1.566448851099999956e+04 1.082251975115416830e-135 -1.063375711285729855e-135 3.227879661516563362e-135
1.570481621100000120e+04 3.657819126063571773e-134 -3.594020712706470951e-134 1.090965896483361499e-133
1.574514391100000103e+04 1.211303335427378755e-132 -1.190176202501697223e-132 3.612782873356454577e-132
1.578547161099999903e+04 3.930252449651172000e-131 -3.861702348692383130e-131 1.172220724799472713e-130
1.582579931100000067e+04 1.249467109293498062e-129 -1.227674337052019115e-129 3.726608555639015400e-129
1.586612701099999867e+04 3.891939288146556141e-128 -3.824057432070885901e-128 1.160793600836399818e-127
1.590645471100000032e+04 1.187802220490823605e-126 -1.167084985866110895e-126 3.542689426847758269e-126
1.594678241100000014e+04 3.551886307848266450e-125 -3.489935537988988526e-125 1.059370815368552143e-124
1.598711011099999996e+04 1.040664707808169266e-123 -1.022513794680209466e-123 3.103843210296547829e-123
1.602743781099999978e+04 2.987441738352949188e-122 -2.935335815032221505e-122 8.910219291738120419e-122
1.606776551100000142e+04 8.402817078751560672e-121 -8.256258055771156503e-121 2.506189221327427785e-120
1.610809321099999943e+04 2.315726267427678989e-119 -2.275336172526939758e-119 6.906788707382298561e-119
1.614842091099999925e+04 6.252970526780939902e-118 -6.143908382199933678e-118 1.864984943576181348e-117
1.618874861100000089e+04 1.654330926740011561e-116 -1.625476660124793863e-116 4.934138513604816986e-116
1.622907631100000071e+04 4.288399562743792557e-115 -4.213602783976070383e-115 1.279040190946365369e-114
1.626940401100000054e+04 1.089193258725392794e-113 -1.070195927432855776e-113 3.248582444883641220e-113
1.630973171099999854e+04 2.710512994638607102e-112 -2.663237166479211878e-112 8.084263155756425620e-112
1.635005941100000200e+04 6.608986883990555284e-111 -6.493715225506165404e-111 1.971168899348727449e-110
1.639038711100000000e+04 1.578901849902989502e-109 -1.551363191101415995e-109 4.709166890907394527e-109
1.643071481100000165e+04 3.695832025797476682e-108 -3.631370604618800548e-108 1.102303465621375240e-107
1.647104251099999965e+04 8.476296944954667159e-107 -8.328456311616893939e-107 2.528105020152623068e-106
1.651137021100000129e+04 1.904745464818148113e-105 -1.871523554626135421e-105 5.681014484262431648e-105
1.655169791099999929e+04 4.193769733085513186e-104 -4.120623455006881571e-104 1.250816292117790732e-103
1.659202561100000094e+04 9.047093134580056243e-103 -8.889296871946660611e-103 2.698348314110677607e-102
1.663235331099999894e+04 1.912275181576865315e-101 -1.878921940674984707e-101 5.703472303828715654e-101
1.667268101099999694e+04 3.960304354840570013e-100 -3.891230098967569601e-100 1.181183880864871064e-99
1.671300871100000222e+04 8.036067673707207758e-99 -7.895905366729785321e-99 2.396804071414419921e-98
1.675333641100000023e+04 1.597700807737490300e-97 -1.569834264029192178e-97 4.765235879504172518e-97
1.679366411099999823e+04 3.112319483133048467e-96 -3.058035485471528676e-96 9.282674451737626857e-96
1.683399181100000351e+04 5.940318559991980268e-95 -5.836709582646566714e-95 1.771734670263052725e-94
1.687431951100000151e+04 1.110892786441506279e-93 -1.091516979507680646e-93 3.313302552390693417e-93
1.691464721099999952e+04 2.035501399405125617e-92 -1.999998889523113447e-92 6.071001688333365363e-92
1.695497491100000116e+04 3.654327879180996507e-91 -3.590590358941014676e-91 1.089924611730300823e-90
1.699530261099999916e+04 6.428068030538628849e-90 -6.315951895985994288e-90 1.917208795706325286e-89
1.703563031100000080e+04 1.107873731189433494e-88 -1.088550581570632725e-88 3.304298043949499713e-88
1.707595801100000244e+04 1.870841145315854733e-87 -1.838210582512177371e-87 5.579892873143886837e-87
1.711628571100000045e+04 3.095425870069966146e-86 -3.041436524950536430e-86 9.232288265090469436e-86
1.715661341099999845e+04 5.018116623805184232e-85 -4.930592372982702292e-85 1.496682562059307247e-84
1.719694111100000009e+04 7.970727099764995956e-84 -7.831704440424019736e-84 2.377315863995401256e-83
1.723726881100000173e+04 1.240486313971925728e-82 -1.218850181648231752e-82 3.699822809592082623e-82
1.727759651099999974e+04 1.891571933697235824e-81 -1.858579791666375976e-81 5.641723659060847156e-81
1.731792421099999774e+04 2.826119965509464073e-80 -2.776827760629918298e-80 8.429067691648846819e-80
1.735825191100000302e+04 4.137091937226998947e-79 -4.064934213609772242e-79 1.233911808806376954e-78
1.739857961100000102e+04 5.933850474909417389e-78 -5.830354311646799101e-78 1.769805526146563388e-77
1.743890731099999903e+04 8.339017247429141812e-77 -8.193570998965006499e-77 2.487160549382328706e-76
1.747923501100000067e+04 1.148232917345537871e-75 -1.128205836786317192e-75 3.424671671477392688e-75
1.751956271100000231e+04 1.549108943282056307e-74 -1.522089922023125280e-74 4.620307808587237697e-74
1.755989041100000031e+04 2.047720965116136363e-73 -2.012005325791391587e-73 6.107447256023665254e-73
1.760021811100000195e+04 2.652139962653699475e-72 -2.605882256663779249e-72 7.910162181971179204e-72
1.764054581099999996e+04 3.365572494540878336e-71 -3.306871345600486472e-71 1.003801633468224395e-70
1.768087351099999796e+04 4.184641976278638740e-70 -4.111654901317071025e-70 1.248093885387434786e-69
1.772120121099999960e+04 5.097937560381358745e-69 -5.009021100372063981e-69 1.520489622113478147e-68
1.776152891100000124e+04 6.085097819086991034e-68 -5.978963651965748412e-68 1.814915929013973460e-67
1.780185661099999925e+04 7.116680410581389689e-67 -6.992553737400990586e-67 2.122591455856376733e-66
1.784218431100000089e+04 8.155004594318529166e-66 -8.012767830543222795e-66 2.432277701918028429e-65
1.788251201100000253e+04 9.156042587453552771e-65 -8.996346065870227171e-65 2.730843124077733609e-64
1.792283971100000053e+04 1.007229055458215215e-63 -9.896613153404234130e-64 3.004119426256853304e-63
1.796316741099999854e+04 1.085639244028946572e-62 -1.066703900562942073e-62 3.237982388620835649e-62
1.800349511100000018e+04 1.146514812127279151e-61 -1.126517698081559491e-61 3.419547322336118138e-61
1.804382281100000182e+04 1.186344040866291528e-60 -1.165652239192664616e-60 3.538340320925247673e-60
1.808415051099999982e+04 1.202758635282115432e-59 -1.181780535912149095e-59 3.587297806476380181e-59
1.812447821100000147e+04 1.194766842603561194e-58 -1.173928133277081657e-58 3.563461818484204223e-58
1.816480591099999947e+04 1.162852649239528759e-57 -1.142570576173666193e-57 3.468275874652723428e-57
1.820513361100000111e+04 1.108927258794139524e-56 -1.089585733656102982e-56 3.307440251244381578e-56
1.824546131099999911e+04 1.036139615852813687e-55 -1.018067627511048433e-55 3.090346859216676171e-55
1.828578901100000076e+04 9.485720982533150675e-55 -9.320274321586051321e-55 2.829171628665235122e-54
1.832611671099999876e+04 8.508622588458248028e-54 -8.360218138614190427e-54 2.537746331553068532e-53
1.836644441100000040e+04 7.477992445380586285e-53 -7.347563888887922869e-53 2.230354877964909358e-52
1.840677211100000204e+04 6.439433032933967752e-52 -6.327118669417074932e-52 1.920598473528500821e-51
1.844709981100000005e+04 5.433092354328839077e-51 -5.338330235873619024e-51 1.620451494453129718e-50
1.848742751099999805e+04 4.491417130738162355e-50 -4.413079384980412796e-50 1.339591364645673751e-49
1.852775521100000333e+04 3.637948460891803518e-49 -3.574496619792257639e-49 1.085039354157586392e-48
1.856808291100000133e+04 2.887131335636487679e-48 -2.836774986635924421e-48 8.611037657908900385e-48
1.860841061099999934e+04 2.244984702446318020e-47 -2.205828452587393092e-47 6.695797857480029131e-47
1.864873831100000098e+04 1.710397602031499178e-46 -1.680565435315333683e-46 5.101360639378331846e-46
1.868906601099999898e+04 1.276784551533221692e-45 -1.254515313656902713e-45 3.808084416723345787e-45
1.872939371100000062e+04 9.338454496425811857e-45 -9.175576370829035489e-45 2.785248536368066045e-44
1.876972141099999862e+04 6.692205090151226739e-44 -6.575481933563456117e-44 1.995989211386590959e-43
1.881004911100000027e+04 4.698944594942039523e-43 -4.616987201315582129e-43 1.401487639119966038e-42
1.885037681100000191e+04 3.232721220423459791e-42 -3.176337190994251666e-42 9.641779631841172523e-42
1.889070451099999991e+04 2.179079280097601407e-41 -2.141072512349540953e-41 6.499231072544744022e-41
1.893103221100000155e+04 1.439178477945773591e-40 -1.414076807415033381e-40 4.292433763306579952e-40
1.897135991099999956e+04 9.313075586807359721e-40 -9.150640002015785818e-40 2.777679117563050200e-39
1.901168761099999756e+04 5.904844255827356697e-39 -5.801853891399476672e-39 1.761154240305419072e-38
1.905201531100000284e+04 3.668264258649285497e-38 -3.604283573609897887e-38 1.094081209090846993e-37
1.909234301100000084e+04 2.232798999886319319e-37 -2.193855224192084033e-37 6.659453223964722253e-37
1.913267071099999885e+04 1.331605226957499211e-36 -1.308379778374353632e-36 3.971590232289351720e-36
1.917299841100000413e+04 7.781049913987017785e-36 -7.645335160365812532e-36 2.320743498833984810e-35
1.921332611100000213e+04 4.454897941441217739e-35 -4.377196885176366229e-35 1.328699276805880064e-34
1.925365381100000013e+04 2.499045509094062290e-34 -2.455457833884456650e-34 7.453548852072581657e-34
1.929398151099999814e+04 1.373559316501030347e-33 -1.349602040724058215e-33 4.096720673726118566e-33
1.933430921099999978e+04 7.397032406036898877e-33 -7.268015053892369064e-33 2.206207986596616682e-32
1.937463691099999778e+04 3.903053212733562954e-32 -3.834976933189825323e-32 1.164108335865695014e-31
1.941496461099999942e+04 2.017847180340040248e-31 -1.982652215576457350e-31 6.018346576256537409e-31
1.945529231100000106e+04 1.022136557903070581e-30 -1.004308569770757381e-30 3.048581685576898544e-30
1.949562001099999907e+04 5.073018205049418059e-30 -4.984534912277291198e-30 1.513057132237612732e-29
1.953594771100000071e+04 2.466952404269252918e-29 -2.423923783439199322e-29 7.357828591977705438e-29
1.957627541100000235e+04 1.175417011021998294e-28 -1.154915263636728192e-28 3.505749285680725004e-28
1.961660311100000035e+04 5.487316686519949842e-28 -5.391605710461904235e-28 1.636623908350180571e-27
1.965693081099999836e+04 2.509949202826003737e-27 -2.466169766075690636e-27 7.486068171727697751e-27
1.969725851100000000e+04 1.124881292967314300e-26 -1.105260510193535210e-26 3.355023096128163811e-26
1.973758621100000164e+04 4.939526433060349438e-26 -4.853367473286558561e-26 1.473242033940725801e-25
1.977791391099999964e+04 2.125204823132364738e-25 -2.088134804894260312e-25 6.338544451158990707e-25
1.981824161100000128e+04 8.958867935565773790e-25 -8.802595012546118610e-25 2.672033088367766986e-24
1.985856931100000293e+04 3.700346071322628352e-24 -3.635797937733703585e-24 1.103649008037896176e-23
1.989889701100000093e+04 1.497505488050531825e-23 -1.471382478797429018e-23 4.466393454898492960e-23
1.993922471099999893e+04 5.937879497263973942e-23 -5.834293044602207592e-23 1.771005203913015430e-22
1.997955241100000057e+04 2.306913029542682853e-22 -2.266666928862161377e-22 6.880492987947527083e-22
2.001988011099999858e+04 8.781484892657000969e-22 -8.628274998218232680e-22 2.619124478353223462e-21
2.006020781100000022e+04 3.275228476563249167e-21 -3.218081494091152703e-21 9.768538447217650662e-21
2.010053551100000186e+04 1.196884286012557933e-20 -1.175998782821331482e-20 3.569767354846447498e-20
2.014086321099999986e+04 4.285481932216320804e-20 -4.210691883895020962e-20 1.278165574832766137e-19
2.018119091100000151e+04 1.503433192791005266e-19 -1.477191459442096279e-19 4.484057845024106088e-19
2.022151861100000315e+04 5.167798741726882106e-19 -5.077580509893296177e-19 1.541317799334706039e-18
2.026184631100000115e+04 1.740460122299181886e-18 -1.710068543371849733e-18 5.190988787970213504e-18
2.030217401099999915e+04 5.743275313777144150e-18 -5.642958330234149717e-18 1.712950895778843956e-17
2.034250171100000080e+04 1.856916278823627050e-17 -1.824470046130716475e-17 5.538302603777969960e-17
2.038282941099999880e+04 5.882503744959492390e-17 -5.779671182353219791e-17 1.754467867227220457e-16
2.042315711100000044e+04 1.825868056279997995e-16 -1.793931833796046214e-16 5.445667946356042204e-16
2.046348481099999844e+04 5.552824782680318909e-16 -5.455631700399774545e-16 1.656128126576041236e-15
2.050381251100000009e+04 1.654611690747527721e-15 -1.625624802674302859e-15 4.934848184169358301e-15
2.054414021100000173e+04 4.830765114721847147e-15 -4.746042059167921872e-15 1.440757228861161617e-14
2.058446791099999973e+04 1.381890675364602926e-14 -1.357621247657799488e-14 4.121402598387005656e-14
2.062479561100000137e+04 3.873197620830309570e-14 -3.805057102544387306e-14 1.155145234420500645e-13
2.066512331099999938e+04 1.063663296678515896e-13 -1.044910039339215275e-13 3.172236632696246941e-13
2.070545101099999738e+04 2.862052959997841050e-13 -2.811456531364398044e-13 8.535562451360079639e-13
2.074577871100000266e+04 7.545545971165667069e-13 -7.411703935515073354e-13 2.250279587784640749e-12
2.078610641100000066e+04 1.949143688291926099e-12 -1.914424780712462221e-12 5.812712157296314419e-12
2.082643411099999867e+04 4.933306137259495117e-12 -4.844972034437312960e-12 1.471158430895630158e-11
2.086676181100000395e+04 1.223416560524343494e-11 -1.201367620993998707e-11 3.648200742042685857e-11
2.090708951100000195e+04 2.972720247742124672e-11 -2.918709995679171452e-11 8.864150491163420796e-11
2.094741721099999995e+04 7.077482091649318578e-11 -6.947598382418359815e-11 2.110256256571699697e-10
2.098774491099999796e+04 1.651013562456160428e-10 -1.620336257605111222e-10 4.922363382517432078e-10
2.102807261099999960e+04 3.773742150315459494e-10 -3.702539552756750801e-10 1.125002385338766979e-09
2.106840031100000124e+04 8.451752638714081845e-10 -8.289248295075139066e-10 2.519275357250330069e-09
2.110872801099999924e+04 1.854720118985393391e-09 -1.818224187830986856e-09 5.527664425801773844e-09
2.114905571100000088e+04 3.988156075747746043e-09 -3.907432465203175555e-09 1.188374461669866764e-08
2.118938341100000252e+04 8.403002005446403500e-09 -8.226989365363408055e-09 2.503299337625621506e-08
2.122971111100000053e+04 1.734895678390092272e-08 -1.697023352192534766e-08 5.166814708972719309e-08
2.127003881100000217e+04 3.509933472756380999e-08 -3.429431417969481383e-08 1.044929836348224338e-07
2.131036651100000017e+04 6.958627784654113626e-08 -6.789398462478314252e-08 2.070665403178654283e-07
2.135069421099999818e+04 1.351958255251872566e-07 -1.316738721459974879e-07 4.020655231963720011e-07
2.139102191099999982e+04 2.574172362660090201e-07 -2.501539216492241081e-07 7.649883941812420954e-07
2.143134961100000146e+04 4.803649232813091832e-07 -4.655107138423869018e-07 1.426240560405005162e-06
2.147167731099999946e+04 8.786078752411055179e-07 -8.484684321347582335e-07 2.605684182616969375e-06
2.151200501099999747e+04 1.575242847244768666e-06 -1.514559985850265519e-06 4.665045680339802427e-06
2.155233271100000275e+04 2.768704121377522879e-06 -2.647484232291356080e-06 8.184892475046402262e-06
2.159266041100000075e+04 4.771357158866449892e-06 -4.531223555425492520e-06 1.407393787315839315e-05
2.163298811099999875e+04 8.063393935205337174e-06 -7.592007742640314379e-06 2.371879561305098873e-05
2.167331581100000039e+04 1.336584329297785541e-05 -1.244978190854479700e-05 3.918146849450050782e-05
2.171364351099999840e+04 2.173656678883544954e-05 -1.997617169091114219e-05 6.344930526858202772e-05
2.175397121100000004e+04 3.469295223847890426e-05 -3.135168125068409810e-05 1.007375857276419066e-04
2.179429891100000168e+04 5.436482963102745445e-05 -4.810884405391056010e-05 1.568385033159654487e-04
2.183462661099999968e+04 8.368134270638590748e-05 -7.214057418744818182e-05 2.395032596002199697e-04
2.187495431100000133e+04 1.265968199487493926e-04 -1.056452206202987317e-04 3.588388605177975305e-04
2.191528201100000297e+04 1.883640440610765115e-04 -1.509744543062016618e-04 5.277025424283547390e-04
2.195560971100000097e+04 2.758697196563956035e-04 -2.103519502280245808e-04 7.620913895408157335e-04
2.199593741099999897e+04 3.980570899294230670e-04 -2.854476069743551968e-04 1.081561786833201222e-03
2.203626511099999698e+04 5.664744479108449948e-04 -3.768346918592333059e-04 1.509783587680923458e-03
2.207659281100000226e+04 7.960042172512621231e-04 -4.834384462687993551e-04 2.075446880771323818e-03
2.211692051100000026e+04 1.105841947672738228e-03 -6.022126390016076768e-04 2.813896534347084134e-03
2.215724821099999826e+04 1.520802601859291706e-03 -7.284432450073232996e-04 3.770048448725906495e-03
2.219757591100000354e+04 2.073026115727518662e-03 -8.572112256320923041e-04 5.003263457087129412e-03
2.223790361100000155e+04 2.804128666921381317e-03 -9.864899751401453969e-04 6.594747308982908465e-03
2.227823131099999955e+04 3.767796069534718600e-03 -1.121856220299200825e-03 8.657448359368638893e-03
2.231855901100000119e+04 5.032742144604741147e-03 -1.281695152258144257e-03 1.134717944146762525e-02
2.235888671099999920e+04 6.685866418041863657e-03 -1.500441884722214471e-03 1.487217472080594287e-02
2.239921441099999720e+04 8.835359305589990039e-03 -1.826934729333898723e-03 1.949765334051388119e-02
2.243954211100000248e+04 1.161344299012238325e-02 -2.316340517520328740e-03 2.554322649776509177e-02
2.247986981100000048e+04 1.517842753830545184e-02 -3.016652384578810079e-03 3.337350746118971506e-02
2.252019751099999849e+04 1.971582161225642754e-02 -3.952464534848012384e-03 4.338410775936087094e-02
2.256052521100000013e+04 2.543836398512954247e-02 -5.108800258461935161e-03 5.598552822872102097e-02
2.260085291100000177e+04 3.258500695750226467e-02 -6.417377098889948464e-03 7.158739101389448301e-02
2.264118061099999977e+04 4.141902634002740669e-02 -7.748097527448752873e-03 9.058615020750356017e-02
2.268150831099999778e+04 5.222547307140675693e-02 -8.909822584814989371e-03 1.133607687276284998e-01
2.272183601099999942e+04 6.530803524857439757e-02 -9.665860861352770436e-03 1.402819313585015604e-01
2.276216371100000106e+04 8.098499327885501364e-02 -9.770020117860295228e-03 1.717400066755702948e-01
2.280249141099999906e+04 9.958333903049736147e-02 -9.027131436878946952e-03 2.081938094978736664e-01
2.284281911100000070e+04 1.214294027647877389e-01 -7.375920685827074171e-03 2.502347262154025476e-01
2.288314681100000234e+04 1.468337042733280362e-01 -4.980736632741909579e-03 2.986481451793979724e-01
2.292347451100000035e+04 1.760675108327346416e-01 -2.303761799086065203e-03 3.544387834645553736e-01
2.296380221100000199e+04 2.093290528252882421e-01 -1.190846449334813893e-04 4.187771902955099712e-01
2.300412991099999999e+04 2.466987459938368987e-01 5.622523519887431213e-04 4.928352396356849852e-01
2.304445761099999800e+04 2.880851389966229692e-01 -1.345159583136337463e-03 5.775154375763823511e-01
2.308478531099999964e+04 3.331664180745433357e-01 -6.793621135230075089e-03 6.731264572843168592e-01
2.312511301100000128e+04 3.813356322388042896e-01 -1.641252383001697707e-02 7.790837883076255910e-01
2.316544071099999928e+04 4.316605862813294725e-01 -3.038310041561658598e-02 8.937042729782755934e-01
2.320576841100000092e+04 4.828707221379775483e-01 -4.839124770528685504e-02 1.014132691981242118e+00
2.324609611100000257e+04 5.333825229424176140e-01 -6.964686007630679909e-02 1.136411905961141944e+00
2.328642381100000057e+04 5.813716228133170016e-01 -9.294995227078554911e-02 1.255693197897419733e+00
2.332675151099999857e+04 6.248940077915028368e-01 -1.167858541529117056e-01 1.366573869735917324e+00
2.336707921100000021e+04 6.620511634604951956e-01 -1.394356680860234510e-01 1.463537995007013759e+00
2.340740691099999822e+04 6.911859927059551545e-01 -1.590907032616758199e-01 1.541462688673586268e+00
2.344773461099999986e+04 7.110893101985745757e-01 -1.739611879057978150e-01 1.596139808302946772e+00
2.348806231100000150e+04 7.211921918126918962e-01 -1.823717609890183611e-01 1.624756144614402320e+00
2.352839001100000314e+04 7.217184952763372463e-01 -1.828403948009583169e-01 1.626277385353632754e+00
2.356871771100000115e+04 7.137748809649806514e-01 -1.741443949648438239e-01 1.601694156894804877e+00
2.360904541100000279e+04 6.993622697137118482e-01 -1.553876144006500482e-01 1.554112153828073772e+00
2.364937311100000079e+04 6.813017891258441594e-01 -1.260975128126589906e-01 1.488701091064347226e+00
2.368970081099999879e+04 6.630783371768690371e-01 -8.639869269031069665e-02 1.412555367044048715e+00
2.373002851099999680e+04 6.486142929560609893e-01 -3.732447153671367840e-02 1.334553057448835567e+00
2.377035621100000208e+04 6.419932594760315858e-01 1.869205157904915010e-02 1.265294467373014209e+00
2.381068391100000008e+04 6.471582005182792141e-01 7.726825369866369142e-02 1.217048147337894681e+00
2.385101161100000172e+04 6.676097423118584340e-01 1.320859112690341841e-01 1.203133573354682850e+00
2.389133931100000336e+04 7.061291287325768273e-01 1.767053445923688626e-01 1.235552912872784681e+00
2.393166701100000137e+04 7.645470774035958428e-01 2.082669877703229866e-01 1.320827167036868754e+00
2.397199471099999937e+04 8.435753981663285384e-01 2.296018096731065883e-01 1.457548986659550572e+00
2.401232241100000101e+04 9.427133633493340881e-01 2.469681342810881863e-01 1.638458592417580073e+00
2.405265011099999901e+04 1.060235829479870606e+00 2.663573380089745424e-01 1.854114320950766448e+00
2.409297781099999702e+04 1.193265083085862432e+00 2.916664835593980598e-01 2.094863682612326361e+00
2.413330551100000230e+04 1.337923232604913082e+00 3.246156148588490997e-01 2.351230850350977342e+00
2.417363321100000030e+04 1.489556623442522154e+00 3.652691053751009886e-01 2.613844141509943597e+00
2.421396091100000194e+04 1.643018328357502833e+00 4.125705754112946044e-01 2.873466081303710951e+00
2.425428861099999995e+04 1.792989649925335049e+00 4.647473446224987814e-01 3.121231955228171095e+00
2.429461631100000159e+04 1.934317403806871560e+00 5.195950294827282878e-01 3.349039778131014611e+00
2.433494401099999959e+04 2.062341280442915092e+00 5.746837546535691343e-01 3.549998806232261384e+00
2.437527171099999759e+04 2.173185465099888081e+00 6.275258122940218231e-01 3.718845117905754005e+00
2.441559941099999924e+04 2.263991289255916417e+00 6.757371240225085174e-01 3.852245454489324761e+00
2.445592711100000088e+04 2.333072907187200951e+00 7.172151198993678145e-01 3.948930694475033754e+00
2.449625481099999888e+04 2.379985286148754486e+00 7.503415530389446753e-01 4.009629019258564853e+00
2.453658251100000416e+04 2.405502231279055270e+00 7.741988023182255763e-01 4.036805660239885185e+00
2.457691021100000216e+04 2.411510604668070545e+00 7.887645772658747889e-01 4.034256632070267301e+00
2.461723791100000017e+04 2.400834237601477739e+00 7.950301342789015679e-01 4.006638340924054020e+00
2.465756561100000181e+04 2.377006405135552392e+00 7.949825099088109193e-01 3.959030300362293975e+00
2.469789331099999981e+04 2.344012631042010408e+00 7.914111184112764263e-01 3.896614143672743946e+00
2.473822101099999782e+04 2.306025926887798949e+00 7.875422658914281726e-01 3.824509587884169726e+00
2.477854871099999946e+04 2.267154612792729118e+00 7.865569709687565414e-01 3.747752254616701251e+00
2.481887641100000110e+04 2.231219148716681477e+00 7.910866665501516959e-01 3.671351630883211037e+00
2.485920411100000274e+04 2.201569588644609610e+00 8.027933676427302379e-01 3.600345809646488870e+00
2.489953181100000074e+04 2.180950048099133731e+00 8.221257237320975797e-01 3.539774372466169439e+00
2.493985951100000239e+04 2.171411593003748752e+00 8.483097617618771125e-01 3.494513424245620392e+00
2.498018721100000039e+04 2.174270767988318642e+00 8.795903991286206924e-01 3.468951136848016148e+00
2.502051491099999839e+04 2.190108015846359280e+00 9.136851825074289168e-01 3.466530849185289753e+00
2.506084261100000003e+04 2.218798774265356766e+00 9.483440926223424272e-01 3.489253455908371659e+00
2.510117031099999804e+04 2.259570152460126380e+00 9.818510849797196238e-01 3.537289219940533247e+00
2.514149801099999968e+04 2.311077629335852812e+00 1.013304480422958731e+00 3.608850778248747115e+00
2.518182571100000132e+04 2.371498748487137931e+00 1.042604994641247007e+00 3.700392502333029299e+00
2.522215341100000296e+04 2.438643633890130502e+00 1.070216367171508809e+00 3.807070900608752861e+00
2.526248111100000096e+04 2.510084460870333878e+00 1.096850262992367320e+00 3.923318658748300436e+00
2.530280881099999897e+04 2.583306909751256430e+00 1.123217754728247364e+00 4.043396064774265497e+00
2.534313651100000061e+04 2.655885391364364967e+00 1.149918782144881524e+00 4.161852000583848188e+00
2.538346421099999861e+04 2.725680124417256600e+00 1.177467444667167129e+00 4.273892804167346071e+00
2.542379191099999662e+04 2.791048167659142987e+00 1.206404428270728912e+00 4.375691907047557727e+00
2.546411961100000190e+04 2.851053094577284952e+00 1.237427354627719245e+00 4.464678834526850437e+00
2.550444731099999990e+04 2.905650560369748447e+00 1.271465262627791137e+00 4.539835858111705313e+00
2.554477501100000154e+04 2.955821367655619536e+00 1.309628674209091459e+00 4.602014061102146947e+00
2.558510271100000318e+04 3.003621692511659447e+00 1.352982313441800866e+00 4.654261071581517584e+00
2.562543041100000119e+04 3.052123468367445636e+00 1.402120981921057608e+00 4.702125954813833886e+00
2.566575811099999919e+04 3.105227373457148499e+00 1.456595335739622854e+00 4.753859411174674143e+00
2.570608581100000083e+04 3.167346146481619940e+00 1.514350344931379544e+00 4.820341948031860113e+00
2.574641351099999883e+04 3.242975473306942025e+00 1.571493869339420923e+00 4.914457077274462016e+00
2.578674121100000048e+04 3.336190593428124629e+00 1.622798824299990006e+00 5.049582362556259696e+00
2.582706891100000212e+04 3.450125301260090538e+00 1.663128832248811362e+00 5.237121770271369492e+00
2.586739661100000376e+04 3.586502107016227736e+00 1.689352401180844732e+00 5.483651812851610963e+00
2.590772431100000176e+04 3.745284452816774579e+00 1.701735429195305960e+00 5.788833476438242087e+00
2.594805201099999977e+04 3.924511935609682478e+00 1.704039326845731894e+00 6.144984544373633284e+00
2.598837971100000141e+04 4.120357478171028376e+00 1.702482200311911997e+00 6.538232756030145865e+00
2.602870741099999941e+04 4.327413809066230854e+00 1.704325173595844456e+00 6.950502444536617475e+00
2.606903511099999741e+04 4.539180297238720740e+00 1.716687589668693947e+00 7.361673004808747756e+00
2.610936281099999906e+04 4.748686597703411394e+00 1.745752219609828515e+00 7.751620975796993385e+00
2.614969051100000070e+04 4.949163591644163418e+00 1.796254190480429891e+00 8.102072992807896057e+00
2.619001821099999870e+04 5.134660606326892918e+00 1.871102135069127259e+00 8.398219077584657910e+00
2.623034591100000398e+04 5.300514303784094494e+00 1.971038439188221192e+00 8.629990168379968907e+00
2.627067361100000198e+04 5.443598929503917105e+00 2.094323789131218749e+00 8.792874069876615906e+00
2.631100131099999999e+04 5.562326080392999472e+00 2.236501726221833408e+00 8.888150434564165536e+00
2.635132901100000163e+04 5.656407855743767144e+00 2.390357550101616102e+00 8.922458161385918629e+00
2.639165671099999963e+04 5.726441380836449824e+00 2.546228105234790373e+00 8.906654656438108830e+00
2.643198441099999764e+04 5.773406367282264640e+00 2.692823970251572163e+00 8.853988764312957116e+00
2.647231211099999928e+04 5.798183602752605026e+00 2.818646979454065171e+00 8.777720226051144436e+00
2.651263981100000092e+04 5.801197515272483507e+00 2.913870800809374551e+00 8.688524229735591575e+00
2.655296751100000256e+04 5.782261011586343535e+00 2.972224307757029393e+00 8.592297715415659454e+00
2.659329521100000056e+04 5.740660610306669298e+00 2.992182282126877535e+00 8.489138938486460617e+00
2.663362291100000220e+04 5.675472558575187065e+00 2.976928091707520707e+00 8.374017025442853424e+00
2.667395061100000021e+04 5.586055554076544638e+00 2.933136822085188111e+00 8.238974286067900721e+00
2.671427831099999821e+04 5.472631591846698562e+00 2.869200589891268915e+00 8.076062593802127765e+00
2.675460601099999985e+04 5.336849451804009270e+00 2.793626490929535855e+00 7.880072412678482685e+00
2.679493371100000149e+04 5.182227807055628688e+00 2.714011098011911205e+00 7.650444516099345726e+00
2.683526141099999950e+04 5.014395178992040236e+00 2.636593691516869065e+00 7.392196666467211408e+00
2.687558911100000478e+04 4.841076907296574028e+00 2.566162288982024808e+00 7.115991525611123691e+00
2.691591681100000278e+04 4.671817847834794257e+00 2.506046272586412993e+00 6.837589423083175966e+00
2.695624451100000078e+04 4.517466303119633153e+00 2.458002548759464556e+00 6.576930057479801306e+00
2.699657221099999879e+04 4.389473752960874720e+00 2.421953799393348206e+00 6.356993706528401233e+00
2.703689991100000043e+04 4.299082826509044608e+00 2.395782249309194256e+00 6.202383403708895848e+00
2.707722761099999843e+04 4.256482077320940860e+00 2.375668073984907203e+00 6.137296080656975406e+00
2.711755531099999644e+04 4.270002421268896065e+00 2.357465836086328537e+00 6.182539006451463592e+00
2.715788301100000172e+04 4.345419999742246020e+00 2.338875733851162320e+00 6.351964265633330164e+00
2.719821071099999972e+04 4.485417400749315497e+00 2.321082187173750810e+00 6.649752614324880184e+00
2.723853841100000136e+04 4.689242375147000708e+00 2.308639748357740107e+00 7.069845001936261752e+00
2.727886611100000300e+04 4.952591612152550837e+00 2.307920331519931256e+00 7.597262892785169086e+00
2.731919381100000101e+04 5.267736333067544408e+00 2.325400860507907730e+00 8.210071805627180197e+00
2.735952151099999901e+04 5.623894859723112205e+00 2.366581114407950270e+00 8.881208605038274584e+00
2.739984921100000065e+04 6.007843160966452878e+00 2.435520954472871313e+00 9.580165367460033110e+00
2.744017691099999865e+04 6.404736729834976217e+00 2.534696152995026264e+00 1.027477730667492573e+01
2.748050461100000030e+04 6.799096591284486735e+00 2.664952803470405751e+00 1.093324037909856905e+01
2.752083231099999830e+04 7.175891147434399819e+00 2.825484436395334864e+00 1.152629785847346611e+01
2.756116001100000358e+04 7.521627681968464429e+00 3.013843695987461047e+00 1.202941166794946959e+01
2.760148771100000158e+04 7.825356903807495712e+00 3.226029285782495926e+00 1.242468452183249461e+01
2.764181541099999959e+04 8.079494471604455441e+00 3.456682583166068135e+00 1.270230636004284541e+01
2.768214311100000123e+04 8.280376789695717221e+00 3.699406732595094560e+00 1.286134684679633899e+01
2.772247081099999923e+04 8.428493812042848532e+00 3.947197537796022004e+00 1.290979008628967506e+01
2.776279851099999723e+04 8.528375886618729140e+00 4.192958696195630885e+00 1.286379307704182828e+01
2.780312621100000251e+04 8.588149607640104932e+00 4.430067713666398177e+00 1.274623150161381169e+01
2.784345391100000052e+04 8.618813165713612889e+00 4.652960473404890607e+00 1.258466585802233695e+01
2.788378161100000216e+04 8.633309264403475680e+00 4.857700580171513849e+00 1.240891794863543751e+01
2.792410931100000380e+04 8.645489520414443518e+00 5.042476626068801870e+00 1.224850241476008428e+01
2.796443701100000180e+04 8.669067104411103841e+00 5.207917226778426389e+00 1.213021698204378218e+01
2.800476471099999981e+04 8.716645531056398610e+00 5.357058596908716552e+00 1.207623246520408244e+01
2.804509241099999781e+04 8.798894310944703534e+00 5.494822897194516997e+00 1.210296572469489007e+01
2.808542011099999945e+04 8.923920933494166263e+00 5.627038612534059681e+00 1.222080325445427285e+01
2.812574781099999745e+04 9.096867402413847614e+00 5.759295747614411098e+00 1.243443905721328413e+01
2.816607551099999910e+04 9.319741078253239053e+00 5.896071770636398313e+00 1.274341038587007802e+01
2.820640321100000074e+04 9.591474915135622226e+00 6.040436801104895004e+00 1.314251302916635211e+01
2.824673091100000238e+04 9.908200682858376851e+00 6.194336959123541320e+00 1.362206440659321238e+01
2.828705861100000038e+04 1.026370882838794607e+01 6.359199695657740570e+00 1.416821796111815068e+01
2.832738631100000202e+04 1.065005861678976906e+01 6.536548411644794498e+00 1.476356882193474362e+01
2.836771401100000003e+04 1.105829136415631986e+01 6.728414849956047661e+00 1.538816787835659206e+01
2.840804171099999803e+04 1.147918865907732844e+01 6.937471113973912473e+00 1.602090620418074707e+01
2.844836941099999967e+04 1.190400865186019175e+01 7.166885586935300978e+00 1.664113171678508607e+01
2.848869711100000131e+04 1.232512983905197501e+01 7.419933178044908040e+00 1.723032650005904287e+01
2.852902481099999932e+04 1.273653623054103967e+01 7.699394764024645177e+00 1.777367769705743328e+01
2.856935251100000096e+04 1.313409206620884007e+01 8.006794536861526979e+00 1.826138959555615315e+01
2.860968021100000260e+04 1.351557794305203508e+01 8.341559009268475933e+00 1.868959687683559423e+01
2.865000791100000060e+04 1.388049046391746622e+01 8.700234340085231111e+00 1.906074658774970132e+01
2.869033561099999861e+04 1.422963937539718060e+01 9.075957920494326814e+00 1.938332083030003616e+01
2.873066331100000025e+04 1.456460360523821684e+01 9.458425451545489082e+00 1.967078175893094283e+01
2.877099101099999825e+04 1.488712500291623542e+01 9.834587110784800856e+00 1.993966289504766820e+01
2.881131871099999989e+04 1.519852218708052760e+01 1.019018222000646468e+01 2.020686215415458875e+01
2.885164641100000154e+04 1.549919599548300475e+01 1.051192560277127619e+01 2.048646638819473154e+01
2.889197411100000318e+04 1.578827533425596741e+01 1.078974613148320927e+01 2.078680453702872555e+01
2.893230181100000118e+04 1.606342336876745946e+01 1.101821018977664046e+01 2.110863654775827669e+01
2.897262951100000282e+04 1.632079616772910668e+01 1.119647067945655827e+01 2.144512165600165332e+01
2.901295721100000083e+04 1.655512592158271801e+01 1.132677231595453371e+01 2.178347952721089698e+01
2.905328491099999883e+04 1.675989322151632877e+01 1.141224810001897794e+01 2.210753834301368315e+01
2.909361261100000047e+04 1.692755843230730761e+01 1.145496662965438972e+01 2.240015023496022906e+01
2.913394031099999847e+04 1.704983767148183915e+01 1.145489956719227997e+01 2.264477577577139655e+01
2.917426801100000012e+04 1.711802781660302131e+01 1.140999052640971279e+01 2.282606510679633161e+01
2.921459571099999812e+04 1.712339941673989330e+01 1.131710277644226537e+01 2.292969605703752478e+01
2.925492341100000340e+04 1.705767954002615383e+01 1.117340099139323684e+01 2.294195808865907082e+01
2.929525111100000140e+04 1.691363491367107486e+01 1.097767762973686168e+01 2.284959219760528626e+01
2.933557881099999940e+04 1.668574038052605246e+01 1.073123867011396193e+01 2.264024209093814122e+01
2.937590651100000105e+04 1.637088462499112751e+01 1.043816482084882935e+01 2.230360442913342212e+01
2.941623421099999905e+04 1.596903354908147499e+01 1.010498146980967249e+01 2.183308562835327749e+01
2.945656191099999705e+04 1.548375164137225646e+01 9.739922435672093926e+00 2.122758084707242077e+01
2.949688961100000233e+04 1.492248109353142915e+01 9.352021446442051911e+00 2.049294074062080639e+01
2.953721731100000034e+04 1.429650063319182607e+01 8.950229157194465657e+00 1.964277210918918826e+01
2.957754501100000198e+04 1.362052860570065249e+01 8.542680886976627974e+00 1.869837632442467523e+01
2.961787271100000362e+04 1.291198984629562041e+01 8.136176646829669679e+00 1.768780304576156936e+01
2.965820041100000162e+04 1.219002184128480160e+01 7.735905206925028033e+00 1.664413847564457427e+01
2.969852811099999963e+04 1.147434033666099573e+01 7.345450257106790559e+00 1.560323041621520090e+01
2.973885581099999763e+04 1.078410795838069980e+01 6.967140929610541100e+00 1.460107498715085761e+01
2.977918351099999927e+04 1.013694630097005600e+01 6.602807899666408353e+00 1.367108470227370276e+01
2.981951121100000091e+04 9.548202934380086049e+00 6.254910153086257196e+00 1.284149571567391668e+01
2.985983891099999892e+04 9.030536068268474992e+00 5.927752994451737756e+00 1.213331914208521134e+01
2.990016661100000420e+04 8.593821383298642758e+00 5.628214174853073182e+00 1.155942859174421145e+01
2.994049431100000220e+04 8.245329565812189898e+00 5.365347998877691538e+00 1.112531113274668826e+01
2.998082201100000020e+04 7.990080161167201211e+00 5.148723561265437176e+00 1.083143676106896436e+01
3.002114971100000184e+04 7.831255172617495930e+00 4.986119232576158744e+00 1.067639111265883223e+01
3.006147741099999985e+04 7.770557653362618389e+00 4.881582247986659517e+00 1.065953305873857815e+01
3.010180511099999785e+04 7.808424954535163387e+00 4.834599308209249990e+00 1.078225060086107590e+01
3.014213281099999949e+04 7.944047812648350693e+00 4.840555652200435155e+00 1.104753997309626712e+01
3.018246051100000113e+04 8.175196779529281699e+00 4.892173755911175093e+00 1.145821980314738653e+01
3.022278821099999914e+04 8.497907056573831497e+00 4.981338431209012541e+00 1.201447568193865045e+01
3.026311591100000078e+04 8.906112363363602569e+00 5.100672204070367144e+00 1.271155252265683799e+01
3.030344361100000242e+04 9.391340545947933549e+00 5.244457908365671273e+00 1.353822318353019583e+01
3.034377131100000042e+04 9.942583545813942436e+00 5.408883415623835234e+00 1.447628367600404964e+01
3.038409901099999843e+04 1.054643104388172681e+01 5.591837213559863962e+00 1.550102487420358877e+01
3.042442671100000007e+04 1.118751348199128337e+01 5.792476634459537976e+00 1.658255032952302699e+01
3.046475441099999807e+04 1.184924303955629554e+01 6.010626717567670418e+00 1.768785936154491623e+01
3.050508211099999971e+04 1.251478046751685547e+01 6.245928390487768489e+00 1.878363254454594156e+01
3.054540981100000135e+04 1.316810319643853866e+01 6.496640594396054347e+00 1.983956579848102209e+01
3.058573751100000300e+04 1.379501732473111630e+01 6.758121187775565808e+00 2.083191346168666414e+01
3.062606521100000100e+04 1.438395175633738887e+01 7.021236545222031999e+00 2.174666696745274663e+01
3.066639291100000264e+04 1.492640067381198854e+01 7.271234980906749357e+00 2.258156636671722595e+01
3.070672061100000064e+04 1.541693785173678499e+01 7.487872412080620599e+00 2.334600329139295027e+01
3.074704831099999865e+04 1.585280328927911953e+01 7.647599865510340322e+00 2.405800671304789873e+01
3.078737601100000029e+04 1.623314406528227138e+01 7.728116503019739625e+00 2.473817162754480137e+01
3.082770371100000193e+04 1.655805960429487911e+01 7.714433440149697674e+00 2.540168576844006409e+01
3.086803141099999993e+04 1.682764081328716443e+01 7.604295016570940646e+00 2.605098661000338822e+01
3.090835911099999794e+04 1.704119276192357191e+01 7.410492687853467153e+00 2.667189283599367400e+01
3.094868681100000322e+04 1.719679046992174420e+01 7.158909729774891595e+00 2.723467121006860125e+01
3.098901451100000122e+04 1.729124527328693617e+01 6.883165130607030058e+00 2.769932541596684672e+01
3.102934221099999922e+04 1.732047139887776765e+01 6.617936748538946645e+00 2.802300604921658689e+01
3.106966991100000087e+04 1.728015898563655028e+01 6.392905927853582249e+00 2.816741204341952098e+01
3.110999761099999887e+04 1.716659991107015415e+01 6.228421763147703238e+00 2.810477805899260062e+01
3.115032531100000051e+04 1.697748945419397515e+01 6.133200096884345420e+00 2.782177881150360221e+01
3.119065301100000215e+04 1.671254382187199639e+01 6.103932925634439677e+00 2.732115471810955398e+01
3.123098071100000016e+04 1.637382468101266042e+01 6.126520057498033189e+00 2.662112930452728676e+01
3.127130841099999816e+04 1.596573289676387475e+01 6.178605199608193210e+00 2.575286059391955362e+01
3.131163611099999980e+04 1.549470657771317050e+01 6.233102390554151384e+00 2.475631076487218962e+01
3.135196381100000144e+04 1.496871612462255818e+01 6.262371067522310319e+00 2.367506118172280694e+01
3.139229151099999945e+04 1.439667934734291244e+01 6.242589729417571398e+00 2.255076896526825081e+01
3.143261921099999745e+04 1.378791869186430574e+01 6.157677284451802180e+00 2.141816009927681108e+01
3.147294691100000273e+04 1.315175404077328736e+01 6.001915396501940947e+00 2.030159268504463554e+01
3.151327461100000073e+04 1.249727836646521695e+01 5.780476655238709682e+00 1.921408007769172599e+01
3.155360231099999874e+04 1.183331255686666772e+01 5.507584469923978432e+00 1.815904064380935523e+01
3.159393001100000038e+04 1.116849217974459307e+01 5.202891910715170098e+00 1.713409244877401960e+01
3.163425771100000202e+04 1.051141152162103687e+01 4.887325971989792350e+00 1.613549707125228139e+01
3.167458541100000002e+04 9.870742721443010126e+00 4.579632828124116095e+00 1.516185261476190504e+01
3.171491311100000166e+04 9.255259112033241919e+00 4.294269086078092101e+00 1.421624913798839174e+01
3.175524081099999967e+04 8.673717192909586871e+00 4.040603819233909100e+00 1.330683056658526375e+01
3.179556851100000131e+04 8.134584309147321335e+00 3.823009482620765898e+00 1.244615913567387722e+01
3.183589621100000295e+04 7.645632305259124628e+00 3.641389193681832559e+00 1.164987541683641759e+01
3.187622391100000095e+04 7.213445523853612151e+00 3.491887439310453534e+00 1.093500360839677121e+01
3.191655161099999896e+04 6.842910672924490179e+00 3.367807237892697092e+00 1.031801410795628371e+01
3.195687931100000060e+04 6.536764278684651153e+00 3.260953662652519291e+00 9.812574894716782126e+00
3.199720701100000224e+04 6.295270232529823318e+00 3.163548557375150505e+00 9.426991907684497463e+00
3.203753471100000024e+04 6.116086141136580778e+00 3.070385078042150440e+00 9.161787204231011117e+00
3.207786241099999825e+04 5.994354637470982183e+00 2.980283782346734966e+00 9.008425492595229400e+00
3.211819011100000353e+04 5.923027269625238844e+00 2.895915574039165552e+00 8.950138965211310804e+00
3.215851781100000153e+04 5.893397638015118289e+00 2.821999861126017972e+00 8.964795414904218163e+00
3.219884551099999953e+04 5.895791267108564604e+00 2.762912762784994758e+00 9.028669771432134894e+00
3.223917321100000117e+04 5.920336560236412637e+00 2.720856453827210863e+00 9.119816666645613523e+00
3.227950091100000282e+04 5.957727829738709069e+00 2.695114862732891137e+00 9.220340796744526557e+00
3.231982861100000082e+04 5.999890280149181798e+00 2.682319190219855098e+00 9.317461370078508054e+00
3.236015631100000246e+04 6.040468565036484883e+00 2.677396418774230291e+00 9.403540711298738586e+00
3.240048401100000046e+04 6.075083682015337772e+00 2.674844460807058066e+00 9.475322903223617033e+00
3.244081171099999847e+04 6.101334194878893946e+00 2.669993498873882487e+00 9.532674890883907182e+00
3.248113941100000375e+04 6.118552492840041879e+00 2.659929818000764890e+00 9.577175167679317980e+00
3.252146711099999811e+04 6.127359996250122620e+00 2.643823781847514987e+00 9.610896210652731142e+00
3.256179481100000339e+04 6.129092281453905500e+00 2.622565407791498604e+00 9.635619155116312839e+00
3.260212251099999412e+04 6.125182465514016350e+00 2.597846433714444903e+00 9.652518497313586465e+00
3.264245021100000304e+04 6.116596720994845526e+00 2.571039772973003235e+00 9.662153669016687374e+00
3.268277791100000104e+04 6.103408833503934261e+00 2.542310807761097191e+00 9.664506859246770887e+00
3.272310561099999904e+04 6.084582013278026835e+00 2.510308182184048942e+00 9.658855844372004285e+00
3.276343331100000069e+04 6.057997698962672928e+00 2.472560311622236551e+00 9.643435086303108861e+00
3.280376101099999505e+04 6.020735909301137667e+00 2.426431375003823110e+00 9.615040443598452669e+00
3.284408871100000397e+04 5.969573840335654857e+00 2.370268231892871391e+00 9.568879448778437435e+00
3.288441641099999833e+04 5.901633690787481790e+00 2.304287363375662423e+00 9.498980018199301156e+00
3.292474411099999998e+04 5.815082356734099456e+00 2.230842410689841682e+00 9.399322302778356786e+00
3.296507181100000162e+04 5.709769665951166751e+00 2.153923008494173619e+00 9.265616323408160326e+00
3.300539951100000326e+04 5.587692096852692636e+00 2.077954383385070436e+00 9.097429810320313948e+00
3.304572721099999762e+04 5.453187220561394710e+00 2.006121028098053927e+00 8.900253413024735494e+00
3.308605491099999927e+04 5.312799290817517672e+00 1.938553125083100737e+00 8.687045456551933498e+00
3.312638261100000818e+04 5.174804132756483099e+00 1.870893798574141842e+00 8.478714466938825467e+00
3.316671031099999527e+04 5.048434538003764516e+00 1.794065994274826714e+00 8.302803081732703205e+00
3.320703801100000419e+04 4.942896806313615166e+00 1.696249205454038789e+00 8.189544407173192653e+00
3.324736571099999856e+04 4.866305880409830031e+00 1.567435976081809290e+00 8.165175784737851217e+00
3.328769341100000020e+04 4.824683562521016711e+00 1.404934924599769985e+00 8.244432200442263436e+00
3.332802111100000184e+04 4.821157964643782989e+00 1.216336019665245072e+00 8.425979909622320463e+00
3.336834881100000348e+04 4.855473494544018109e+00 1.017676876205754422e+00 8.693270112882281353e+00
3.340867651099999784e+04 4.923874610346135050e+00 8.281957332870505395e-01 9.019553487405220338e+00
3.344900421099999949e+04 5.019371918102386587e+00 6.648802990800529722e-01 9.373863537124719869e+00
3.348933191100000840e+04 5.132346005300369107e+00 5.388373641990542584e-01 9.725854646401685955e+00
3.352965961099999549e+04 5.251401967019321049e+00 4.537695463768864901e-01 1.004903438766175583e+01
3.356998731100000441e+04 5.364362362951031749e+00 4.061038754147272001e-01 1.032262085048733624e+01
3.361031501099999878e+04 5.459280773967069678e+00 3.863099288595097103e-01 1.053225161907462848e+01
3.365064271100000042e+04 5.525370408733827787e+00 3.810835650991820645e-01 1.066965725236847362e+01
3.369097041100000206e+04 5.553767195729168549e+00 3.760942772770818343e-01 1.073144011418125565e+01
3.373129811100000370e+04 5.538077633733076155e+00 3.588830098736106589e-01 1.071727225759254054e+01
3.377162581099999807e+04 5.474691726271984749e+00 3.213502416957560448e-01 1.062803321084821384e+01
3.381195351099999971e+04 5.362865784053674645e+00 2.612402656312912685e-01 1.046449130247605730e+01
3.385228121100000135e+04 5.204596644489355661e+00 1.822238866847803174e-01 1.022696940229393192e+01
3.389260891099999571e+04 5.004318489522106894e+00 9.258431615052352404e-02 9.916052662893688918e+00
3.393293661100000463e+04 4.768458299299419778e+00 2.935659255176676415e-03 9.533980939343662087e+00
3.397326431099999900e+04 4.504888901082232167e+00 -7.636033734822610108e-02 9.086138139512691225e+00
3.401359201100000064e+04 4.222321610183391805e+00 -1.374395638623236993e-01 8.582082784229106309e+00
3.405391971100000228e+04 3.929684070499597226e+00 -1.764049322627601890e-01 8.035773073261953670e+00
3.409424741099999665e+04 3.635531869173147079e+00 -1.938200314344137865e-01 7.464883769780708889e+00
3.413457511100000556e+04 3.347542543603064580e+00 -1.942133111717866401e-01 6.889298398377915689e+00
3.417490281099999993e+04 3.072135418797065309e+00 -1.847059390904786103e-01 6.328976776684609895e+00
3.421523051100000157e+04 2.814249053242771748e+00 -1.729961310804801200e-01 5.801494237566023671e+00
3.425555821099999594e+04 2.577290420280087258e+00 -1.651093976495702775e-01 5.319690238209744848e+00
3.429588591100000485e+04 2.363248629934447731e+00 -1.635477530121821066e-01 4.890045012881078179e+00
3.433621361099999922e+04 2.172944617014652469e+00 -1.665611005722778259e-01 4.512450334601582291e+00
3.437654131100000086e+04 2.006370725496680940e+00 -1.689530470981057686e-01 4.181694498091467871e+00
3.441686901100000250e+04 1.863063717609038772e+00 -1.641415393004377887e-01 3.890268974518515499e+00
3.445719671099999687e+04 1.742453108388336558e+00 -1.466277525902060230e-01 3.631533969366878889e+00
3.449752441100000578e+04 1.644133711140372656e+00 -1.140659775167319340e-01 3.402333399797476954e+00
3.453785211100000015e+04 1.568025104580609952e+00 -6.863194982106725350e-02 3.204682158982286921e+00
3.457817981100000179e+04 1.514398654992418214e+00 -1.778052057868924687e-02 3.046577830563525158e+00
3.461850751099999616e+04 1.483771817714710561e+00 2.570930708836268591e-02 2.941834328341058402e+00
3.465883521100000507e+04 1.476687243447469822e+00 4.532015934684638370e-02 2.908054327548093010e+00
3.469916291099999944e+04 1.493409068234687664e+00 2.525768457863868111e-02 2.961560451890736356e+00
3.473949061100000108e+04 1.533579768509825580e+00 -4.340231790311298299e-02 3.110561854922764269e+00
3.477981831100000272e+04 1.595887652368269682e+00 -1.596303289812705251e-01 3.351405633717809973e+00
3.482014601099999709e+04 1.677797039445382943e+00 -3.148587174702167646e-01 3.670452796360982539e+00
3.486047371100000601e+04 1.775389908484303447e+00 -4.974374425863532512e-01 4.048217259554959924e+00
3.490080141099999310e+04 1.883358649920906736e+00 -6.954501286612770894e-01 4.462167428503089894e+00
3.494112911100000201e+04 1.995174248659746574e+00 -8.975805510144030386e-01 4.887929048333895743e+00
3.498145681100000365e+04 2.103433281407250721e+00 -1.093153119124750106e+00 5.300019681939250660e+00
3.502178451099999802e+04 2.200362372899893781e+00 -1.272134065684594750e+00 5.672858811484381647e+00
3.506211221099999966e+04 2.278433447686058599e+00 -1.425346945962849832e+00 5.982213841334966808e+00
3.510243991100000130e+04 2.331021511379075761e+00 -1.544881565600882078e+00 6.206924588359033379e+00
3.514276761100000294e+04 2.353023289560732589e+00 -1.624585502484992450e+00 6.330632081606458073e+00
3.518309531099999731e+04 2.341353462208429104e+00 -1.660519113185772166e+00 6.343226037602630818e+00
3.522342301100000623e+04 2.295247145805665578e+00 -1.651278199870181984e+00 6.241772491481513363e+00
3.526375071099999332e+04 2.216321768293193717e+00 -1.598123747249003967e+00 6.030767283835391623e+00
3.530407841100000223e+04 2.108384941531783241e+00 -1.504896706951187157e+00 5.721666590014754306e+00
3.534440611100000388e+04 1.977011678358278957e+00 -1.377731999269896868e+00 5.331755355986454781e+00
3.538473381099999824e+04 1.828947742936813281e+00 -1.224614709027000981e+00 4.882510194900627098e+00
3.542506151099999988e+04 1.671420012274695610e+00 -1.054838437774764603e+00 4.397678462324156712e+00
3.546538921100000152e+04 1.511445265330807031e+00 -8.784271187720927854e-01 3.901317649433706958e+00
3.550571691100000317e+04 1.355224333208859600e+00 -7.055633469168433036e-01 3.416012013334563058e+00
3.554604461099999753e+04 1.207690516882052201e+00 -5.460230027841200817e-01 2.961404036548224816e+00
3.558637231100000645e+04 1.072253578110140326e+00 -4.085432693176145880e-01 2.553050425537894963e+00
3.562670001099999354e+04 9.507489202033286846e-01 -2.999684909652876597e-01 2.201466331371944918e+00
3.566702771100000245e+04 8.435715703056779757e-01 -2.240375504711960564e-01 1.911180691082552174e+00
3.570735541100000410e+04 7.499511415806475734e-01 -1.800446039529756681e-01 1.679946887114270648e+00
3.574768311099999846e+04 6.683102383115231415e-01 -1.623399317956164267e-01 1.498960408418662515e+00
3.578801081100000010e+04 5.966457822486112006e-01 -1.617665878270438395e-01 1.355058152324266185e+00
3.582833851100000174e+04 5.328794570532078279e-01 -1.686467903826913695e-01 1.234405704489107025e+00
3.586866621100000339e+04 4.751373082787926916e-01 -1.754233757888069012e-01 1.125697992346392340e+00
3.590899391099999775e+04 4.219360803088207379e-01 -1.776681643512771358e-01 1.021540324968918556e+00
3.594932161099999939e+04 3.722716239822084217e-01 -1.737161752639302947e-01 9.182594232283470825e-01
3.598964931100000103e+04 3.256197438316437709e-01 -1.637669583796629025e-01 8.150064460429503610e-01
3.602997701100000268e+04 2.818702407485323413e-01 -1.490195885240341578e-01 7.127600700210988682e-01
3.607030471099999704e+04 2.412198699201079932e-01 -1.310389730935353769e-01 6.134787129337513356e-01
3.611063241099999868e+04 2.040497762765621226e-01 -1.113609418889426328e-01 5.194604944420668780e-01
3.615096011100000760e+04 1.708088059359511024e-01 -9.128822090777910514e-02 4.329058327796812544e-01
3.619128781099999469e+04 1.419174945396232679e-01 -7.183278087095777698e-02 3.556677699502043266e-01
3.623161551100000361e+04 1.177001631325863135e-01 -5.378459964886430494e-02 2.891849259140369388e-01
3.627194321099999797e+04 9.834585080054443484e-02 -3.791886993037574954e-02 2.346105715314646123e-01
3.631227091099999961e+04 8.389379648796399525e-02 -2.535966244270596720e-02 1.931472554186339508e-01
3.635259861100000126e+04 7.423635238417389259e-02 -1.792064704343160689e-02 1.663933518117794164e-01
3.639292631100000290e+04 6.913157535262448583e-02 -1.755790602562206856e-02 1.558210567308710437e-01
3.643325401099999726e+04 6.821891262284625335e-02 -2.439569000177995231e-02 1.608335152474724694e-01
3.647358171099999890e+04 7.103373303459148413e-02 -3.619479049570037410e-02 1.782622565648833146e-01
3.651390941100000782e+04 7.701921921165021112e-02 -5.044494515138002455e-02 2.044833835746804607e-01
3.655423711099999491e+04 8.553663855748790124e-02 -6.558557102498240032e-02 2.366588481399581889e-01
3.659456481100000383e+04 9.587671767941645384e-02 -8.078964416548924110e-02 2.725430795243221627e-01
3.663489251099999819e+04 1.072754488629654862e-01 -9.553690580619586536e-02 3.100878035321268378e-01
3.667522021099999984e+04 1.189371074443731913e-01 -1.093768083324147683e-01 3.472510232211611370e-01
3.671554791100000148e+04 1.300657469799506027e-01 -1.218457088440132868e-01 3.819772028039144507e-01
3.675587561100000312e+04 1.399043484053925368e-01 -1.324655697774466401e-01 4.122742665882317414e-01
3.679620331099999748e+04 1.477786237466332531e-01 -1.407797072202482125e-01 4.363369547135147464e-01
3.683653101099999913e+04 1.531407185829075646e-01 -1.464011637718014847e-01 4.526826009376166415e-01
3.687685871100000804e+04 1.556071327830740869e-01 -1.490593375277448340e-01 4.602736030938930356e-01
3.691718641099999513e+04 1.549853217826357710e-01 -1.486357378883185199e-01 4.586063814535901173e-01
3.695751411100000405e+04 1.512846606888708367e-01 -1.451832581471836636e-01 4.477525795249253093e-01
3.699784181100000569e+04 1.447095334158186863e-01 -1.389264296727950876e-01 4.283454965044324880e-01
3.703816951100000006e+04 1.356348527611145049e-01 -1.302430449285162384e-01 4.015127504507452483e-01
3.707849721100000170e+04 1.245668380981388434e-01 -1.196301460434339714e-01 3.687638222397116583e-01
3.711882491099999606e+04 1.120939047977441705e-01 -1.076593674533517925e-01 3.318471770488400918e-01
3.715915261100000498e+04 9.883369979957069840e-02 -9.492773081398170332e-02 2.925951304131231279e-01
3.719948031099999935e+04 8.538248310689261489e-02 -8.201009738362312340e-02 2.527750635974083671e-01
3.723980801100000099e+04 7.227224690068100033e-02 -6.941864919874414508e-02 2.139631430001061319e-01
3.728013571099999535e+04 5.993940776351199679e-02 -5.757322305270736601e-02 1.774520385797313526e-01
3.732046341100000427e+04 4.870694780885336667e-02 -4.678439606067041900e-02 1.441982916783771662e-01
3.736079111099999864e+04 3.877989705407763193e-02 -3.724928395377891804e-02 1.148090780619341889e-01
3.740111881100000028e+04 3.025237520643221656e-02 -2.905838196758233835e-02 8.956313238044677494e-02
3.744144651100000192e+04 2.312327220804296854e-02 -2.221066854853128228e-02 6.845721296461722283e-02
3.748177421099999628e+04 1.731713463890200908e-02 -1.663368980472359690e-02 5.126795908252761852e-02
3.752210191100000520e+04 1.270690167495982029e-02 -1.220540977003391897e-02 3.761921311995355954e-02
3.756242961099999957e+04 9.135665288410119850e-03 -8.775117697057809724e-03 2.704644827387804942e-02
3.760275731100000121e+04 6.435429732046974577e-03 -6.181450090424457644e-03 1.905230955451840680e-02
3.764308501099999557e+04 4.441726180834567814e-03 -4.266429974465295316e-03 1.314988233613443094e-02
3.768341271100000449e+04 3.003743638624174501e-03 -2.885198638641262980e-03 8.892685915889611548e-03
3.772374041099999886e+04 1.990264498795244526e-03 -1.911717252333993387e-03 5.892246249924482440e-03
3.776406811100000050e+04 1.292098367465066826e-03 -1.241104773032405267e-03 3.825301507962538487e-03
3.780439581100000214e+04 8.218966446665449928e-04 -7.894599057637202710e-04 2.433253195096810474e-03
3.784472351099999651e+04 5.122425904575787651e-04 -4.920265721709469152e-04 1.516511753086104662e-03
3.788505121100000542e+04 3.128030725708762358e-04 -3.004580774321085517e-04 9.260642225738609148e-04
3.792537891099999979e+04 1.871557537099768833e-04 -1.797695193704642853e-04 5.540810267904180790e-04
3.796570661100000143e+04 1.097165652638471277e-04 -1.053865234090621420e-04 3.248196539367564245e-04
3.800603431100000307e+04 6.301995241256999418e-05 -6.053282544111850193e-05 1.865727302662584632e-04
3.804636201100000471e+04 3.546670035965451649e-05 -3.406698196698670965e-05 1.050003826862957562e-04
3.808668971099999908e+04 1.955691499417336549e-05 -1.878508752663420555e-05 5.789891751498092975e-05
3.812701741100000072e+04 1.056614965640967094e-05 -1.014914909594888004e-05 3.128144840876822023e-05
3.816734511100000236e+04 5.593324482189076349e-06 -5.372579980470164944e-06 1.655922894484831764e-05
3.820767281099999673e+04 2.901082763381041899e-06 -2.786589482932416297e-06 8.588755009694500520e-06
3.824800051100000564e+04 1.474304089604231082e-06 -1.416119637352075238e-06 4.364727816560537613e-06
3.828832821099999273e+04 7.340926386368912379e-07 -7.051211541433317464e-07 2.173306431417114328e-06
3.832865591100000165e+04 3.581389163422014047e-07 -3.440047110474873664e-07 1.060282543731890176e-06
3.836898361100000329e+04 1.711941849348945333e-07 -1.644378855088577558e-07 5.068262553786468224e-07
3.840931131099999766e+04 8.017950105493765407e-08 -7.701516041371601438e-08 2.373741625235913225e-07
3.844963901099999930e+04 3.679379102792101306e-08 -3.534169807699237275e-08 1.089292801328343856e-07
3.848996671100000094e+04 1.654331627989892337e-08 -1.589042261812908693e-08 4.897705517792693697e-08
3.853029441100000258e+04 7.287984754231600165e-09 -7.000359288299659475e-09 2.157632879676286146e-08
3.857062211099999695e+04 3.145786073337973851e-09 -3.021635404041471816e-09 9.313207550717418278e-09
3.861094981100000587e+04 1.330416929821631132e-09 -1.277911085994507008e-09 3.938744945637769893e-09
3.865127751099999296e+04 5.512939003003461456e-10 -5.295366971385994502e-10 1.632124497739291741e-09
3.869160521100000187e+04 2.238285386342458660e-10 -2.149949872639101024e-10 6.626520645324018086e-10
3.873193291100000351e+04 8.903988254619365926e-11 -8.552586069143290903e-11 2.636056257838202534e-10
3.877226061099999788e+04 3.470487983169564148e-11 -3.333522723661187574e-11 1.027449869000031587e-10
3.881258831099999952e+04 1.325358472763194821e-11 -1.273052264516996202e-11 3.923769210043385683e-11
3.885291601100000116e+04 4.959215947593832200e-12 -4.763496987460815879e-12 1.468192888264847786e-11
3.889324371100000280e+04 1.818149238429006876e-12 -1.746394694551021103e-12 5.382693171409034249e-12
3.893357141099999717e+04 6.531048127840524948e-13 -6.273295700507789415e-13 1.933539195618884133e-12
3.897389911100000609e+04 2.298651259626272696e-13 -2.207933364096682075e-13 6.805235883349227719e-13
3.901422681100000045e+04 7.926840827332073572e-14 -7.614002455246611311e-14 2.346768410991075341e-13
3.905455451100000209e+04 2.678329687670320843e-14 -2.572627514805987046e-14 7.929286890146627784e-14
3.909488221100000374e+04 8.866756464033440665e-15 -8.516823657470565181e-15 2.625033658553744493e-14
3.913520991099999810e+04 2.876089340622401276e-15 -2.762582443374002633e-15 8.514761124618805185e-15
3.917553761100000702e+04 9.140644363579667542e-16 -8.779902377610362931e-16 2.706119110476969801e-15
3.921586531100000138e+04 2.846348670757659521e-16 -2.734015510051672875e-16 8.426712851566992410e-16
3.925619301100000303e+04 8.684328303864907658e-17 -8.341595153494387752e-17 2.571025176122420060e-16
3.929652071099999739e+04 2.596098790017285610e-17 -2.493641917609617883e-17 7.685839497644188796e-17
3.933684841099999903e+04 7.604016377852633547e-18 -7.303918500681184009e-18 2.251195125638645264e-17
3.937717611100000067e+04 2.182236018860728222e-18 -2.096112533033630934e-18 6.460584570755086992e-18
3.941750381100000232e+04 6.136168023837926103e-19 -5.893999818718786755e-19 1.816633586639463704e-18
3.945783151099999668e+04 1.690556204424098065e-19 -1.623837209753837662e-19 5.004949618602034034e-19
3.949815921099999832e+04 4.563508166132508520e-20 -4.383406093088639004e-20 1.351042242535365845e-19
3.953848691100000724e+04 1.206993405729416132e-20 -1.159358558456549710e-20 3.573345369915381973e-20
3.957881461099999433e+04 3.127863628794791664e-21 -3.004420281432055102e-21 9.260147539021638806e-21
3.961914231100000325e+04 7.941957708016350373e-22 -7.628522737557349156e-22 2.351243815359004990e-21
3.965947001099999761e+04 1.975805442333846156e-22 -1.897828885014074173e-22 5.849439769681766014e-22
3.969979771099999925e+04 4.816123687898487373e-23 -4.626051964862313822e-23 1.425829934065928680e-22
3.974012541100000090e+04 1.150238589952084353e-23 -1.104843611570576278e-23 3.405320791474744544e-23
3.978045311100000254e+04 2.691628282880150730e-24 -2.585401271562889408e-24 7.968657837323190869e-24
3.982078081099999690e+04 6.171334398476224321e-25 -5.927778327543548232e-25 1.827044712449599871e-24
3.986110851099999854e+04 1.386372462705232359e-25 -1.331658294250966087e-25 4.104403219661430804e-25
3.990143621100000746e+04 3.051529794095711029e-26 -2.931099015435014228e-26 9.034158603626436286e-26
3.994176391099999455e+04 6.581003974284558300e-27 -6.321280004187466460e-27 1.948328795275658378e-26
3.998209161100000347e+04 1.390604206712979154e-27 -1.335723029492527116e-27 4.116931442918485244e-27
4.002241931100000511e+04 2.879067001706935983e-28 -2.765442588960661160e-28 8.523576592374534022e-28
4.006274701099999947e+04 5.840322808807269597e-29 -5.609830344058769610e-29 1.729047596167330880e-28
4.010307471100000112e+04 1.160803689977353395e-29 -1.114991752461058704e-29 3.436599132415765494e-29
4.014340241100000276e+04 2.260567892862923795e-30 -2.171352984301448361e-30 6.692488770027296302e-30
4.018373011100000440e+04 4.313334879306640435e-31 -4.143106071728096429e-31 1.276977583034137642e-30
4.022405781099999876e+04 8.063909532939483121e-32 -7.745661647573669846e-32 2.387348071345263499e-31
4.026438551100000768e+04 1.477117229170522235e-32 -1.418821754413449036e-32 4.373056212754493506e-32
4.030471321099999477e+04 2.651069590078499403e-33 -2.546443256219777327e-33 7.848582436376776476e-33
4.034504091100000369e+04 4.661912732205044032e-34 -4.477927053456592105e-34 1.380175251786668017e-33
4.038536861099999805e+04 8.032375418649908111e-35 -7.715372049377622805e-35 2.378012288667744010e-34
4.042569631099999970e+04 1.356003169244816900e-35 -1.302487546407205616e-35 4.014493884896838882e-35
4.046602401100000134e+04 2.242922450506479892e-36 -2.154403931790834126e-36 6.640248832803793576e-36
4.050635171099999570e+04 3.635002038882768634e-37 -3.491544115967163449e-37 1.076154819373270155e-36
4.054667941100000462e+04 5.772074220688817432e-38 -5.544275234675332397e-38 1.708842367605296726e-37
4.058700711099999899e+04 8.980406638737989376e-39 -8.625988547757653262e-39 2.658680182523363201e-38
4.062733481100000063e+04 1.368979500549975436e-39 -1.314951757632048263e-39 4.052910758731999135e-39
4.066766251099999499e+04 2.044724190145485582e-40 -1.964027705765085566e-40 6.053476086056057137e-40
4.070799021100000391e+04 2.992329211619590081e-41 -2.874234825760510998e-41 8.858893248999691159e-41
4.074831791099999828e+04 4.290627943661745465e-42 -4.121295281336672233e-42 1.270255116866016507e-41
4.078864561099999992e+04 6.027943719082286010e-43 -5.790046662590678138e-43 1.784593410075524936e-42
4.082897331100000156e+04 8.297635784365166117e-44 -7.970163727402926743e-44 2.456543529613325898e-43
4.086930101099999592e+04 1.119119323329552075e-44 -1.074952488785262189e-44 3.313191135444365965e-44
4.090962871100000484e+04 1.478887943538735712e-45 -1.420522586288433448e-45 4.378298473365904872e-45
4.094995641099999921e+04 1.914833379734910396e-46 -1.839263127931017629e-46 5.668929887400838421e-46
4.099028411100000085e+04 2.429201597451645690e-47 -2.333331440630312057e-47 7.191734635533603437e-47
4.103061181100000249e+04 3.019485676684145431e-48 -2.900319541750299048e-48 8.939290895118590517e-48
4.107093951100000413e+04 3.677386157007934586e-49 -3.532255514934121320e-49 1.088702782894998897e-48
4.111126721099999850e+04 4.388158918461960140e-50 -4.214977127328965332e-50 1.299129496425288656e-49
4.115159491100000014e+04 5.130530869030068541e-51 -4.928050844520488511e-51 1.518911258258062559e-50
4.119192261100000906e+04 5.877316925079774758e-52 -5.645364461403237518e-52 1.739999831156278703e-51
4.123225031099999615e+04 6.596791567452538116e-53 -6.336444528840036570e-53 1.953002766374511466e-52
4.127257801100000506e+04 7.254763543576990022e-54 -6.968449176192243161e-54 2.147797626334622552e-53
4.131290571099999943e+04 7.817188939272578347e-55 -7.508678056398049642e-55 2.314305593494320778e-54
4.135323341100000107e+04 8.253056211554059426e-56 -7.927343518920067000e-56 2.443345594202818947e-55
4.139356111100000271e+04 8.537207645591935257e-57 -8.200280715913612313e-57 2.527469600709748169e-56
4.143388881099999708e+04 8.652741581801480439e-58 -8.311255023727508840e-58 2.561673818733046972e-57
4.147421651099999872e+04 8.592676658840374392e-59 -8.253560605375637516e-59 2.543891392305638630e-58
4.151454421100000036e+04 8.360650194270859528e-60 -8.030691229113645984e-60 2.475199161765536504e-59
4.155487191100000200e+04 7.970553549744732528e-61 -7.655990024194525200e-61 2.359709712368399026e-60
4.159519961099999637e+04 7.445155313372893434e-62 -7.151327000316822024e-62 2.204163762706260889e-61
4.163552731100000528e+04 6.813902067425536173e-63 -6.544986609583458277e-63 2.017279074443453170e-62
4.167585501099999237e+04 6.110192040028114555e-64 -5.869048995457236583e-64 1.808943307551346569e-63
4.171618271100000129e+04 5.368471848936005953e-65 -5.156601315593534605e-65 1.589354501346554567e-64
4.175651041100000293e+04 4.621504150736907474e-66 -4.439113225197237686e-66 1.368212152667105421e-65
4.179683811099999730e+04 3.898098976297085782e-67 -3.744257746917597205e-67 1.154045569951176943e-66
4.183716581099999894e+04 3.221508072843283464e-68 -3.094368981353818356e-68 9.537385127040385283e-68
4.187749351100000058e+04 2.608569626940310321e-69 -2.505620584145162496e-69 7.722759838025783653e-69
4.191782121100000222e+04 2.069581291377691172e-70 -1.987903803940243434e-70 6.127066386695626100e-70
4.195814891099999659e+04 1.608790131726104376e-71 -1.545298092867308101e-71 4.762878356319517054e-71
4.199847661100000551e+04 1.225330220787335519e-72 -1.176971698156684549e-72 3.627632139731355336e-72
4.203880431099999987e+04 9.144158458046973946e-74 -8.783277785857537446e-74 2.707159470195148377e-73
4.207913201100000151e+04 6.686074155730160371e-75 -6.422203516709841496e-75 1.979435182817016322e-74
4.211945971100000315e+04 4.789999655357929850e-76 -4.600958935717764787e-76 1.418095824643362449e-75
4.215978741099999752e+04 3.362301253947087712e-77 -3.229605660121302025e-77 9.954208168015477832e-77
4.220011511100000644e+04 2.312462028954816072e-78 -2.221199081658954902e-78 6.846123139568586567e-78
4.224044281100000080e+04 1.558294167970899425e-79 -1.496794987987708869e-79 4.613383323929507120e-79
4.228077051100000244e+04 1.028871477006754904e-80 -9.882663374608692631e-81 3.046009291474379072e-80
4.232109821099999681e+04 6.655943967853453798e-82 -6.393262437978915523e-82 1.970515037368582078e-81
4.236142591100000573e+04 4.218859226126395795e-83 -4.052358966930094022e-83 1.249007741918288342e-82
4.240175361100000009e+04 2.620096327778312960e-84 -2.516692375593103180e-84 7.756885031149729556e-84
4.244208131100000173e+04 1.594323068432003706e-85 -1.531401982444403908e-85 4.720048119308411320e-85
4.248240901100000337e+04 9.505440525614169586e-87 -9.130301601449802145e-87 2.814118265267814310e-86
4.252273671099999774e+04 5.552710290995634462e-88 -5.333568657407125653e-88 1.643898923939839458e-87
4.256306441100000666e+04 3.178151739095992479e-89 -3.052723735941071495e-89 9.409027214133055757e-89
4.260339211099999375e+04 1.782301158158754937e-90 -1.711961384088630812e-90 5.276563700406140686e-90
4.264371981100000266e+04 9.793194892488166427e-92 -9.406699538990286416e-92 2.899308932396661518e-91
4.268404751099999703e+04 5.272353885236757174e-93 -5.064276715221162808e-93 1.560898448569467801e-92
4.272437521099999867e+04 2.781131701491383850e-94 -2.671372374541154708e-94 8.233635777523922940e-94
4.276470291100000031e+04 1.437392602837446205e-95 -1.380664888516655380e-95 4.255450094191548122e-95
4.280503061100000195e+04 7.278905865068499299e-97 -6.991638703913929616e-97 2.154945043405092717e-96
4.284535831099999632e+04 3.611550130533338921e-98 -3.469017753745245013e-98 1.069211801481192221e-97
4.288568601099999796e+04 1.755731251257676253e-99 -1.686440077330083532e-99 5.197902579845436444e-99
4.292601371100000688e+04 8.362945733910316087e-101 -8.032896173660004504e-101 2.475878764148063921e-100
4.296634141099999397e+04 3.902989341388196953e-102 -3.748955110296160455e-102 1.155493379307255436e-101
4.300666911100000289e+04 1.784729076465620355e-103 -1.714293482884684598e-103 5.283751635815925308e-103
4.304699681100000453e+04 7.996207958007692408e-105 -7.680631963115229977e-105 2.367304787913061634e-104
4.308732451099999889e+04 3.510206845307473328e-106 -3.371674052850921972e-106 1.039208774346586814e-105
4.312765221100000053e+04 1.509795701625839436e-107 -1.450210547872085691e-107 4.469801951123764562e-107
4.316797991100000218e+04 6.362686241355507643e-109 -6.111578334789209230e-109 1.883695081750022263e-108
4.320830761100000382e+04 2.627239579263975460e-110 -2.523553713613519721e-110 7.778032872141469459e-110
4.324863531099999818e+04 1.062908049060626572e-111 -1.020959632158133274e-111 3.146775730279386234e-111
4.328896301100000710e+04 4.213359931577055248e-113 -4.047076705924320532e-113 1.247379656907843276e-112
4.332929071099999419e+04 1.636433167242010312e-114 -1.571850176461958920e-114 4.844716510945980086e-114
4.336961841100000311e+04 6.227372332845552432e-116 -5.981604685252709286e-116 1.843634935094381415e-115
4.340994611100000475e+04 2.321925279179492181e-117 -2.230288858029495982e-117 6.874139416388479992e-117
4.345027381099999911e+04 8.482590348881456463e-119 -8.147818929394669651e-119 2.511299962715758038e-118
4.349060151100000076e+04 3.036306404378692205e-120 -2.916476427545663447e-120 8.989089236303047169e-120
4.353092921100000240e+04 1.064877239246818262e-121 -1.022851106862763886e-121 3.152605585356400625e-121
4.357125691100000404e+04 3.659235332314495296e-123 -3.514821025357345365e-123 1.083329168998633529e-122
4.361158461099999840e+04 1.232020641596304496e-124 -1.183398076782882203e-124 3.647439359975490774e-124
4.365191231100000005e+04 4.064269283424847019e-126 -3.903870025506165144e-126 1.203240859235585918e-125
4.369224001099999441e+04 1.313662531534722220e-127 -1.261817911870114556e-127 3.889142974939558381e-127
4.373256771100000333e+04 4.160274611537595346e-129 -3.996086435535106032e-129 1.231663565861029737e-128
4.377289541099999769e+04 1.290913169075433571e-130 -1.239966369068462332e-130 3.821792707219329274e-130
4.381322311099999934e+04 3.924722103764062629e-132 -3.769830173854829461e-132 1.161927438138295660e-131
4.385355081100000098e+04 1.169116092820518428e-133 -1.122976100454878203e-133 3.461208286095915254e-133
4.389387851099999534e+04 3.412268627453292870e-135 -3.277601035939463267e-135 1.010213829084604901e-134
4.393420621100000426e+04 9.758108331337571579e-137 -9.372997693663648928e-137 2.888921435633878827e-136
4.397453391099999862e+04 2.734166163804109108e-138 -2.626260386767847365e-138 8.094592714376066178e-138
4.401486161100000027e+04 7.506215368388454460e-140 -7.209852345718115753e-140 2.222228308249502374e-139
4.405518931100000191e+04 2.019082129356508413e-141 -1.932697245597997271e-141 5.970861504311013222e-141
4.409551701100000355e+04 5.321374156392129457e-143 5.321374156392129457e-143 5.321374156392129457e-143
4.413584471099999791e+04 1.374138332144775635e-144 1.374138332144775635e-144 1.374138332144775635e-144
4.417617241099999956e+04 3.476753979410841277e-146 3.476753979410841277e-146 3.476753979410841277e-146
4.421650011100000847e+04 8.618949051749873183e-148 8.618949051749873183e-148 8.618949051749873183e-148
4.425682781099999556e+04 2.093493004153772012e-149 2.093493004153772012e-149 2.093493004153772012e-149
4.429715551100000448e+04 4.982250525873029489e-151 4.982250525873029489e-151 4.982250525873029489e-151
4.433748321099999885e+04 1.161760099772826895e-152 1.161760099772826895e-152 1.161760099772826895e-152
4.437781091100000049e+04 2.654264503117153837e-154 2.654264503117153837e-154 2.654264503117153837e-154
4.441813861100000213e+04 5.941673574382660885e-156 5.941673574382660885e-156 5.941673574382660885e-156
4.445846631100000377e+04 1.303197462500322117e-157 1.303197462500322117e-157 1.303197462500322117e-157
4.449879401099999814e+04 2.800583397857899387e-159 2.800583397857899387e-159 2.800583397857899387e-159
4.453912171099999978e+04 5.896898349889265182e-161 5.896898349889265182e-161 5.896898349889265182e-161
4.457944941100000869e+04 1.216565847506078720e-162 1.216565847506078720e-162 1.216565847506078720e-162
4.461977711099999578e+04 2.459146752782943705e-164 2.459146752782943705e-164 2.459146752782943705e-164
4.466010481100000470e+04 4.870461560740907952e-166 4.870461560740907952e-166 4.870461560740907952e-166
4.470043251099999907e+04 9.451323771094585350e-168 9.451323771094585350e-168 9.451323771094585350e-168
4.474076021100000071e+04 1.797016269368669518e-169 1.797016269368669518e-169 1.797016269368669518e-169
4.478108791100000235e+04 3.347713043787024791e-171 3.347713043787024791e-171 3.347713043787024791e-171
4.482141561099999672e+04 6.110563860414820158e-173 6.110563860414820158e-173 6.110563860414820158e-173
4.486174331099999836e+04 1.092826448526208975e-174 1.092826448526208975e-174 1.092826448526208975e-174
4.490207101100000000e+04 1.914952273948073054e-176 1.914952273948073054e-176 1.914952273948073054e-176
4.494239871100000164e+04 3.287770991117178657e-178 3.287770991117178657e-178 3.287770991117178657e-178
