1.807150000000000034e+00 9.691429662334053721e-201 9.691429662334053721e-201 9.691429662334053721e-201
1.812149999999999928e+00 5.683119788204866367e-199 5.683119788204866367e-199 5.683119788204866367e-199
1.817150000000000043e+00 3.265296475066417998e-197 3.265296475066417998e-197 3.265296475066417998e-197
1.822149999999999936e+00 1.838210642429045101e-195 1.838210642429045101e-195 1.838210642429045101e-195
1.827150000000000052e+00 1.013922545519637162e-193 1.013922545519637162e-193 1.013922545519637162e-193
1.832149999999999945e+00 5.479628696414098831e-192 5.479628696414098831e-192 5.479628696414098831e-192
1.837150000000000061e+00 2.901578535966679762e-190 2.901578535966679762e-190 2.901578535966679762e-190
1.842149999999999954e+00 1.505408541483081214e-188 1.505408541483081214e-188 1.505408541483081214e-188
1.847150000000000070e+00 7.652639745401930209e-187 7.652639745401930209e-187 7.652639745401930209e-187
1.852149999999999963e+00 3.811579737213937208e-185 3.811579737213937208e-185 3.811579737213937208e-185
1.857150000000000079e+00 1.860097021472037412e-183 1.860097021472037412e-183 1.860097021472037412e-183
1.862149999999999972e+00 8.894120978249883399e-182 8.894120978249883399e-182 8.894120978249883399e-182
1.867150000000000087e+00 4.166844704261027794e-180 4.166844704261027794e-180 4.166844704261027794e-180
1.872149999999999981e+00 1.912706988238921468e-178 1.912706988238921468e-178 1.912706988238921468e-178
1.877150000000000096e+00 8.602534472891887325e-177 8.602534472891887325e-177 8.602534472891887325e-177
1.882149999999999990e+00 3.790890552317367979e-175 3.790890552317367979e-175 3.790890552317367979e-175
1.887150000000000105e+00 1.636789828897817514e-173 1.636789828897817514e-173 1.636789828897817514e-173
1.892149999999999999e+00 6.924388662333034286e-172 6.924388662333034286e-172 6.924388662333034286e-172
1.897150000000000114e+00 2.870164594994614249e-170 2.870164594994614249e-170 2.870164594994614249e-170
1.902150000000000007e+00 1.165652277242856686e-168 1.165652277242856686e-168 1.165652277242856686e-168
1.907150000000000123e+00 4.638398711326667331e-167 4.638398711326667331e-167 4.638398711326667331e-167
1.912150000000000016e+00 1.808439505027149360e-165 1.808439505027149360e-165 1.808439505027149360e-165
1.917150000000000132e+00 6.908388316992376624e-164 6.908388316992376624e-164 6.908388316992376624e-164
1.922150000000000025e+00 2.585748871794634745e-162 -1.776062780417069357e-162 6.947560524006338352e-162
1.927150000000000141e+00 9.482717092098058547e-161 -9.318664466832413547e-161 2.828409865102853222e-160
1.932150000000000034e+00 3.407344862701709267e-159 -3.347914385203217597e-159 1.016260411060663714e-158
1.937149999999999928e+00 1.199599389739460656e-157 -1.178676392915369164e-157 3.577875172394290476e-157
1.942150000000000043e+00 4.138026124872755316e-156 -4.065852107487473896e-156 1.234190435723298401e-155
1.947150000000000158e+00 1.398579208145690482e-154 -1.374185674359904449e-154 4.171344090651285413e-154
1.952150000000000052e+00 4.631458257777216152e-153 -4.550677968158612453e-153 1.381359448371304529e-152
1.957149999999999945e+00 1.502744988039155328e-151 -1.476534630825449973e-151 4.482024606903760461e-151
1.962150000000000061e+00 4.777378705984202848e-150 -4.694053322485572991e-150 1.424881073445397814e-149
1.967149999999999954e+00 1.488095824362123452e-148 -1.462140972783680181e-148 4.438332621507927259e-148
1.972150000000000070e+00 4.541600969634377547e-147 -4.462387939689999651e-147 1.354558987895875530e-146
1.977149999999999963e+00 1.358075445682278732e-145 -1.334388364482326924e-145 4.050539255846884389e-145
1.982150000000000079e+00 3.979015836569881417e-144 -3.909615221518304921e-144 1.186764689465806775e-143
1.987149999999999972e+00 1.142258202718588210e-142 -1.122335331065820460e-142 3.406851736502997244e-142
1.992150000000000087e+00 3.212844826704313853e-141 -3.156807500843664819e-141 9.582497154252291943e-141
1.997149999999999981e+00 8.854255767607056925e-140 -8.699822907489130482e-140 2.640833444270324620e-139
2.002149999999999874e+00 2.390843906301898626e-138 -2.349143635580496540e-138 7.130831448184293494e-138
2.007150000000000212e+00 6.325388866400607371e-137 -6.215063626241002296e-137 1.886584135904221608e-136
2.012150000000000105e+00 1.639683718076304960e-135 -1.611084922997723181e-135 4.890452359150333102e-135
2.017149999999999999e+00 4.164566351713337864e-134 -4.091929428890445982e-134 1.242106213231712220e-133
2.022149999999999892e+00 1.036373584111546015e-132 -1.018297515275754910e-132 3.091044683498846940e-132
2.027150000000000230e+00 2.526967934798895382e-131 -2.482893435954488439e-131 7.536829305552278703e-131
2.032150000000000123e+00 6.036983303090505215e-130 -5.931688332801617724e-130 1.800565493898262655e-129
2.037150000000000016e+00 1.413113565744279273e-128 -1.388466528730986794e-128 4.214693660219545083e-128
2.042149999999999910e+00 3.240940095919986620e-127 -3.184412742111812866e-127 9.666292933951786516e-127
2.047150000000000247e+00 7.282857112651452480e-126 -7.155832043209501847e-126 2.172154626851240681e-125
2.052150000000000141e+00 1.603501690570514745e-124 -1.575533969874573873e-124 4.782537351015603153e-124
2.057150000000000034e+00 3.459185901791192403e-123 -3.398851980283251551e-123 1.031722378386563636e-122
2.062149999999999928e+00 7.311647233045680790e-122 -7.184120016302614035e-122 2.180741448239397776e-121
2.067149999999999821e+00 1.514235433114357666e-120 -1.487824663540281499e-120 4.516295529768997175e-120
2.072150000000000158e+00 3.072616981964809085e-119 -3.019025461567430288e-119 9.164259425497047908e-119
2.077150000000000052e+00 6.108861738453259153e-118 -6.002313089408244808e-118 1.822003656631476223e-117
2.082149999999999945e+00 1.190005620343779871e-116 -1.169249954782444709e-116 3.549261195470004592e-116
2.087150000000000283e+00 2.271300395519431339e-115 -2.231685161277798520e-115 6.774285952316661198e-115
2.092150000000000176e+00 4.247535211693568080e-114 -4.173451174772211826e-114 1.266852159815934799e-113
2.097150000000000070e+00 7.782806741521720581e-113 -7.647061723939606818e-113 2.321267520698304913e-112
2.102149999999999963e+00 1.397244318384280030e-111 -1.372874067282680290e-111 4.167362704051240534e-111
2.107149999999999856e+00 2.457793014421757088e-110 -2.414925040561134400e-110 7.330511069404648576e-110
2.112150000000000194e+00 4.235991754353903872e-109 -4.162109054413443914e-109 1.263409256312125118e-108
2.117150000000000087e+00 7.153222828702411294e-108 -7.028458795505319882e-108 2.133490445291014398e-107
2.122149999999999981e+00 1.183546291665625082e-106 -1.162903287475667698e-106 3.529995870806918105e-106
2.127149999999999874e+00 1.918693443340644069e-105 -1.885228257340431742e-105 5.722615144021720267e-105
2.132150000000000212e+00 3.047633797992498093e-104 -2.994478025628036195e-104 9.089745621613032380e-104
2.137150000000000105e+00 4.743040338841155114e-103 -4.660313873234934754e-103 1.414639455091724399e-102
2.142149999999999999e+00 7.232487681882480763e-102 -7.106341138583587165e-102 2.157131650234854869e-101
2.147149999999999892e+00 1.080576290752944714e-100 -1.061729253627196955e-100 3.222881835133086382e-100
2.152150000000000230e+00 1.581830748372629301e-99 -1.554241004735747700e-99 4.717902501481006100e-99
2.157150000000000123e+00 2.268827301853172096e-98 -2.229255202448212568e-98 6.766909806154556759e-98
2.162150000000000016e+00 3.188450750754811696e-97 -3.132838897900937999e-97 9.509740399410560352e-97
2.167149999999999910e+00 4.390306433867195692e-96 -4.313732230756919122e-96 1.309434509849130967e-95
2.172150000000000247e+00 5.923069141908061127e-95 -5.819761022903681129e-95 1.766589930671980472e-94
2.177150000000000141e+00 7.829528654079440093e-94 -7.692968729042975332e-94 2.335202603720185658e-93
2.182150000000000034e+00 1.014054462789007486e-92 -9.963676763229850541e-93 3.024476601901000196e-92
2.187149999999999928e+00 1.286837744609160625e-91 -1.264393166686400679e-91 3.838068655904721928e-91
2.192149999999999821e+00 1.600011662647553216e-90 -1.572104813788552173e-90 4.772128139083658387e-90
2.197150000000000158e+00 1.949213241729443076e-89 -1.915215739954458816e-89 5.813642223413344968e-89
2.202150000000000052e+00 2.326657222787959803e-88 -2.286076473906214768e-88 6.939390919482134932e-88
2.207149999999999945e+00 2.721086229315069159e-87 -2.673625986393428507e-87 8.115798445023566379e-87
2.212150000000000283e+00 3.118092905873294178e-86 -3.063708210076661218e-86 9.299894021823249930e-86
2.217150000000000176e+00 3.500843084466515586e-85 -3.439782592681075945e-85 1.044146876161410769e-84
2.222150000000000070e+00 3.851173516936768523e-84 -3.784002683125497403e-84 1.148634971699903353e-83
2.227149999999999963e+00 4.150977459292506400e-83 -4.078577548969025987e-83 1.238053246755403952e-82
2.232149999999999856e+00 4.383737201893582520e-82 -4.307277576736119867e-82 1.307475198052328491e-81
2.237150000000000194e+00 4.536025571742008405e-81 -4.456909785525011317e-81 1.352896092900902813e-80
2.242150000000000087e+00 4.598787314925360862e-80 -4.518576860022896633e-80 1.371615148987361836e-79
2.247149999999999981e+00 4.568230432010088140e-79 -4.488552939536668724e-79 1.362501380355684500e-78
2.252149999999999874e+00 4.446205460994883128e-78 -4.368656285624547797e-78 1.326106720761431309e-77
2.257150000000000212e+00 4.240019951901044694e-77 -4.166066992556671097e-77 1.264610689635875972e-76
2.262150000000000105e+00 3.961713998218682805e-76 -3.892615154690450048e-76 1.181604315112781689e-75
2.267149999999999999e+00 3.626896706267483474e-75 -3.563637629729503509e-75 1.081743104226447095e-74
2.272149999999999892e+00 3.253299912339528973e-74 -3.196556981430431922e-74 9.703156806109490260e-74
2.277150000000000230e+00 2.859235077606204305e-73 -2.809365288813393603e-73 8.527835444025802212e-73
2.282150000000000123e+00 2.462138460575009807e-72 -2.419194693216045670e-72 7.343471614366064781e-72
2.287150000000000016e+00 2.077360782701416550e-71 -2.041128174137762064e-71 6.195849739540595163e-71
2.292149999999999910e+00 1.717308154851229146e-70 -1.687355459364151230e-70 5.121971769066609201e-70
2.297150000000000247e+00 1.390981593773990394e-69 -1.366720573034047140e-69 4.148683760582027928e-69
2.302150000000000141e+00 1.103904189366664514e-68 -1.084650273226172451e-68 3.292458651959501685e-68
2.307150000000000034e+00 8.583773060494383457e-68 -8.434057847592141481e-68 2.560160396858090839e-67
2.312149999999999928e+00 6.539761648733659961e-67 -6.425697375282102670e-67 1.950522067274942259e-66
2.317149999999999821e+00 4.881827847452041984e-66 -4.796680681882410038e-66 1.456033637678649401e-65
2.322150000000000158e+00 3.570588879546687751e-65 -3.508311890972203108e-65 1.064948965006557903e-64
2.327150000000000052e+00 2.558786690419201152e-64 -2.514157206487208419e-64 7.631730587325610723e-64
2.332149999999999945e+00 1.796656965317724972e-63 -1.765320285528658826e-63 5.358634216164108501e-63
2.337150000000000283e+00 1.236041621741204444e-62 -1.214483002106550988e-62 3.686566245588960092e-62
2.342150000000000176e+00 8.331781504257512034e-62 -8.186461374121761744e-62 2.485002438263678581e-61
2.347150000000000070e+00 5.502746381644727770e-61 -5.406769316393288287e-61 1.641226207968274244e-60
2.352149999999999963e+00 3.560885169741885969e-60 -3.498777388103988258e-60 1.062054772758775909e-59
2.357149999999999856e+00 2.257736678310300135e-59 -2.218357972758177228e-59 6.733831329378777497e-59
2.362150000000000194e+00 1.402572939043047717e-58 -1.378109713078317255e-58 4.183255591164412689e-58
2.367150000000000087e+00 8.537180624811532858e-58 -8.388277813886429277e-58 2.546263906350949499e-57
2.372149999999999981e+00 5.091436508193583305e-57 -5.002633239445844691e-57 1.518550625583301074e-56
2.377150000000000318e+00 2.975110100361185375e-56 -2.923219116659785359e-56 8.873439317382156108e-56
2.382150000000000212e+00 1.703344922365207159e-55 -1.673635667205855358e-55 5.080325511936269676e-55
2.387150000000000105e+00 9.555182934893083999e-55 -9.388524020992204238e-55 2.849888989077837224e-54
2.392149999999999999e+00 5.251849353416497478e-54 -5.160247919253885437e-54 1.566394662608688039e-53
2.397149999999999892e+00 2.828279739516923078e-53 -2.778949529361469920e-53 8.435509008395316076e-53
2.402149999999999785e+00 1.492345270087181490e-52 -1.466316080054418100e-52 4.451006620228781081e-52
2.407150000000000123e+00 7.715305252602969031e-52 -7.580736143925526834e-52 2.301134664913146341e-51
2.412150000000000016e+00 3.908172844257781322e-51 -3.840006943578721959e-51 1.165635263209428401e-50
2.417149999999999910e+00 1.939685244021925847e-50 -1.905853365168872463e-50 5.785223853212724394e-50
2.422150000000000247e+00 9.432473890006213923e-50 -9.267952538965928717e-50 2.813290031897835846e-49
2.427150000000000141e+00 4.494245712704904027e-49 -4.415856605328368852e-49 1.340434803073817766e-48
2.432150000000000034e+00 2.098093634973334594e-48 -2.061498227575438622e-48 6.257685497522108417e-48
2.437149999999999928e+00 9.596873567534870233e-48 -9.429481447057853140e-48 2.862322858212759482e-47
2.442149999999999821e+00 4.301020727805075143e-47 -4.226000017679143055e-47 1.282804147328929285e-46
2.447150000000000158e+00 1.888644224680065753e-46 -1.855701062215725098e-46 5.632989511575856993e-46
2.452150000000000052e+00 8.125790741005075562e-46 -7.984052303519270338e-46 2.423563378552942302e-45
2.457149999999999945e+00 3.425452705937771712e-45 -3.365701238355870993e-45 1.021660665023141504e-44
2.462150000000000283e+00 1.414839525940374289e-44 -1.390159334151002682e-44 4.219838386031751510e-44
2.467150000000000176e+00 5.725761628693333878e-44 -5.625879441148142693e-44 1.707740269853481145e-43
2.472150000000000070e+00 2.270367811840143760e-43 -2.230761189985600904e-43 6.771496813665888823e-43
2.477149999999999963e+00 8.820558061849631607e-43 -8.666675768382349341e-43 2.630779189208161256e-42
2.482149999999999856e+00 3.357629714384658317e-42 -3.299049405884042288e-42 1.001430883465335892e-41
2.487150000000000194e+00 1.252294411336192027e-41 -1.230444074088993962e-41 3.735032896761378016e-41
2.492150000000000087e+00 4.576326546728135984e-41 -4.496470136369363765e-41 1.364912322982563624e-40
2.497149999999999981e+00 1.638568152420338711e-40 -1.609971930750147032e-40 4.887108235590824251e-40
2.502150000000000318e+00 5.748426403293532831e-40 -5.648090270251918850e-40 1.714494307683898370e-39
2.507150000000000212e+00 1.975924894853607632e-39 -1.941429656327718703e-39 5.893279446034933967e-39
2.512150000000000105e+00 6.654706686587640982e-39 -6.538503482094508859e-39 1.984791685526979213e-38
2.517149999999999999e+00 2.195960260383178196e-38 -2.157603730830522723e-38 6.549524251596879638e-38
2.522149999999999892e+00 7.099980642358460806e-38 -6.975921401420003990e-38 2.117588268613692560e-37
2.527149999999999785e+00 2.249194710289925986e-37 -2.209876340784803157e-37 6.708265761364655129e-37
2.532150000000000123e+00 6.981266739339065870e-37 -6.859157539257220931e-37 2.082169101793535351e-36
2.537150000000000016e+00 2.123140871618328974e-36 -2.085978776017541633e-36 6.332260519254199247e-36
2.542149999999999910e+00 6.326462376844329794e-36 -6.215630054165523940e-36 1.886855480785418353e-35
2.547150000000000247e+00 1.847058975864758440e-35 -1.814664836115205001e-35 5.508782787844721347e-35
2.552150000000000141e+00 5.283704578840758800e-35 -5.190909621478122861e-35 1.575831877915964153e-34
2.557150000000000034e+00 1.480929886044474871e-34 -1.454876134116746112e-34 4.416735906205695854e-34
2.562149999999999928e+00 4.066951699722778904e-34 -3.995248001710851506e-34 1.212915140115640931e-33
2.567149999999999821e+00 1.094315389720350579e-33 -1.074969678340325661e-33 3.263600457781026820e-33
2.572150000000000158e+00 2.885064391015044942e-33 -2.833889447206858115e-33 8.604018229236948340e-33
2.577150000000000052e+00 7.452615184576282406e-33 -7.319866296245039979e-33 2.222509666539760616e-32
2.582149999999999945e+00 1.886265874062999163e-32 -1.852491038479409455e-32 5.625022786605407781e-32
2.587150000000000283e+00 4.677773573489492215e-32 -4.593468725912220236e-32 1.394901587289120357e-31
2.592150000000000176e+00 1.136629392224787619e-31 -1.115978394196012668e-31 3.389237178645587906e-31
2.597150000000000070e+00 2.706098622775963342e-31 -2.656437158130840624e-31 8.068634403682766870e-31
2.602149999999999963e+00 6.312704814638232331e-31 -6.195409127651115837e-31 1.882081875692757962e-30
2.607149999999999856e+00 1.442902758839826374e-30 -1.415678210801896836e-30 4.301483728481549409e-30
2.612150000000000194e+00 3.231555499469645990e-30 -3.169421427659656447e-30 9.632532426598948428e-30
2.617150000000000087e+00 7.091583552776769541e-30 -6.952040156191712068e-30 2.113520726174525255e-29
2.622149999999999981e+00 1.524884630471957230e-29 -1.494019691713876974e-29 4.543788952657791155e-29
2.627150000000000318e+00 3.212915534036066482e-29 -3.145616520523655354e-29 9.571447588595788879e-29
2.632150000000000212e+00 6.633430851758375760e-29 -6.488624763325520399e-29 1.975548646684227192e-28
2.637150000000000105e+00 1.342034640803711781e-28 -1.311254414620377434e-28 3.995323696227801221e-28
2.642149999999999999e+00 2.660654286456100751e-28 -2.595948896920240909e-28 7.917257469832442860e-28
2.647149999999999892e+00 5.169256983220583435e-28 -5.034593934052973074e-28 1.537310790049413994e-27
2.652149999999999785e+00 9.842432937557720860e-28 -9.564717707384813977e-28 2.924958358250025570e-27
2.657150000000000123e+00 1.836691128975365695e-27 -1.779895569220405126e-27 5.453277827171136157e-27
2.662150000000000016e+00 3.359386191814440906e-27 -3.244147036949530215e-27 9.962919420578412027e-27
2.667149999999999910e+00 6.022992985734806320e-27 -5.790970063572241765e-27 1.783695603504185369e-26
2.672150000000000247e+00 1.058623153363266352e-26 -1.012274328928065761e-26 3.129520635654598323e-26
2.677150000000000141e+00 1.824344147986647597e-26 -1.732528272631692010e-26 5.381216568604987491e-26
2.682150000000000034e+00 3.083065268184134365e-26 -2.902829202592261771e-26 9.068959738960530501e-26
2.687149999999999928e+00 5.110474270227071687e-26 -4.760215178265899941e-26 1.498116371872004274e-25
2.692149999999999821e+00 8.311048009651378754e-26 -7.637955137306946286e-26 2.426005115660970150e-25
2.697150000000000158e+00 1.326496472288520957e-25 -1.198741873953878903e-25 3.851734818530920816e-25
2.702150000000000052e+00 2.078657193150023111e-25 -1.839457521075725272e-25 5.996771907375771035e-25
2.707149999999999945e+00 3.199583740621277294e-25 -2.758318649583855764e-25 9.157486130826409892e-25
2.712150000000000283e+00 4.840471168628453611e-25 -4.039379857432192345e-25 1.372032219468909957e-24
2.717150000000000176e+00 7.202161356446518630e-25 -5.772558059234269873e-25 2.017688077212730713e-24
2.722150000000000070e+00 1.054796972653015273e-24 -8.042876201437941466e-25 2.913881565449824510e-24
2.727149999999999963e+00 1.521984413235294789e-24 -1.091418340739294459e-24 4.135387167209883854e-24
2.732149999999999856e+00 2.165933736714097940e-24 -1.440839874194348173e-24 5.772707347622544053e-24
2.737150000000000194e+00 3.043548380813381924e-24 -1.848442845498012851e-24 7.935539607124776332e-24
2.742150000000000087e+00 4.228223163059557888e-24 -2.302579889171799942e-24 1.075902621529091498e-23
2.747149999999999981e+00 5.814838911795082374e-24 -2.785226774943910210e-24 1.441490459853407422e-23
2.752150000000000318e+00 7.926283732130992761e-24 -3.277575396267126139e-24 1.913014286052911019e-23
2.757150000000000212e+00 1.072167845199619724e-23 -3.771876959263260585e-24 2.521523386325565654e-23
2.762150000000000105e+00 1.440629255240196923e-23 -4.289454262676695924e-24 3.310203936748063732e-23
2.767149999999999999e+00 1.924285559460550517e-23 -4.900603691299664839e-24 4.338631488051067518e-23
2.772149999999999892e+00 2.556363078230112620e-23 -5.736989038224387832e-24 5.686425060282664316e-23
2.777149999999999785e+00 3.378228773874027265e-23 -6.985345198944804932e-24 7.454992067642535024e-23
2.782150000000000123e+00 4.440438234147992951e-23 -8.856604373097307009e-24 9.766536905605716015e-23
2.787150000000000016e+00 5.803521835226753767e-23 -1.153426989654194189e-23 1.276047066010770055e-22
2.792149999999999910e+00 7.538409425970083934e-23 -1.511237852080602186e-23 1.658805670402077005e-22
2.797150000000000247e+00 9.726442378011120040e-23 -1.953366630171098367e-23 2.140625138619333962e-22
2.802150000000000141e+00 1.245898489165844344e-22 -2.453705301441907836e-23 2.737167508475879472e-22
2.807150000000000034e+00 1.583670134152889662e-22 -2.962510646675022816e-23 3.463591332973281371e-22
2.812149999999999928e+00 1.996858189427398795e-22 -3.406700054302402748e-23 4.334386384285037630e-22
2.817149999999999821e+00 2.497074269546989864e-22 -3.695773783124516569e-23 5.363725917406431385e-22
2.822150000000000158e+00 3.096487930870330562e-22 -3.735599418418875139e-23 6.566535803582548168e-22
2.827150000000000052e+00 3.807601815337991845e-22 -3.451553480831628051e-23 7.960358978759146495e-22
2.832149999999999945e+00 4.642893268130103126e-22 -2.820207603657809123e-23 9.567807296625987165e-22
2.837150000000000283e+00 5.614235115903336992e-22 -1.904401080459916031e-23 1.141891033985266465e-21
2.842150000000000176e+00 6.731999352456476514e-22 -8.808509228255598311e-24 1.355208379719550995e-21
2.847150000000000070e+00 8.003765381842199508e-22 -4.553240679033087260e-25 1.601208400436343210e-21
2.852149999999999963e+00 9.432607926513388560e-22 2.149790413690350677e-24 1.884371794888987173e-21
2.857149999999999856e+00 1.101503031425276885e-21 -5.143262036133027720e-24 2.208149324886686986e-21
2.862149999999999750e+00 1.273872788983094866e-21 -2.597563449775338367e-23 2.573721212463943304e-21
2.867150000000000087e+00 1.458049368198896652e-21 -6.275382623022153224e-23 2.978852562628015024e-21
2.872149999999999981e+00 1.650468489946197367e-21 -1.161707866239242919e-22 3.417107766516319027e-21
2.877150000000000318e+00 1.846272133557467842e-21 -1.850255317836779560e-22 3.877569798898614016e-21
2.882150000000000212e+00 2.039405670062079620e-21 -2.662970667994204451e-22 4.345108406923579308e-21
2.887150000000000105e+00 2.222893576336154091e-21 -3.553972084561614954e-22 4.801184361128470053e-21
2.892149999999999999e+00 2.389302850883605011e-21 -4.465345655283192645e-22 5.225140267295529287e-21
2.897149999999999892e+00 2.531374461210633399e-21 -5.331368762043778678e-22 5.595885798625644665e-21
2.902149999999999785e+00 2.642772441841311401e-21 -6.082885515186859728e-22 5.893833435201309151e-21
2.907150000000000123e+00 2.718873432784120745e-21 -6.651463400575644511e-22 6.102893205625805566e-21
2.912150000000000016e+00 2.757502133878665643e-21 -6.973044436635260409e-22 6.212308711420857702e-21
2.917150000000000354e+00 2.759514472532002901e-21 -6.990962805013377203e-22 6.218125225565343898e-21
2.922150000000000247e+00 2.729141801192871190e-21 -6.658468382909011390e-22 6.124130440676643144e-21
2.927150000000000141e+00 2.674034706674494329e-21 -5.941296691123814257e-22 5.942199082461370083e-21
2.932150000000000034e+00 2.604979863422871978e-21 -4.821379995583866944e-22 5.692097726404130651e-21
2.937149999999999928e+00 2.535301893796454611e-21 -3.303482513572966193e-22 5.400952038950205842e-21
2.942149999999999821e+00 2.479998143622530755e-21 -1.427113480661649755e-22 5.102707635311226485e-21
2.947150000000000158e+00 2.454682403717231233e-21 7.146967576873733919e-23 4.837895131665725502e-21
2.952150000000000052e+00 2.474430726157547221e-21 2.954377167057309432e-22 4.653423735609363123e-21
2.957150000000000389e+00 2.552627870798223646e-21 5.050348385833147750e-22 4.600220903013132517e-21
2.962150000000000283e+00 2.699908015337578971e-21 6.756387136645188167e-22 4.724177317010639125e-21
2.967150000000000176e+00 2.923270968993886723e-21 7.963156974144056974e-22 5.050226240573367748e-21
2.972150000000000070e+00 3.225438360174796224e-21 8.778900926875683442e-22 5.572986627662024479e-21
2.977149999999999963e+00 3.604495640112079612e-21 9.442908076534012184e-22 6.264700472570758006e-21
2.982149999999999856e+00 4.053846665833950786e-21 1.018426067658741053e-21 7.089267264009160142e-21
2.987149999999999750e+00 4.562488404958715477e-21 1.115196420491491099e-21 8.009780389425939102e-21
2.992150000000000087e+00 5.115593611185522297e-21 1.241178510840137162e-21 8.990008711530907431e-21
2.997149999999999981e+00 5.695368882671768858e-21 1.396618472782065497e-21 9.994119292561472971e-21
3.002150000000000318e+00 6.282134773339679549e-21 1.577477203701711913e-21 1.098679234297764719e-20
3.007150000000000212e+00 6.855555068149675865e-21 1.776976801828473153e-21 1.193413333447087782e-20
3.012150000000000105e+00 7.395926396803538565e-21 1.986688734039281559e-21 1.280516405956779557e-20
3.017149999999999999e+00 7.885429911981636301e-21 2.197322291828412668e-21 1.357353753213485918e-20
3.022149999999999892e+00 8.309246308206607310e-21 2.399365642208906248e-21 1.421912697420430837e-20
3.027149999999999785e+00 8.656445372092053045e-21 2.583703182850110948e-21 1.472918756133399589e-20
3.032150000000000123e+00 8.920581216905500254e-21 2.742295668234583490e-21 1.509886676557641702e-20
3.037150000000000016e+00 9.099952245267114646e-21 2.868955678017241241e-21 1.533094881251698805e-20
3.042150000000000354e+00 9.197517126647782359e-21 2.960174657566562856e-21 1.543485959572900337e-20
3.047150000000000247e+00 9.220490340486532392e-21 3.015867378530145857e-21 1.542511330244292043e-20
3.052150000000000141e+00 9.179668898848062686e-21 3.039823942438490348e-21 1.531951385525763502e-20
3.057150000000000034e+00 9.088562395454917509e-21 3.039641849088562015e-21 1.513748294182127376e-20
3.062149999999999928e+00 8.962409611910524376e-21 3.025986515895596340e-21 1.489883270792545241e-20
3.067149999999999821e+00 8.817166195587653342e-21 3.011193830672079071e-21 1.462313856050322686e-20
3.072150000000000158e+00 8.668540443977100415e-21 3.007426523035348188e-21 1.432965436491885114e-20
3.077150000000000052e+00 8.531140011753123504e-21 3.024745963502559906e-21 1.403753406000368560e-20
3.082150000000000389e+00 8.417773940828528532e-21 3.069506921274894075e-21 1.376604096038216224e-20
3.087150000000000283e+00 8.338934447418545371e-21 3.143424822459240306e-21 1.353444407237784968e-20
3.092150000000000176e+00 8.302463849735950182e-21 3.243540355545085921e-21 1.336138734392681444e-20
3.097150000000000070e+00 8.313395999599174498e-21 3.363142904306848993e-21 1.326364909489150000e-20
3.102149999999999963e+00 8.373950239175100686e-21 3.493505433170184723e-21 1.325439504518001590e-20
3.107149999999999856e+00 8.483650300353149137e-21 3.626024919216707052e-21 1.334127568148959197e-20
3.112149999999999750e+00 8.639541009722407424e-21 3.754140009721348757e-21 1.352494200972346684e-20
3.117150000000000087e+00 8.836481546527901238e-21 3.874403104687007066e-21 1.379855998836879390e-20
3.122149999999999981e+00 9.067503688589968666e-21 3.986434587276403411e-21 1.414857278990353543e-20
3.127150000000000318e+00 9.324234372698482353e-21 4.092007580905389596e-21 1.455646116449157586e-20
3.132150000000000212e+00 9.597390731128845715e-21 4.193843160093958851e-21 1.500093830216373183e-20
3.137150000000000105e+00 9.877359179663305239e-21 4.294660134476289819e-21 1.546005822485032066e-20
3.142149999999999999e+00 1.015486539810805366e-20 4.396752393535639653e-21 1.591297840268046617e-20
3.147149999999999892e+00 1.042172786211102812e-20 4.502085613380642454e-21 1.634137011084141304e-20
3.152149999999999785e+00 1.067166473160751551e-20 4.612727124673595415e-21 1.673060233854143635e-20
3.157150000000000123e+00 1.090109554893808347e-20 4.731344306888983897e-21 1.707084679098718305e-20
3.162150000000000016e+00 1.110985076028982657e-20 4.861489370865690973e-21 1.735821214971396067e-20
3.167150000000000354e+00 1.130168049682853812e-20 5.007408433864721333e-21 1.759595255979235491e-20
3.172150000000000247e+00 1.148444661560656459e-20 5.173172503488274627e-21 1.779572072772485380e-20
3.177150000000000141e+00 1.166989475541944207e-20 5.361055823254857936e-21 1.797873368758402546e-20
3.182150000000000034e+00 1.187293928815916602e-20 5.569340311913559560e-21 1.817653826440477174e-20
3.187149999999999928e+00 1.211045246580237699e-20 5.790168494603887606e-21 1.843073643700086712e-20
3.192149999999999821e+00 1.239962369154797748e-20 6.008658645053889686e-21 1.879058873804206376e-20
3.197150000000000158e+00 1.275603477802667843e-20 6.204824832636604603e-21 1.930724472341675376e-20
3.202150000000000052e+00 1.319166789155196546e-20 6.359027948311908693e-21 2.002430783479202222e-20
3.207150000000000389e+00 1.371310910674162486e-20 6.459294629106446948e-21 2.096692358437680428e-20
3.212150000000000283e+00 1.432021864333653090e-20 6.506641545173203918e-21 2.213379574149985638e-20
3.217150000000000176e+00 1.500550083560339414e-20 6.515450573833538185e-21 2.349555109737325161e-20
3.222150000000000070e+00 1.575432272754062333e-20 6.509496849169748790e-21 2.499914860591149937e-20
3.227149999999999963e+00 1.654600943845955829e-20 6.516543518311232646e-21 2.657547535860788394e-20
3.232149999999999856e+00 1.735570559109246807e-20 6.563811623939352910e-21 2.814759955824558324e-20
3.237149999999999750e+00 1.815675984147244431e-20 6.674941195214422718e-21 2.963857848773046440e-20
3.242150000000000087e+00 1.892329024052698884e-20 6.868037146642762838e-21 3.097854333441121485e-20
3.247149999999999981e+00 1.963254419477473346e-20 7.154220731632781018e-21 3.211086765791668591e-20
3.252150000000000318e+00 2.026669127767698597e-20 7.536330486825362550e-21 3.299705206852861241e-20
3.257150000000000212e+00 2.081378006375485167e-20 8.007716088892568454e-21 3.361984403861713338e-20
3.262150000000000105e+00 2.126773724138748030e-20 8.551338121089585519e-21 3.398413636168537659e-20
3.267149999999999999e+00 2.162746201272307222e-20 9.139610938619408405e-21 3.411531308682673754e-20
3.272149999999999892e+00 2.189523750596672961e-20 9.735587147552369386e-21 3.405488786438108834e-20
3.277149999999999785e+00 2.207480968077967053e-20 1.029610127290018345e-20 3.385351808865915760e-20
3.282150000000000123e+00 2.216954625787620072e-20 1.077718969885061497e-20 3.356190281690178347e-20
3.287150000000000016e+00 2.218107005180968524e-20 1.114128112075489473e-20 3.322085898286447426e-20
3.292150000000000354e+00 2.210866570534624751e-20 1.136439767935631229e-20 3.285293373133618574e-20
3.297150000000000247e+00 2.194960519886657554e-20 1.144070765267206020e-20 3.245850274506109088e-20
3.302150000000000141e+00 2.170035653284712959e-20 1.138238275244505899e-20 3.201833031324919719e-20
3.307150000000000034e+00 2.135846766673183385e-20 1.121494538859156766e-20 3.150198994487209853e-20
3.312149999999999928e+00 2.092478740586316814e-20 1.097048309586518728e-20 3.087909171586114749e-20
3.317149999999999821e+00 2.040561991464388999e-20 1.068152303567770631e-20 3.012971679361007367e-20
3.322150000000000158e+00 1.981441895576242663e-20 1.037711095474802643e-20 2.925172695677682533e-20
3.327150000000000052e+00 1.917270536641174130e-20 1.008110294740554594e-20 2.826430778541793816e-20
3.332150000000000389e+00 1.851001723769093628e-20 9.811806156637820140e-21 2.720822831874404941e-20
3.337150000000000283e+00 1.786284964083850926e-20 9.581950585025866005e-21 2.614374869665115402e-20
3.342150000000000176e+00 1.727268141834329196e-20 9.398253822254071167e-21 2.514710901443251274e-20
3.347150000000000070e+00 1.678329768098439670e-20 9.260420239986806149e-21 2.430617512198198725e-20
3.352149999999999963e+00 1.643768499215633217e-20 9.160352454972973960e-21 2.371501752933969038e-20
3.357149999999999856e+00 1.627479962245236300e-20 9.083445242155649640e-21 2.346615400274907635e-20
3.362149999999999750e+00 1.632649510350513408e-20 9.013848385150667344e-21 2.363914182185960232e-20
3.367150000000000087e+00 1.661485670244246342e-20 8.942768516061060724e-21 2.428694488882386761e-20
3.372149999999999981e+00 1.715014138299918804e-20 8.874734303420866619e-21 2.542554846257750946e-20
3.377150000000000318e+00 1.792947289576375807e-20 8.827160228194722775e-21 2.703178556333279336e-20
3.382150000000000212e+00 1.893639739001386674e-20 8.824409514185438822e-21 2.904838526584229316e-20
3.387150000000000105e+00 2.014136362546278149e-20 8.891246893365205706e-21 3.139148035756035427e-20
3.392149999999999999e+00 2.150314749999879908e-20 9.048700952480317715e-21 3.395759404751728045e-20
3.397149999999999892e+00 2.297118649431527742e-20 9.312294704945190440e-21 3.663007828368536139e-20
3.402149999999999785e+00 2.448872214639554690e-20 9.691494347782851394e-21 3.928594994500824240e-20
3.407150000000000123e+00 2.599657008458502975e-20 1.018953494738356626e-20 4.180360522178649323e-20
3.412150000000000016e+00 2.743725649857091813e-20 1.080333294099868284e-20 4.407118005614315341e-20
3.417150000000000354e+00 2.875919154246155797e-20 1.152353078306848764e-20 4.599485230185463131e-20
3.422150000000000247e+00 2.992051024065395236e-20 1.233482938457924115e-20 4.750619109672866358e-20
3.427150000000000141e+00 3.089221361383864262e-20 1.321673987521103562e-20 4.856768735246624962e-20
3.432150000000000034e+00 3.166029378315224911e-20 1.414480366679498281e-20 4.917578389950951541e-20
3.437149999999999928e+00 3.222662410372794715e-20 1.509223998384614317e-20 4.936100822360974811e-20
3.442149999999999821e+00 3.260852651047329315e-20 1.603191587940467862e-20 4.918513714154190767e-20
3.447150000000000158e+00 3.283707330443125970e-20 1.693851002873141760e-20 4.873563658013110179e-20
3.452150000000000052e+00 3.295431643016101384e-20 1.779074784769636425e-20 4.811788501262566644e-20
3.457150000000000389e+00 3.300974274165468277e-20 1.857357839925915757e-20 4.744590708405020797e-20
3.462150000000000283e+00 3.305631435227766036e-20 1.928007570557465316e-20 4.683255299898066455e-20
3.467150000000000176e+00 3.314646402239414034e-20 1.991264329943657123e-20 4.638028474535170944e-20
3.472150000000000070e+00 3.332838170604408327e-20 2.048289024754922523e-20 4.617387316453894130e-20
3.477149999999999963e+00 3.364286262891827155e-20 2.100963659383947804e-20 4.627608866399706807e-20
3.482149999999999856e+00 3.412090604423207566e-20 2.151516774256796429e-20 4.672664434589618703e-20
3.487149999999999750e+00 3.478217257277577625e-20 2.202085726104165569e-20 4.754348788450989682e-20
3.492150000000000087e+00 3.563433742382302664e-20 2.254382489661545385e-20 4.872484995103059943e-20
3.497149999999999981e+00 3.667332071226775544e-20 2.309580935248394963e-20 5.025083207205156425e-20
3.502150000000000318e+00 3.788433213233688053e-20 2.368425168305607866e-20 5.208441258161768240e-20
3.507150000000000212e+00 3.924362925318485524e-20 2.431460979418244109e-20 5.417264871218727239e-20
3.512150000000000105e+00 4.072085041286470810e-20 2.499270845959610896e-20 5.644899236613330724e-20
3.517149999999999999e+00 4.228174178795433340e-20 2.572631611518258019e-20 5.883716746072608360e-20
3.522149999999999892e+00 4.389105647835780128e-20 2.652564963636369437e-20 6.125646332035191120e-20
3.527149999999999785e+00 4.551536973342603113e-20 2.740282344095471817e-20 6.362791602589735010e-20
3.532150000000000123e+00 4.712554048331187552e-20 2.837035925232249318e-20 6.588072171430125786e-20
3.537150000000000016e+00 4.869856639138640038e-20 2.943888984434030979e-20 6.795824293843248496e-20
3.542150000000000354e+00 5.021863424241854075e-20 3.061424301534590138e-20 6.982302546949118012e-20
3.547150000000000247e+00 5.167725807581813673e-20 3.189422601778067708e-20 7.146029013385559638e-20
3.552150000000000141e+00 5.307251313596555873e-20 3.326563297604363551e-20 7.287939329588748196e-20
3.557150000000000034e+00 5.440749551566494442e-20 3.470222447895843571e-20 7.411276655237145916e-20
3.562149999999999928e+00 5.568824229723794125e-20 3.616460169960199950e-20 7.521188289487388301e-20
3.567149999999999821e+00 5.692141349960954369e-20 3.760286821137413667e-20 7.623995878784495071e-20
3.572150000000000158e+00 5.811205090467986482e-20 3.896249784076732524e-20 7.726160396859240440e-20
3.577150000000000052e+00 5.926168712881496084e-20 4.019269427745550024e-20 7.833067998017442143e-20
3.582150000000000389e+00 6.036699151587869932e-20 4.125495023287969099e-20 7.947903279887770765e-20
3.587150000000000283e+00 6.141902910157542774e-20 4.212849009563840207e-20 8.070956810751245342e-20
3.592150000000000176e+00 6.240310248783220845e-20 4.281007495784154068e-20 8.199613001782287623e-20
3.597150000000000070e+00 6.329907003104490226e-20 4.330828756298350883e-20 8.328985249910628968e-20
3.602149999999999963e+00 6.408200455657864583e-20 4.363510704276771711e-20 8.452890207038957455e-20
3.607149999999999856e+00 6.472307802046525865e-20 4.379844274989695133e-20 8.564771329103356596e-20
3.612149999999999750e+00 6.519061672482271950e-20 4.379818633436102160e-20 8.658304711528441740e-20
3.617150000000000087e+00 6.545134399394157298e-20 4.362647513560676036e-20 8.727621285227638559e-20
3.622149999999999981e+00 6.547188248424682344e-20 4.327131575970915164e-20 8.767244920878450126e-20
3.627150000000000318e+00 6.522060036786549589e-20 4.272186724457909742e-20 8.771933349115189436e-20
3.632150000000000212e+00 6.466984098769315441e-20 4.197351251536215485e-20 8.736616946002415397e-20
3.637150000000000105e+00 6.379847872312513654e-20 4.103124502446913669e-20 8.656571242178113640e-20
3.642149999999999999e+00 6.259461735633841753e-20 3.991066749477989108e-20 8.527856721789694399e-20
3.647149999999999892e+00 6.105812651256331336e-20 3.863672996204806639e-20 8.347952306307856034e-20
3.652149999999999785e+00 5.920263513144138976e-20 3.724091470357185106e-20 8.116435555931092243e-20
3.657150000000000123e+00 5.705659867829534394e-20 3.575776247635903625e-20 7.835543488023165163e-20
3.662150000000000016e+00 5.466314174025750668e-20 3.422149640532541167e-20 7.510478707518960770e-20
3.667150000000000354e+00 5.207854039624667325e-20 3.266322215119133003e-20 7.149385864130201647e-20
3.672150000000000247e+00 4.936941907855143491e-20 3.110893978047052746e-20 6.762989837663234236e-20
3.677150000000000141e+00 4.660895059731957485e-20 2.957848872706477620e-20 6.363941246757437351e-20
3.682150000000000034e+00 4.387251875767731452e-20 2.808557134730075351e-20 5.965946616805388156e-20
3.687149999999999928e+00 4.123339249204742768e-20 2.663909315510750204e-20 5.582769182898735332e-20
3.692149999999999821e+00 3.875894854834789879e-20 2.524605379761213624e-20 5.227184329908366133e-20
3.697150000000000158e+00 3.650786886652517294e-20 2.391585528817582989e-20 4.909988244487451599e-20
3.702150000000000052e+00 3.452855252873571253e-20 2.266495910087674150e-20 4.639214595659468356e-20
3.707150000000000389e+00 3.285875952574487124e-20 2.151966254387056548e-20 4.419785650761917400e-20
3.712150000000000283e+00 3.152628956660292646e-20 2.051458504940304434e-20 4.253799408380280859e-20
3.717150000000000176e+00 3.055033504855592595e-20 1.968631436684801344e-20 4.141435573026383545e-20
3.722150000000000070e+00 2.994306246600304486e-20 1.906459135261015898e-20 4.082153357939593075e-20
3.727149999999999963e+00 2.971098349902784996e-20 1.866489074388580192e-20 4.075707625416989801e-20
3.732149999999999856e+00 2.985577037411181814e-20 1.848524992391732008e-20 4.122629082430631620e-20
3.737149999999999750e+00 3.037432884561974273e-20 1.850802420163727745e-20 4.224063348960220499e-20
3.742150000000000087e+00 3.125813454492431604e-20 1.870538772379546540e-20 4.381088136605316668e-20
3.747149999999999981e+00 3.249202793378402441e-20 1.904631180088841835e-20 4.593774406667963047e-20
3.752150000000000318e+00 3.405281438892320461e-20 1.950258841764142109e-20 4.860304036020499113e-20
3.757150000000000212e+00 3.590810035025800225e-20 2.005235780077767477e-20 5.176384289973833275e-20
3.762150000000000105e+00 3.801579614296423706e-20 2.068104415134513638e-20 5.535054813458333474e-20
3.767149999999999999e+00 4.032462696970129359e-20 2.138057403247401216e-20 5.926867990692857501e-20
3.772149999999999892e+00 4.277582681788041528e-20 2.214772547636363822e-20 6.340392815939719234e-20
3.777149999999999785e+00 4.530597160834151687e-20 2.298182951479548791e-20 6.763011370188753982e-20
3.782150000000000123e+00 4.785067591686238368e-20 2.388151322261758804e-20 7.181983861110717931e-20
3.787150000000000016e+00 5.034867692070695841e-20 2.484011960398849998e-20 7.585723423742541683e-20
3.792150000000000354e+00 5.274570376895998183e-20 2.583989927769735011e-20 7.965150826022261355e-20
3.797150000000000247e+00 5.499751399417481746e-20 2.684592952573879833e-20 8.314909846261083660e-20
3.802150000000000141e+00 5.707158532278519366e-20 2.780180679076329005e-20 8.634136385480709126e-20
3.807150000000000034e+00 5.894717040292116800e-20 2.863012715462975692e-20 8.926421365121257909e-20
3.812149999999999928e+00 6.061371628036058929e-20 2.924085034141912459e-20 9.198658221930205399e-20
3.817150000000000265e+00 6.206796178292719722e-20 2.954870836077295662e-20 9.458721520508143181e-20
3.822150000000000158e+00 6.331028706366221151e-20 2.949639071855431297e-20 9.712418340877011607e-20
3.827150000000000052e+00 6.434103970836484275e-20 2.907527282309138911e-20 9.960680659363829036e-20
3.832149999999999945e+00 6.515756262797484254e-20 2.833426322668149571e-20 1.019808620292681833e-19
3.837150000000000283e+00 6.575249559688728533e-20 2.737232748801870493e-20 1.041326637057558718e-19
3.842150000000000176e+00 6.611364665314033604e-20 2.631800891768069108e-20 1.059092843885999870e-19
3.847150000000000070e+00 6.622539370835893754e-20 2.530389945030049392e-20 1.071468879664173872e-19
3.852149999999999963e+00 6.607125786662852595e-20 2.444348668478136839e-20 1.076990290484756835e-19
3.857149999999999856e+00 6.563706099928437707e-20 2.381457605552775711e-20 1.074595459430409970e-19
3.862150000000000194e+00 6.491399092962080004e-20 2.345049287368863753e-20 1.063774889855529625e-19
3.867150000000000087e+00 6.390096256522132622e-20 2.333858887903866871e-20 1.044633362514039777e-19
3.872149999999999981e+00 6.260585875751433577e-20 2.342495152275436068e-20 1.017867659922743048e-19
3.877149999999999874e+00 6.104550635955514094e-20 2.362410078163796446e-20 9.846691193747231141e-20
3.882150000000000212e+00 5.924452169188881591e-20 2.383247258880653501e-20 9.465657079497109682e-20
3.887150000000000105e+00 5.723337984473211136e-20 2.394438234061991016e-20 9.052237734884431257e-20
3.892149999999999999e+00 5.504617835820328842e-20 2.386874774189014657e-20 8.622360897451642425e-20
3.897149999999999892e+00 5.271856191204573897e-20 2.354408220773142847e-20 8.189304161636004947e-20
3.902150000000000230e+00 5.028616538474491474e-20 2.294852149135824755e-20 7.762380927813158794e-20
3.907150000000000123e+00 4.778375605618565339e-20 2.210184315999417728e-20 7.346566895237712649e-20
3.912150000000000016e+00 4.524506088231167712e-20 2.105843088811031499e-20 6.943169087651303323e-20
3.917149999999999910e+00 4.270309824132364318e-20 1.989342883770894995e-20 6.551276764493833941e-20
3.922150000000000247e+00 4.019072867122062316e-20 1.868685206206818508e-20 6.169460528037306425e-20
3.927150000000000141e+00 3.774111038131653208e-20 1.751037717725717552e-20 5.797184358537588865e-20
3.932150000000000034e+00 3.538778849904693070e-20 1.641927949683763236e-20 5.435629750125623505e-20
3.937149999999999928e+00 3.316424378915098808e-20 1.544938198192470875e-20 5.087910559637726440e-20
3.942150000000000265e+00 3.110285142481889890e-20 1.461740285854771549e-20 4.758829999109008231e-20
3.947150000000000158e+00 2.923332730989874267e-20 1.392297169305495294e-20 4.454368292674253241e-20
3.952150000000000052e+00 2.758084689553871417e-20 1.335134680390924205e-20 4.181034698716818630e-20
3.957149999999999945e+00 2.616409467094053702e-20 1.287692206101016514e-20 3.945126728087090741e-20
3.962150000000000283e+00 2.499353383434336001e-20 1.246836389152033115e-20 3.751870377716638888e-20
3.967150000000000176e+00 2.407017338320319897e-20 1.209593225859053380e-20 3.604441450781586264e-20
3.972150000000000070e+00 2.338505709938421624e-20 1.173971862236881680e-20 3.503039557639961870e-20
3.977149999999999963e+00 2.291961267981217640e-20 1.139521334629135626e-20 3.444401201333299653e-20
3.982150000000000301e+00 2.264689013612486281e-20 1.107262871894688011e-20 3.422115155330284400e-20
3.987150000000000194e+00 2.253360026233187744e-20 1.079000955251793522e-20 3.427719097214581967e-20
3.992150000000000087e+00 2.254275238212438930e-20 1.056408808302650260e-20 3.452141668122227601e-20
3.997149999999999981e+00 2.263660212002379297e-20 1.040328439850149180e-20 3.486991984154609265e-20
4.002150000000000318e+00 2.277956887231469031e-20 1.030486057586746310e-20 3.525427716876191602e-20
4.007150000000000212e+00 2.294077839218512615e-20 1.025593589994935001e-20 3.562562088442090379e-20
4.012150000000000105e+00 2.309593080292411485e-20 1.023711352094967207e-20 3.595474808489855461e-20
4.017149999999999999e+00 2.322828284447039809e-20 1.022735602548600244e-20 3.622920966345479225e-20
4.022149999999999892e+00 2.332865254627585715e-20 1.020880821252580555e-20 3.644849688002591027e-20
4.027150000000000674e+00 2.339448727647487111e-20 1.017032939675750888e-20 3.661864515619223034e-20
4.032149999999999679e+00 2.342816305627830457e-20 1.010874743626888304e-20 3.674757867628772760e-20
4.037150000000000460e+00 2.343478650589429701e-20 1.002746534185946278e-20 3.684210766992913123e-20
4.042149999999999466e+00 2.341983719568307621e-20 9.932951529121914619e-21 3.690672286224423629e-20
4.047150000000000247e+00 2.338700931831373982e-20 9.830455377560855191e-21 3.694356325906662446e-20
4.052150000000000141e+00 2.333658499549053209e-20 9.720609231449871412e-21 3.695256075953119278e-20
4.057150000000000034e+00 2.326460002735519738e-20 9.598246136951270166e-21 3.693095391775912459e-20
4.062149999999999928e+00 2.316295402468836636e-20 9.453915908746847708e-21 3.687199214062988502e-20
4.067149999999999821e+00 2.302048234283950513e-20 9.277540398026031102e-21 3.676342428765298216e-20
4.072150000000000603e+00 2.282486248457208813e-20 9.062798767803271698e-21 3.658692620134090155e-20
4.077149999999999608e+00 2.256509108177273519e-20 8.810518740652581570e-21 3.631966342289288880e-20
4.082150000000000389e+00 2.223415920112886843e-20 8.529699541480818299e-21 3.593861886077691856e-20
4.087150000000000283e+00 2.183149265418729530e-20 8.235595670003638643e-21 3.542738963837095497e-20
4.092150000000000176e+00 2.136472504201770457e-20 7.945127126078265908e-21 3.478432295795714172e-20
4.097150000000000070e+00 2.085044121088234358e-20 7.670469922719279175e-21 3.403041249904540949e-20
4.102149999999999963e+00 2.031366333081886619e-20 7.412121816818223072e-21 3.321520484481950931e-20
4.107150000000000745e+00 1.978603429221017544e-20 7.153424150172237261e-21 3.241864443424811513e-20
4.112149999999999750e+00 1.930285597837936444e-20 6.859670506273113618e-21 3.174604145048561377e-20
4.117150000000000531e+00 1.889932898010608684e-20 6.485664787735695231e-21 3.131299317247647845e-20
4.122149999999999537e+00 1.860648104856569297e-20 5.993143156334036440e-21 3.121981894079734949e-20
4.127150000000000318e+00 1.844733674320806084e-20 5.371815025904651609e-21 3.152285846051147007e-20
4.132150000000000212e+00 1.843385650343281359e-20 4.650700891963497240e-21 3.221701211490212995e-20
4.137150000000000105e+00 1.856506306390213766e-20 3.891121104185749023e-21 3.323900502361852329e-20
4.142149999999999999e+00 1.882659698637838966e-20 3.166633704211517861e-21 3.448656026854526145e-20
4.147149999999999892e+00 1.919173409255760317e-20 2.542191754570887848e-21 3.584127643054431849e-20
4.152150000000000674e+00 1.962369424140283993e-20 2.060262435534454202e-21 3.718712604727122866e-20
4.157149999999999679e+00 2.007890863808927971e-20 1.735002828134332772e-21 3.842281444804422665e-20
4.162150000000000460e+00 2.051081643792631874e-20 1.552751562961110108e-21 3.946888131289152436e-20
4.167149999999999466e+00 2.087374011332444895e-20 1.477068755405050951e-21 4.027041147124384694e-20
4.172150000000000247e+00 2.112643601181794026e-20 1.457085581176131036e-21 4.079578644245974948e-20
4.177150000000000141e+00 2.123501206356100706e-20 1.438008874616959906e-21 4.103201525250505421e-20
4.182150000000000034e+00 2.117502250574964811e-20 1.372201025987125432e-21 4.097784398551217078e-20
4.187149999999999928e+00 2.093266439779166662e-20 1.228693248842905363e-21 4.063663554674042788e-20
4.192149999999999821e+00 2.050509421914770466e-20 9.988607726363319069e-22 4.001132766565907440e-20
4.197150000000000603e+00 1.989994694352509464e-20 6.967390413836465031e-22 3.910315484566654277e-20
4.202149999999999608e+00 1.913417681184443073e-20 3.539991866898533230e-22 3.791435443699900512e-20
4.207150000000000389e+00 1.823235759469322125e-20 1.122458999471918371e-23 3.645349059939172031e-20
4.212150000000000283e+00 1.722459130678841058e-20 -2.919662685922643703e-22 3.474114888216908552e-20
4.217150000000000176e+00 1.614418594957090427e-20 -5.255047058636791765e-22 3.281387660500548772e-20
4.222150000000000070e+00 1.502527666395755519e-20 -6.744900772131766848e-22 3.072504340512828406e-20
4.227149999999999963e+00 1.390057601959248326e-20 -7.410772833320356582e-22 2.854222932251700519e-20
4.232150000000000745e+00 1.279943933396398328e-20 -7.425810013801901495e-22 2.634145966930815521e-20
4.237149999999999750e+00 1.174641110798012306e-20 -7.062292506271893945e-22 2.419905146658743701e-20
4.242150000000000531e+00 1.076037408291639207e-20 -6.614564134536185132e-22 2.218220457928640265e-20
4.247149999999999537e+00 9.854354933716731113e-21 -6.313012280370875318e-22 2.034001109547055126e-20
4.252150000000000318e+00 9.035959088174073767e-21 -6.253302282552756332e-22 1.869724840460342317e-20
4.257150000000000212e+00 8.308325417608349050e-21 -6.368518620463969876e-22 1.725350269726309509e-20
4.262150000000000105e+00 7.671424648959184030e-21 -6.459975484861182677e-22 1.598884684640448633e-20
4.267149999999999999e+00 7.123485577327396795e-21 -6.276005897144276857e-22 1.487457174436922128e-20
4.272149999999999892e+00 6.662326934638054955e-21 -5.606360485366123113e-22 1.388528991781272222e-20
4.277150000000000674e+00 6.286399476200819309e-21 -4.361350274949119577e-22 1.300893397989654982e-20
4.282149999999999679e+00 5.995395708581570120e-21 -2.624165239617557897e-22 1.225320794112489528e-20
4.287150000000000460e+00 5.790353209715773294e-21 -6.798440692206378026e-23 1.164869082635360962e-20
4.292149999999999466e+00 5.673250487159997440e-21 9.830038367236575434e-23 1.124820059064762988e-20
4.297150000000000247e+00 5.646162383764929299e-21 1.732831241455084802e-22 1.111904164338434937e-20
4.302150000000000141e+00 5.710098832407282236e-21 9.657359010969360168e-23 1.132362407470487087e-20
4.307150000000000034e+00 5.863692829937503253e-21 -1.659501941255044501e-22 1.189333585400051096e-20
4.312149999999999928e+00 6.101929079092218495e-21 -6.103518282570795253e-22 1.281420998644151727e-20
4.317149999999999821e+00 6.415112322357968026e-21 -1.203872691844003944e-21 1.403409733655994075e-20
4.322150000000000603e+00 6.788261876223435622e-21 -1.901968469674265895e-21 1.547849222212113714e-20
4.327149999999999608e+00 7.201083920448994853e-21 -2.659076506318763353e-21 1.706124434721675156e-20
4.332150000000000389e+00 7.628614550458022328e-21 -3.431928843446259628e-21 1.868915794436230428e-20
4.337150000000000283e+00 8.042546533086053132e-21 -4.179707008566047862e-21 2.026480007473815262e-20
4.342150000000000176e+00 8.413158111608665492e-21 -4.864046561413809711e-21 2.169036278463113919e-20
4.347150000000000070e+00 8.711665441223464087e-21 -5.449861062875734532e-21 2.287319194532266271e-20
4.352149999999999963e+00 8.912737637367961662e-21 -5.906905623904282889e-21 2.373238089864020772e-20
4.357150000000000745e+00 8.996862161972911263e-21 -6.211656255610438304e-21 2.420538057955626234e-20
4.362149999999999750e+00 8.952242192162796726e-21 -6.349049601392945527e-21 2.425353398571853898e-20
4.367150000000000531e+00 8.775953170582644143e-21 -6.313716664519794118e-21 2.386562300568508090e-20
4.372149999999999537e+00 8.474179386314684179e-21 -6.110478861626166812e-21 2.305883763425553517e-20
4.377150000000000318e+00 8.061479368902427370e-21 -5.754022197958918736e-21 2.187698093576377498e-20
4.382150000000000212e+00 7.559169363819027886e-21 -5.267803743618959234e-21 2.038614247125701350e-20
4.387150000000000105e+00 6.993042022854685901e-21 -4.682354733810262134e-21 1.866843877951963394e-20
4.392149999999999999e+00 6.390729548624972300e-21 -4.033209560616823901e-21 1.681466865786677001e-20
4.397149999999999892e+00 5.779060826927215317e-21 -3.358695063492929166e-21 1.491681671734736055e-20
4.402150000000000674e+00 5.181744940020517058e-21 -2.697744729902841341e-21 1.306123460994387621e-20
4.407149999999999679e+00 4.617644526900549153e-21 -2.087736961682327583e-21 1.132302601548342589e-20
4.412150000000000460e+00 4.099796924126532047e-21 -1.562078666012067148e-21 9.761672514265130488e-21
4.417149999999999466e+00 3.635219856795707371e-21 -1.146939419649145325e-21 8.417379133240560067e-21
4.422150000000000247e+00 3.225423724223337037e-21 -8.566149640922946539e-22 7.307462412538969104e-21
4.427150000000000141e+00 2.867462926928742825e-21 -6.884064819750763113e-22 6.423332335832561586e-21
4.432150000000000034e+00 2.555306240358761457e-21 -6.207120839938235974e-22 5.731324564711346135e-21
4.437149999999999928e+00 2.281294828754269111e-21 -6.185198844182686094e-22 5.181109541926806831e-21
4.442149999999999821e+00 2.037482181041086857e-21 -6.448265658328712022e-22 4.719790927915045292e-21
4.447150000000000603e+00 1.816703170580664640e-21 -6.707370636584326771e-22 4.304143404819761957e-21
4.452149999999999608e+00 1.613286520598041800e-21 -6.793200867712588171e-22 3.905893127967342041e-21
4.457150000000000389e+00 1.423392833654012923e-21 -6.642095261396560866e-22 3.510995193447681745e-21
4.462150000000000283e+00 1.245017831088753696e-21 -6.261683672083147854e-22 3.116204029385822177e-21
4.467150000000000176e+00 1.077740162975642218e-21 -5.697813121241744566e-22 2.725261638075458893e-21
4.472150000000000070e+00 9.223121292630252043e-22 -5.010318359360998180e-22 2.345656094462150039e-21
4.477149999999999963e+00 7.801910501635332025e-22 -4.257922345466154710e-22 1.986174334873681876e-21
4.482150000000000745e+00 6.530931036147180917e-22 -3.490435237775932284e-22 1.655229731007029318e-21
4.487149999999999750e+00 5.426262215126191092e-22 -2.746550070602397299e-22 1.359907450085478042e-21
4.492150000000000531e+00 4.500304560705340672e-22 -2.056471908393490130e-22 1.105708102980417147e-21
4.497149999999999537e+00 3.760286044680962950e-22 -1.449840499305286358e-22 8.970412588667212259e-22
4.502150000000000318e+00 3.207706981037672642e-22 -9.696350583668882190e-23 7.385049020442233502e-22
4.507150000000000212e+00 2.838451420226892717e-22 -6.852018508206955994e-23 6.362104691274481503e-22
4.512150000000000105e+00 2.643268586617842340e-22 -6.713323283548324601e-23 5.957869501590517140e-22
4.517149999999999999e+00 2.608372626103496769e-22 -9.327772541223285982e-23 6.149522506329322137e-22
4.522149999999999892e+00 2.715998213013464174e-22 -1.383919753433866358e-22 6.815916179460794235e-22
4.527150000000000674e+00 2.944855251302467110e-22 -1.928779117099069434e-22 7.818489619704004124e-22
4.532149999999999679e+00 3.270521589456428291e-22 -2.507685941502965693e-22 9.048729120415821805e-22
4.537150000000000460e+00 3.665877925352499330e-22 -3.089018693084997861e-22 1.042077454378999605e-21
4.542149999999999466e+00 4.101712172020400654e-22 -3.652885106293159849e-22 1.185630945033396210e-21
4.547150000000000247e+00 4.547599534471879252e-22 -4.182058344467002836e-22 1.327725741341076134e-21
4.552150000000000141e+00 4.973106737890011739e-22 -4.658810868387611826e-22 1.460502434416763436e-21
4.557150000000000034e+00 5.349288908648788259e-22 -5.064864754132437987e-22 1.576344257143001545e-21
4.562149999999999928e+00 5.650364423646305521e-22 -5.382758541671395042e-22 1.668348738896400608e-21
4.567149999999999821e+00 5.855385888395142042e-22 -5.597696787154234733e-22 1.730846856394451976e-21
4.572150000000000603e+00 5.949690048883810066e-22 -5.699332937509808550e-22 1.759871303527742868e-21
4.577149999999999608e+00 5.925914900178050593e-22 -5.683136465572246302e-22 1.753496626592834937e-21
4.582150000000000389e+00 5.784418902597021392e-22 -5.551129763871504892e-22 1.711996756906554674e-21
4.587150000000000283e+00 5.533016742509935125e-22 -5.311897863341995405e-22 1.637793134836186566e-21
4.592150000000000176e+00 5.186043334399142917e-22 -4.979885783435044643e-22 1.535197245223333048e-21
4.597150000000000070e+00 4.762854142982017305e-22 -4.574098093905350152e-22 1.409980637986938476e-21
4.602149999999999963e+00 4.285947424051573700e-22 -4.116391425959146896e-22 1.268828627406229336e-21
4.607150000000000745e+00 3.778939112075442959e-22 -3.629593099529831140e-22 1.118747132368071753e-21
4.612149999999999750e+00 3.264627404954831229e-22 -3.135683124446136717e-22 9.664937934355800116e-22
4.617150000000000531e+00 2.763353199206481098e-22 -2.654244949815369904e-22 8.180951348228332101e-22
4.622149999999999537e+00 2.291803026816950373e-22 -2.201331173914673472e-22 6.784937227548574218e-22
4.627150000000000318e+00 1.862326215430142145e-22 -1.788816815185782124e-22 5.513469246046066178e-22
4.632150000000000212e+00 1.482762155389327753e-22 -1.424238658627558262e-22 4.389762969406213768e-22
4.637150000000000105e+00 1.156709544746443691e-22 -1.111056819421037645e-22 3.424475908913925261e-22
4.642149999999999999e+00 8.841259400725199355e-23 -8.492322381292999693e-23 2.617484118274340075e-22
4.647149999999999892e+00 6.621263549652878928e-23 -6.359946162965921522e-23 1.960247326227168055e-22
4.652150000000000674e+00 4.858525769062750503e-23 -4.666778685046177234e-23 1.438383022317167706e-22
4.657149999999999679e+00 3.493051756962855613e-23 -3.355195196145149912e-23 1.034129871007086114e-22
4.662150000000000460e+00 2.460607785276002951e-23 -2.363497831551250994e-23 7.284713402103256895e-23
4.667149999999999466e+00 1.698308656250278146e-23 -1.631283573531461552e-23 5.027900886032018137e-23
4.672150000000000247e+00 1.148491288059015223e-23 -1.103165216295550475e-23 3.400147792413580775e-23
4.677150000000000141e+00 7.609841959903283199e-24 -7.309513972182296199e-24 2.252919789198886407e-23
4.682150000000000034e+00 4.940380727792786546e-24 -4.745405037458735009e-24 1.462616649304430810e-23
4.687149999999999928e+00 3.142548931095940382e-24 -3.018525989977028557e-24 9.303623852168910054e-24
4.692149999999999821e+00 1.958576440906845278e-24 -1.881279828163711459e-24 5.798432709977402383e-24
4.697150000000000603e+00 1.196012865766046996e-24 -1.148811369654016387e-24 3.540837101186110010e-24
4.702149999999999608e+00 7.155961976318348944e-25 -6.873546870001948784e-25 2.118547082263864667e-24
4.707150000000000389e+00 4.195049062808946988e-25 -4.029488484229435333e-25 1.241958660984732931e-24
4.712150000000000283e+00 2.409588667589557877e-25 -2.314492547458713695e-25 7.133669882637828989e-25
4.717150000000000176e+00 1.356080986922041881e-25 -1.302562292482083980e-25 4.014724266326167973e-25
4.722150000000000070e+00 7.477650956393461617e-26 -7.182540178311416029e-26 2.213784209109833812e-25
4.727149999999999963e+00 4.040002173511918306e-26 -3.880560633745792190e-26 1.196056498076962880e-25
4.732150000000000745e+00 2.138626065313527534e-26 -2.054223676956836399e-26 6.331475807583891754e-26
4.737149999999999750e+00 1.109238563783498817e-26 -1.065461680348541677e-26 3.283938807915539311e-26
4.742150000000000531e+00 5.637050316437113827e-27 -5.414580144040195157e-27 1.668868077691442353e-26
4.747149999999999537e+00 2.806827417831485885e-27 -2.696053991247616575e-27 8.309708826910589062e-27
4.752150000000000318e+00 1.369355959825899986e-27 -1.315313359665614717e-27 4.054025279317414511e-27
4.757150000000000212e+00 6.545666129288823511e-28 -6.287336792172839461e-28 1.937866905075048738e-27
4.762150000000000105e+00 3.065689669997704985e-28 -2.944700061824660645e-28 9.076079401820071064e-28
4.767149999999999999e+00 1.406822736363302459e-28 -1.351301483412523862e-28 4.164946956139128332e-28
4.772149999999999892e+00 6.325391547652656870e-29 -6.075755502508983401e-29 1.872653859781429826e-28
4.777150000000000674e+00 2.786585010156116600e-29 -2.676610464526099086e-29 8.249780484838332287e-29
4.782149999999999679e+00 1.202801681497987714e-29 -1.155332263582203763e-29 3.560935626578179051e-29
4.787150000000000460e+00 5.086893014898679277e-30 -4.886135189123440939e-30 1.505992121892080089e-29
4.792149999999999466e+00 2.107890412195868477e-30 -2.024701028246838673e-30 6.240481852638575627e-30
4.797150000000000247e+00 8.558158004394722674e-31 -8.220404254008111852e-31 2.533672026279755720e-30
4.802150000000000141e+00 3.404469278907601238e-31 -3.270109494192742766e-31 1.007904805200794568e-30
4.807150000000000034e+00 1.326952527749472576e-31 -1.274583408997326433e-31 3.928488464496271367e-31
4.812149999999999928e+00 5.067551837482833766e-32 -4.867557324936231923e-32 1.500266099990189946e-31
4.817149999999999821e+00 1.896172575507692956e-32 -1.821338785522973233e-32 5.613683936538358871e-32
4.822150000000000603e+00 6.951753584681040253e-33 -6.677397719344071873e-33 2.058090488870615101e-32
4.827149999999999608e+00 2.497167794304393851e-33 -2.398615303518828146e-33 7.392950892127615849e-33
4.832150000000000389e+00 8.788968912060232977e-34 -8.442106046178292767e-34 2.602004387029875872e-33
4.837150000000000283e+00 3.030853736969153599e-34 -2.911238953506711867e-34 8.972946427445018211e-34
4.842150000000000176e+00 1.024068190535769502e-34 -9.836526160830840837e-35 3.031788997154622875e-34
4.847150000000000070e+00 3.390233580968226621e-35 -3.256435618127567577e-35 1.003690278006401975e-34
4.852149999999999963e+00 1.099682246151071771e-35 -1.056282509586300835e-35 3.255647001888444109e-35
4.857150000000000745e+00 3.494955522777382418e-36 -3.357024634536659543e-36 1.034693568009142438e-35
4.862149999999999750e+00 1.088310802928859813e-36 -1.045359848402643209e-36 3.221981454260363003e-36
4.867150000000000531e+00 3.320481572189554093e-37 -3.189436421642066703e-37 9.830399566021174054e-37
4.872149999999999537e+00 9.926269355799899789e-38 -9.534522124615156480e-38 2.938706083621495397e-37
4.877150000000000318e+00 2.907420743876105748e-38 -2.792677330668485870e-38 8.607518818420697888e-38
4.882150000000000212e+00 8.343851399043173749e-39 -8.014555410205055321e-39 2.470225820829140282e-38
4.887150000000000105e+00 2.346184084029255212e-39 -2.253590272011524935e-39 6.945958440070035033e-39
4.892149999999999999e+00 6.463897410514406457e-40 -6.208795133670475295e-40 1.913658995469928739e-39
4.897149999999999892e+00 1.744872400026121808e-40 -1.676009778332149294e-40 5.165754578384393318e-40
4.902150000000000674e+00 4.614979099414273673e-41 -4.432845689633779983e-41 1.366280388846232733e-40
4.907149999999999679e+00 1.195948975709822160e-41 -1.148750004668510741e-41 3.540647956088155061e-41
4.912150000000000460e+00 3.036633726161730936e-42 -2.916790831343289849e-42 8.990058283666751085e-42
4.917149999999999466e+00 7.554557280591982953e-43 -7.256411341627590383e-43 2.236552590281155629e-42
4.922150000000000247e+00 1.841460778024184762e-43 -1.768786227770821989e-43 5.451707783819191114e-43
4.927150000000000141e+00 4.397975189235321629e-44 -4.224405992042882724e-44 1.302035637051352548e-43
4.932150000000000034e+00 1.029152952279587572e-44 -9.885367041132486914e-45 3.046842608672423834e-44
4.937149999999999928e+00 2.359630063368292661e-45 -2.266505596278889014e-45 6.985765723015474647e-45
4.942149999999999821e+00 5.300840840569152659e-46 -5.091639412740575240e-46 1.569332109387887978e-45
4.947150000000000603e+00 1.166762482225915270e-46 -1.120715376764769379e-46 3.454240341216599725e-46
4.952149999999999608e+00 2.516268576971341277e-47 -2.416962260306701246e-47 7.449499414249383800e-47
4.957150000000000389e+00 5.317021053366603780e-48 -5.107181062011741718e-48 1.574122316874494806e-47
4.962150000000000283e+00 1.100820764688541497e-48 -1.057376095685533498e-48 3.259017625062616492e-48
4.967150000000000176e+00 2.233066690218549095e-49 -2.144937136043894655e-49 6.611070516480992465e-49
4.972150000000000070e+00 4.438371197671152540e-50 -4.263207743473484256e-50 1.313995013881578839e-49
4.977149999999999963e+00 8.643355903062913082e-51 -8.302239757429500271e-51 2.558895156355532643e-50
4.982150000000000745e+00 1.649217818613107799e-51 -1.584130272536711875e-51 4.882565909762927473e-51
4.987149999999999750e+00 3.083262408678481455e-52 -2.961579279970049219e-52 9.128104097327012130e-52
4.992150000000000531e+00 5.647806448360074220e-53 -5.424911777753533395e-53 1.672052467447368276e-52
4.997149999999999537e+00 1.013645202304261909e-53 -9.736409784440209997e-54 3.000931383052544702e-53
5.002150000000000318e+00 1.782497710450849110e-54 -1.712150179305678596e-54 5.277145600207376817e-54
5.007150000000000212e+00 3.071205236064768564e-55 -2.949997952189725540e-55 9.092408424319263031e-55
5.012150000000000105e+00 5.184722845293860807e-56 -4.980104096164522937e-56 1.534954978675224365e-55
5.017149999999999999e+00 8.575887972179151319e-57 -8.237434496091647054e-57 2.538921044044994969e-56
5.022149999999999892e+00 1.389855019600079904e-57 -1.335003409578167240e-57 4.114713448778327048e-57
5.027150000000000674e+00 2.206971617433884689e-58 -2.119871923737987384e-58 6.533815158605756762e-58
5.032149999999999679e+00 3.433688100140956295e-59 -3.298175174008596099e-59 1.016555137429050869e-58
5.037150000000000460e+00 5.234338276062674254e-60 -5.027761418913996349e-60 1.549643797103934486e-59
5.042149999999999466e+00 7.818070386130707085e-61 -7.509524716333365442e-61 2.314566548859477961e-60
5.047150000000000247e+00 1.144126944243390639e-61 -1.098973166276521441e-61 3.387227054763302891e-61
5.052150000000000141e+00 1.640535746870586065e-62 -1.575790844887784492e-62 4.856862338628956837e-62
5.057150000000000034e+00 2.304804164128691476e-63 -2.213843439877056854e-63 6.823451768134439536e-63
5.062149999999999928e+00 3.172628411855783215e-64 -3.047418390711580389e-64 9.392675214423147494e-64
5.067149999999999821e+00 4.278989646836855242e-65 -4.110116298116273587e-65 1.266809559178998323e-64
5.072150000000000603e+00 5.654576833153849920e-66 -5.431414964529377846e-66 1.674056863083707874e-65
5.077149999999999608e+00 7.321428588084984730e-67 -7.032483237632404736e-67 2.167534041380237551e-66
5.082150000000000389e+00 9.288132434930908285e-68 -8.921569728052946222e-68 2.749783459791476114e-67
5.087150000000000283e+00 1.154510308236266883e-68 -1.108946743475501991e-68 3.417967359948035758e-68
5.092150000000000176e+00 1.406060726969006162e-69 -1.350569547259498038e-69 4.162691001197510104e-69
5.097150000000000070e+00 1.677827036790805915e-70 -1.611610407711966353e-70 4.967264481293578182e-70
5.102149999999999963e+00 1.961675400800117903e-71 -1.884256495549687241e-71 5.807607297149923047e-71
5.107150000000000745e+00 2.247211512600220363e-72 -2.158523723019633224e-72 6.652946748220073698e-72
5.112149999999999750e+00 2.522305015294403336e-73 -2.422760466327708693e-73 7.467370496916515365e-73
5.117150000000000531e+00 2.773882770682354806e-74 -2.664409527906507668e-74 8.212175069271217673e-74
5.122149999999999537e+00 2.988927975883485908e-75 -2.870967822195042671e-75 8.848823773962014487e-75
5.127150000000000318e+00 3.155583265145993206e-76 -3.031045942755948438e-76 9.342212473047935464e-76
5.132150000000000212e+00 3.264229503222240308e-77 -3.135404380308199889e-77 9.663863386752680888e-77
5.137150000000000105e+00 3.308404284819982249e-78 -3.177835772948957236e-78 9.794644342588922214e-78
5.142149999999999999e+00 3.285438263402001173e-79 -3.155776121787413167e-79 9.726652648591415513e-79
5.147149999999999892e+00 3.196722179335892792e-80 -3.070561280640289073e-80 9.464005639312074657e-80
5.152150000000000674e+00 3.047567440569796538e-81 -2.927293038989700762e-81 9.022427920129293838e-81
5.157149999999999679e+00 2.846679691869972643e-82 -2.734333467181988182e-82 8.427692850921933467e-82
5.162150000000000460e+00 2.605317931096810552e-83 -2.502497218774806192e-83 7.713133080968427661e-83
5.167149999999999466e+00 2.336252080937941325e-84 -2.244050242437324666e-84 6.916554404313207317e-84
5.172150000000000247e+00 2.052652919314102619e-85 -1.971643522036876629e-85 6.076949360665081296e-85
5.177150000000000141e+00 1.767047356039034353e-86 -1.697309584043525978e-86 5.231404296121594685e-86
5.182150000000000034e+00 1.490451001444174185e-87 -1.431629299946519210e-87 4.412531302834868026e-87
5.187149999999999928e+00 1.231754237777421400e-88 -1.183142186778864598e-88 3.646650662333707538e-88
5.192149999999999821e+00 9.973952012124921320e-90 -9.580322951229437378e-90 2.952822697547928002e-89
5.197150000000000603e+00 7.913112332602095516e-91 -7.600815765257803021e-91 2.342704043046199296e-90
5.202149999999999608e+00 6.151262134504437002e-92 -5.908498229646590816e-92 1.821102249865546482e-91
5.207150000000000389e+00 4.685090516627014806e-93 -4.500190110245642274e-93 1.387037114349967274e-92
5.212150000000000283e+00 3.496299148388177402e-94 -3.358315233013731378e-94 1.035091352979008671e-93
5.217150000000000176e+00 2.556442507420454461e-95 -2.455550698215255349e-95 7.568435713056164937e-95
5.222150000000000070e+00 1.831472168012332083e-96 -1.759191825308191900e-96 5.422136161332855651e-96
5.227149999999999963e+00 1.285586974977956553e-97 -1.234850376983016650e-97 3.806024326938929756e-97
5.232150000000000745e+00 8.841774844135347479e-99 -8.492827954846572349e-99 2.617637764311726731e-98
5.237149999999999750e+00 5.958189151479959283e-100 -5.723045008267327204e-100 1.763942331122724475e-99
5.242150000000000531e+00 3.933924029601636626e-101 -3.778668939189757409e-101 1.164651699839303003e-100
5.247149999999999537e+00 2.544922130701545050e-102 -2.444484981300504444e-102 7.534329242703593750e-102
5.252150000000000318e+00 1.613094740992244210e-103 -1.549432817688394020e-103 4.775622299672881945e-103
5.257150000000000212e+00 1.001802473298658651e-104 -9.622656311033039581e-105 2.965870577700621571e-104
5.262150000000000105e+00 6.095946840804194766e-106 -5.855365993082215919e-106 1.804725967469060642e-105
5.267149999999999999e+00 3.634436538609310638e-107 -3.491000933561487797e-107 1.075987401078010847e-106
5.272149999999999892e+00 2.123097095345039673e-108 -2.039307568905059111e-108 6.285501759595138457e-108
5.277150000000000674e+00 1.215176800558527867e-109 -1.167218989828699228e-109 3.597572590945754725e-109
5.282149999999999679e+00 6.814687267320872336e-111 -6.545740821010363074e-111 2.017511535565210774e-110
5.287150000000000460e+00 3.744460369939701915e-112 -3.596682596677093877e-112 1.108560333655649724e-111
5.292149999999999466e+00 2.015901898849145893e-113 -1.936342906552338651e-113 5.968146704250630726e-113
5.297150000000000247e+00 1.063374879612102477e-114 -1.021408038912175678e-114 3.148157798136380452e-114
5.302150000000000141e+00 5.495918029261050815e-116 -5.279017742395123116e-116 1.627085380091722587e-115
5.307150000000000034e+00 2.783113666937941351e-117 -2.673276120321417909e-117 8.239503454197299906e-117
5.312149999999999928e+00 1.380888105086691062e-118 -1.326390380679540932e-118 4.088166590852922616e-118
5.317149999999999821e+00 6.713096351877752267e-120 -6.448159262800227043e-120 1.987435196655573158e-119
5.322150000000000603e+00 3.197599886488863316e-121 -3.071404348460586283e-121 9.466604121438312485e-121
5.327149999999999608e+00 1.492320848667601734e-122 -1.433425352328538901e-122 4.418067049663742100e-122
5.332150000000000389e+00 6.823970493051917946e-124 -6.554657677681219422e-124 2.020259866378505615e-123
5.337150000000000283e+00 3.057376488190057263e-125 -2.936714965617325296e-125 9.051467941997439822e-125
5.342150000000000176e+00 1.342139165700339713e-126 -1.289170695554960623e-126 3.973449026955640050e-126
5.347150000000000070e+00 5.772753665690508573e-128 -5.544927864900172652e-128 1.709043519628118877e-127
5.352149999999999963e+00 2.432794071666136266e-129 -2.336782135312531177e-129 7.202370278644803389e-129
5.357150000000000745e+00 1.004533719066175517e-130 -9.648890863274940640e-131 2.973956524459844897e-130
5.362149999999999750e+00 4.064063985543980110e-132 -3.903672829851185467e-132 1.203180080093914506e-131
5.367150000000000531e+00 1.610992067581912651e-133 -1.547413127769329139e-133 4.769397262933154637e-133
5.372149999999999537e+00 6.256956192603435175e-135 -6.010020997089683573e-135 1.852393338229655392e-134
5.377150000000000318e+00 2.381056352415208253e-136 -2.287086281694917038e-136 7.049198986525333925e-136
5.382150000000000212e+00 8.877957893514160188e-138 -8.527583014625084057e-138 2.628349880165340324e-137
5.387150000000000105e+00 3.243346399670150816e-139 -3.115345443187782141e-139 9.602038242528083772e-139
5.392149999999999999e+00 1.160941768953350000e-140 -1.115124382052754214e-140 3.437007919959454213e-140
5.397149999999999892e+00 4.071593249174508862e-142 -3.910904945774524521e-142 1.205409144412354297e-141
5.402150000000000674e+00 1.399120699277079138e-143 -1.343903412662254505e-143 4.142144811216412553e-143
5.407149999999999679e+00 4.710671561273252760e-145 -4.524761580896637442e-145 1.394610470344314154e-144
5.412150000000000460e+00 1.553986766486273111e-146 -1.492657581145038229e-146 4.600631114117584672e-146
5.417149999999999466e+00 5.022832020405821720e-148 -4.824602407026405822e-148 1.487026644783804787e-147
5.422150000000000247e+00 1.590694720363203348e-149 -1.527916829694900313e-149 4.709306270421307227e-149
5.427150000000000141e+00 4.935849082656323817e-151 -4.741052312352409970e-151 1.461275047766505760e-150
5.432150000000000034e+00 1.500630442047405090e-152 -1.441407001736472759e-152 4.442667885831283363e-152
5.437149999999999928e+00 4.470153944126122328e-154 -4.293736161391110525e-154 1.323404404964335584e-153
5.442149999999999821e+00 1.304692165055147369e-155 -1.253201567239560793e-155 3.862585897349855532e-155
5.447150000000000603e+00 3.731044907550952208e-157 -3.583796584951111394e-157 1.104588640005301516e-156
5.452149999999999608e+00 1.045417451361817886e-158 -1.004159321585420152e-158 3.094994224309056126e-158
5.457150000000000389e+00 2.870026205311411665e-160 -2.756710826041686932e-160 8.496763236664510261e-160
5.462150000000000283e+00 7.720027120902157135e-162 -7.389731668451083125e-162 2.282978591025539542e-161
5.467150000000000176e+00 2.034644961218484238e-163 2.034644961218484238e-163 2.034644961218484238e-163
5.472150000000000070e+00 5.254063238829155607e-165 5.254063238829155607e-165 5.254063238829155607e-165
5.477149999999999963e+00 1.329348352080677376e-166 1.329348352080677376e-166 1.329348352080677376e-166
5.482150000000000745e+00 3.295483599490284479e-168 3.295483599490284479e-168 3.295483599490284479e-168
5.487149999999999750e+00 8.004539555127906116e-170 8.004539555127906116e-170 8.004539555127906116e-170
5.492150000000000531e+00 1.904979922492167618e-171 1.904979922492167618e-171 1.904979922492167618e-171
5.497149999999999537e+00 4.442028062071267308e-173 4.442028062071267308e-173 4.442028062071267308e-173
5.502150000000000318e+00 1.014866787842993671e-174 1.014866787842993671e-174 1.014866787842993671e-174
5.507150000000000212e+00 2.271818489741215408e-176 2.271818489741215408e-176 2.271818489741215408e-176
5.512150000000000105e+00 4.982818483763094897e-178 4.982818483763094897e-178 4.982818483763094897e-178
5.517149999999999999e+00 1.070812299879147820e-179 1.070812299879147820e-179 1.070812299879147820e-179
5.522149999999999892e+00 2.254698534965345931e-181 2.254698534965345931e-181 2.254698534965345931e-181
5.527150000000000674e+00 4.651579646293782681e-183 4.651579646293782681e-183 4.651579646293782681e-183
5.532149999999999679e+00 9.402628724079346875e-185 9.402628724079346875e-185 9.402628724079346875e-185
5.537150000000000460e+00 1.862237042938644432e-186 1.862237042938644432e-186 1.862237042938644432e-186
5.542149999999999466e+00 3.613744819014945122e-188 3.613744819014945122e-188 3.613744819014945122e-188
5.547150000000000247e+00 6.870950980409075103e-190 6.870950980409075103e-190 6.870950980409075103e-190
5.552150000000000141e+00 1.280009124704129467e-191 1.280009124704129467e-191 1.280009124704129467e-191
5.557150000000000034e+00 2.336394247689245459e-193 2.336394247689245459e-193 2.336394247689245459e-193
5.562149999999999928e+00 4.178457972757314953e-195 4.178457972757314953e-195 4.178457972757314953e-195
5.567149999999999821e+00 7.321883184030731754e-197 7.321883184030731754e-197 7.321883184030731754e-197
5.572150000000000603e+00 1.257090083147298752e-198 1.257090083147298752e-198 1.257090083147298752e-198
