6.860526242979276503e+02 2.534679235278073702e-180 2.534679235278073702e-180 2.534679235278073702e-180
6.841596998041001143e+02 1.486353017114254204e-178 1.486353017114254204e-178 1.486353017114254204e-178
6.822771923066339923e+02 8.539998184730420999e-177 8.539998184730420999e-177 8.539998184730420999e-177
6.804050160524654984e+02 4.807623341208817488e-175 4.807623341208817488e-175 4.807623341208817488e-175
6.785430862271844035e+02 2.651794948579308576e-173 2.651794948579308576e-173 2.651794948579308576e-173
6.766913189422263031e+02 1.433132319766500541e-171 1.433132319766500541e-171 1.433132319766500541e-171
6.748496312222736151e+02 7.588736771445591058e-170 7.588736771445591058e-170 7.588736771445591058e-170
6.730179409928615542e+02 3.937218659840584023e-168 3.937218659840584023e-168 3.937218659840584023e-168
6.711961670681861278e+02 2.001457755311454120e-166 2.001457755311454120e-166 2.001457755311454120e-166
6.693842291391085837e+02 9.968737689002705361e-165 9.968737689002705361e-165 9.968737689002705361e-165
6.675820477613547155e+02 4.864864586751054020e-163 4.864864586751054020e-163 4.864864586751054020e-163
6.657895443439035716e+02 2.326152543544511732e-161 2.326152543544511732e-161 2.326152543544511732e-161
6.640066411375624966e+02 1.089789134988697544e-159 1.089789134988697544e-159 1.089789134988697544e-159
6.622332612237266858e+02 5.002459755863157348e-158 5.002459755863157348e-158 5.002459755863157348e-158
6.604693285033160919e+02 2.249891528795505655e-156 2.249891528795505655e-156 2.249891528795505655e-156
6.587147676858911609e+02 9.914627563686546184e-155 9.914627563686546184e-155 9.914627563686546184e-155
6.569695042789390982e+02 4.280830936580805862e-153 4.280830936580805862e-153 4.280830936580805862e-153
6.552334645773325974e+02 1.810992265426348444e-151 1.810992265426348444e-151 1.810992265426348444e-151
6.535065756529530745e+02 7.506577310298587738e-150 7.506577310298587738e-150 7.506577310298587738e-150
6.517887653444786338e+02 3.048626183776587990e-148 3.048626183776587990e-148 3.048626183776587990e-148
6.500799622473323325e+02 1.213118529274740178e-146 1.213118529274740178e-146 1.213118529274740178e-146
6.483800957037889248e+02 4.729760439230099557e-145 4.729760439230099557e-145 4.729760439230099557e-145
6.466890957932346282e+02 1.806807563632570518e-143 1.806807563632570518e-143 1.806807563632570518e-143
6.450068933225815044e+02 6.762721498618513233e-142 -4.645082930921462446e-142 1.817052592815848745e-141
6.433334198168279272e+02 2.480092921766999054e-140 -2.437186890640365781e-140 7.397372734174364821e-140
6.416686075097688899e+02 8.911509005206407850e-139 -8.756075593928046681e-139 2.657909360434086387e-138
6.400123893348476258e+02 3.137410856565584862e-137 -3.082689223702759777e-137 9.357510936833929502e-137
6.383646989161495640e+02 1.082251975115416830e-135 -1.063375711285729855e-135 3.227879661516563362e-135
6.367254705595356654e+02 3.657819126063571773e-134 -3.594020712706470951e-134 1.090965896483361499e-133
6.350946392439104784e+02 1.211303335427378755e-132 -1.190176202501697223e-132 3.612782873356454577e-132
6.334721406126254806e+02 3.930252449651172000e-131 -3.861702348692383130e-131 1.172220724799472713e-130
6.318579109650128203e+02 1.249467109293498062e-129 -1.227674337052019115e-129 3.726608555639015400e-129
6.302518872480492291e+02 3.891939288146556141e-128 -3.824057432070885901e-128 1.160793600836399818e-127
6.286540070481453313e+02 1.187802220490823605e-126 -1.167084985866110895e-126 3.542689426847758269e-126
6.270642085830614860e+02 3.551886307848266450e-125 -3.489935537988988526e-125 1.059370815368552143e-124
6.254824306939433427e+02 1.040664707808169266e-123 -1.022513794680209466e-123 3.103843210296547829e-123
6.239086128374807458e+02 2.987441738352949188e-122 -2.935335815032221505e-122 8.910219291738120419e-122
6.223426950781818050e+02 8.402817078751560672e-121 -8.256258055771156503e-121 2.506189221327427785e-120
6.207846180807650853e+02 2.315726267427678989e-119 -2.275336172526939758e-119 6.906788707382298561e-119
6.192343231026646890e+02 6.252970526780939902e-118 -6.143908382199933678e-118 1.864984943576181348e-117
6.176917519866476596e+02 1.654330926740011561e-116 -1.625476660124793863e-116 4.934138513604816986e-116
6.161568471535422304e+02 4.288399562743792557e-115 -4.213602783976070383e-115 1.279040190946365369e-114
6.146295515950722574e+02 1.089193258725392794e-113 -1.070195927432855776e-113 3.248582444883641220e-113
6.131098088668002219e+02 2.710512994638607102e-112 -2.663237166479211878e-112 8.084263155756425620e-112
6.115975630811730070e+02 6.608986883990555284e-111 -6.493715225506165404e-111 1.971168899348727449e-110
6.100927589006716971e+02 1.578901849902989502e-109 -1.551363191101415995e-109 4.709166890907394527e-109
6.085953415310605124e+02 3.695832025797476682e-108 -3.631370604618800548e-108 1.102303465621375240e-107
6.071052567147369246e+02 8.476296944954667159e-107 -8.328456311616893939e-107 2.528105020152623068e-106
6.056224507241773836e+02 1.904745464818148113e-105 -1.871523554626135421e-105 5.681014484262431648e-105
6.041468703554808144e+02 4.193769733085513186e-104 -4.120623455006881571e-104 1.250816292117790732e-103
6.026784629220037459e+02 9.047093134580056243e-103 -8.889296871946660611e-103 2.698348314110677607e-102
6.012171762480905954e+02 1.912275181576865315e-101 -1.878921940674984707e-101 5.703472303828715654e-101
5.997629586628934248e+02 3.960304354840570013e-100 -3.891230098967569601e-100 1.181183880864871064e-99
5.983157589942812820e+02 8.036067673707207758e-99 -7.895905366729785321e-99 2.396804071414419921e-98
5.968755265628384450e+02 1.597700807737490300e-97 -1.569834264029192178e-97 4.765235879504172518e-97
5.954422111759479321e+02 3.112319483133048467e-96 -3.058035485471528676e-96 9.282674451737626857e-96
5.940157631219605037e+02 5.940318559991980268e-95 -5.836709582646566714e-95 1.771734670263052725e-94
5.925961331644480197e+02 1.110892786441506279e-93 -1.091516979507680646e-93 3.313302552390693417e-93
5.911832725365376291e+02 2.035501399405125617e-92 -1.999998889523113447e-92 6.071001688333365363e-92
5.897771329353281544e+02 3.654327879180996507e-91 -3.590590358941014676e-91 1.089924611730300823e-90
5.883776665163846928e+02 6.428068030538628849e-90 -6.315951895985994288e-90 1.917208795706325286e-89
5.869848258883127983e+02 1.107873731189433494e-88 -1.088550581570632725e-88 3.304298043949499713e-88
5.855985641074084924e+02 1.870841145315854733e-87 -1.838210582512177371e-87 5.579892873143886837e-87
5.842188346723841050e+02 3.095425870069966146e-86 -3.041436524950536430e-86 9.232288265090469436e-86
5.828455915191688064e+02 5.018116623805184232e-85 -4.930592372982702292e-85 1.496682562059307247e-84
5.814787890157821266e+02 7.970727099764995956e-84 -7.831704440424019736e-84 2.377315863995401256e-83
5.801183819572795528e+02 1.240486313971925728e-82 -1.218850181648231752e-82 3.699822809592082623e-82
5.787643255607683841e+02 1.891571933697235824e-81 -1.858579791666375976e-81 5.641723659060847156e-81
5.774165754604941867e+02 2.826119965509464073e-80 -2.776827760629918298e-80 8.429067691648846819e-80
5.760750877029945514e+02 4.137091937226998947e-79 -4.064934213609772242e-79 1.233911808806376954e-78
5.747398187423219724e+02 5.933850474909417389e-78 -5.830354311646799101e-78 1.769805526146563388e-77
5.734107254353305052e+02 8.339017247429141812e-77 -8.193570998965006499e-77 2.487160549382328706e-76
5.720877650370301808e+02 1.148232917345537871e-75 -1.128205836786317192e-75 3.424671671477392688e-75
5.707708951960038348e+02 1.549108943282056307e-74 -1.522089922023125280e-74 4.620307808587237697e-74
5.694600739498885105e+02 2.047720965116136363e-73 -2.012005325791391587e-73 6.107447256023665254e-73
5.681552597209174564e+02 2.652139962653699475e-72 -2.605882256663779249e-72 7.910162181971179204e-72
5.668564113115240843e+02 3.365572494540878336e-71 -3.306871345600486472e-71 1.003801633468224395e-70
5.655634879000068622e+02 4.184641976278638740e-70 -4.111654901317071025e-70 1.248093885387434786e-69
5.642764490362513925e+02 5.097937560381358745e-69 -5.009021100372063981e-69 1.520489622113478147e-68
5.629952546375133124e+02 6.085097819086991034e-68 -5.978963651965748412e-68 1.814915929013973460e-67
5.617198649842557643e+02 7.116680410581389689e-67 -6.992553737400990586e-67 2.122591455856376733e-66
5.604502407160454140e+02 8.155004594318529166e-66 -8.012767830543222795e-66 2.432277701918028429e-65
5.591863428275037222e+02 9.156042587453552771e-65 -8.996346065870227171e-65 2.730843124077733609e-64
5.579281326643115335e+02 1.007229055458215215e-63 -9.896613153404234130e-64 3.004119426256853304e-63
5.566755719192690322e+02 1.085639244028946572e-62 -1.066703900562942073e-62 3.237982388620835649e-62
5.554286226284076520e+02 1.146514812127279151e-61 -1.126517698081559491e-61 3.419547322336118138e-61
5.541872471671546236e+02 1.186344040866291528e-60 -1.165652239192664616e-60 3.538340320925247673e-60
5.529514082465490219e+02 1.202758635282115432e-59 -1.181780535912149095e-59 3.587297806476380181e-59
5.517210689095076077e+02 1.194766842603561194e-58 -1.173928133277081657e-58 3.563461818484204223e-58
5.504961925271406926e+02 1.162852649239528759e-57 -1.142570576173666193e-57 3.468275874652723428e-57
5.492767427951176842e+02 1.108927258794139524e-56 -1.089585733656102982e-56 3.307440251244381578e-56
5.480626837300796979e+02 1.036139615852813687e-55 -1.018067627511048433e-55 3.090346859216676171e-55
5.468539796661005994e+02 9.485720982533150675e-55 -9.320274321586051321e-55 2.829171628665235122e-54
5.456505952511938631e+02 8.508622588458248028e-54 -8.360218138614190427e-54 2.537746331553068532e-53
5.444524954438661553e+02 7.477992445380586285e-53 -7.347563888887922869e-53 2.230354877964909358e-52
5.432596455097166199e+02 6.439433032933967752e-52 -6.327118669417074932e-52 1.920598473528500821e-51
5.420720110180792517e+02 5.433092354328839077e-51 -5.338330235873619024e-51 1.620451494453129718e-50
5.408895578387104024e+02 4.491417130738162355e-50 -4.413079384980412796e-50 1.339591364645673751e-49
5.397122521385193750e+02 3.637948460891803518e-49 -3.574496619792257639e-49 1.085039354157586392e-48
5.385400603783418774e+02 2.887131335636487679e-48 -2.836774986635924421e-48 8.611037657908900385e-48
5.373729493097544037e+02 2.244984702446318020e-47 -2.205828452587393092e-47 6.695797857480029131e-47
5.362108859719309066e+02 1.710397602031499178e-46 -1.680565435315333683e-46 5.101360639378331846e-46
5.350538376885398293e+02 1.276784551533221692e-45 -1.254515313656902713e-45 3.808084416723345787e-45
5.339017720646813814e+02 9.338454496425811857e-45 -9.175576370829035489e-45 2.785248536368066045e-44
5.327546569838643791e+02 6.692205090151226739e-44 -6.575481933563456117e-44 1.995989211386590959e-43
5.316124606050210559e+02 4.698944594942039523e-43 -4.616987201315582129e-43 1.401487639119966038e-42
5.304751513595617780e+02 3.232721220423459791e-42 -3.176337190994251666e-42 9.641779631841172523e-42
5.293426979484661388e+02 2.179079280097601407e-41 -2.141072512349540953e-41 6.499231072544744022e-41
5.282150693394115706e+02 1.439178477945773591e-40 -1.414076807415033381e-40 4.292433763306579952e-40
5.270922347639393593e+02 9.313075586807359721e-40 -9.150640002015785818e-40 2.777679117563050200e-39
5.259741637146554467e+02 5.904844255827356697e-39 -5.801853891399476672e-39 1.761154240305419072e-38
5.248608259424676135e+02 3.668264258649285497e-38 -3.604283573609897887e-38 1.094081209090846993e-37
5.237521914538580177e+02 2.232798999886319319e-37 -2.193855224192084033e-37 6.659453223964722253e-37
5.226482305081887034e+02 1.331605226957499211e-36 -1.308379778374353632e-36 3.971590232289351720e-36
5.215489136150431477e+02 7.781049913987017785e-36 -7.645335160365812532e-36 2.320743498833984810e-35
5.204542115315995261e+02 4.454897941441217739e-35 -4.377196885176366229e-35 1.328699276805880064e-34
5.193640952600380842e+02 2.499045509094062290e-34 -2.455457833884456650e-34 7.453548852072581657e-34
5.182785360449804557e+02 1.373559316501030347e-33 -1.349602040724058215e-33 4.096720673726118566e-33
5.171975053709613803e+02 7.397032406036898877e-33 -7.268015053892369064e-33 2.206207986596616682e-32
5.161209749599318002e+02 3.903053212733562954e-32 -3.834976933189825323e-32 1.164108335865695014e-31
5.150489167687928784e+02 2.017847180340040248e-31 -1.982652215576457350e-31 6.018346576256537409e-31
5.139813029869618504e+02 1.022136557903070581e-30 -1.004308569770757381e-30 3.048581685576898544e-30
5.129181060339656142e+02 5.073018205049418059e-30 -4.984534912277291198e-30 1.513057132237612732e-29
5.118592985570670066e+02 2.466952404269252918e-29 -2.423923783439199322e-29 7.357828591977705438e-29
5.108048534289186478e+02 1.175417011021998294e-28 -1.154915263636728192e-28 3.505749285680725004e-28
5.097547437452459462e+02 5.487316686519949842e-28 -5.391605710461904235e-28 1.636623908350180571e-27
5.087089428225591519e+02 2.509949202826003737e-27 -2.466169766075690636e-27 7.486068171727697751e-27
5.076674241958929770e+02 1.124881292967314300e-26 -1.105260510193535210e-26 3.355023096128163811e-26
5.066301616165743553e+02 4.939526433060349438e-26 -4.853367473286558561e-26 1.473242033940725801e-25
5.055971290500173154e+02 2.125204823132364738e-25 -2.088134804894260312e-25 6.338544451158990707e-25
5.045683006735445701e+02 8.958867935565773790e-25 -8.802595012546118610e-25 2.672033088367766986e-24
5.035436508742358797e+02 3.700346071322628352e-24 -3.635797937733703585e-24 1.103649008037896176e-23
5.025231542468029602e+02 1.497505488050531825e-23 -1.471382478797429018e-23 4.466393454898492960e-23
5.015067855914891766e+02 5.937879497263973942e-23 -5.834293044602207592e-23 1.771005203913015430e-22
5.004945199119956101e+02 2.306913029542682853e-22 -2.266666928862161377e-22 6.880492987947527083e-22
4.994863324134319100e+02 8.781484892657000969e-22 -8.628274998218232680e-22 2.619124478353223462e-21
4.984821985002914175e+02 3.275228476563249167e-21 -3.218081494091152703e-21 9.768538447217650662e-21
4.974820937744517551e+02 1.196884286012557933e-20 -1.175998782821331482e-20 3.569767354846447498e-20
4.964859940331978123e+02 4.285481932216320804e-20 -4.210691883895020962e-20 1.278165574832766137e-19
4.954938752672700844e+02 1.503433192791005266e-19 -1.477191459442096279e-19 4.484057845024106088e-19
4.945057136589354059e+02 5.167798741726882106e-19 -5.077580509893296177e-19 1.541317799334706039e-18
4.935214855800807641e+02 1.740460122299181886e-18 -1.710068543371849733e-18 5.190988787970213504e-18
4.925411675903303035e+02 5.743275313777144150e-18 -5.642958330234149717e-18 1.712950895778843956e-17
4.915647364351842725e+02 1.856916278823627050e-17 -1.824470046130716475e-17 5.538302603777969960e-17
4.905921690441802525e+02 5.882503744959492390e-17 -5.779671182353219791e-17 1.754467867227220457e-16
4.896234425290760441e+02 1.825868056279997995e-16 -1.793931833796046214e-16 5.445667946356042204e-16
4.886585341820546660e+02 5.552824782680318909e-16 -5.455631700399774545e-16 1.656128126576041236e-15
4.876974214739491913e+02 1.654611690747527721e-15 -1.625624802674302859e-15 4.934848184169358301e-15
4.867400820524899814e+02 4.830765114721847147e-15 -4.746042059167921872e-15 1.440757228861161617e-14
4.857864937405716432e+02 1.381890675364602926e-14 -1.357621247657799488e-14 4.121402598387005656e-14
4.848366345345403943e+02 3.873197620830309570e-14 -3.805057102544387306e-14 1.155145234420500645e-13
4.838904826025017769e+02 1.063663296678515896e-13 -1.044910039339215275e-13 3.172236632696246941e-13
4.829480162826480978e+02 2.862052959997841050e-13 -2.811456531364398044e-13 8.535562451360079639e-13
4.820092140816048527e+02 7.545545971165667069e-13 -7.411703935515073354e-13 2.250279587784640749e-12
4.810740546727974447e+02 1.949143688291926099e-12 -1.914424780712462221e-12 5.812712157296314419e-12
4.801425168948356941e+02 4.933306137259495117e-12 -4.844972034437312960e-12 1.471158430895630158e-11
4.792145797499177888e+02 1.223416560524343494e-11 -1.201367620993998707e-11 3.648200742042685857e-11
4.782902224022528799e+02 2.972720247742124672e-11 -2.918709995679171452e-11 8.864150491163420796e-11
4.773694241765011270e+02 7.077482091649318578e-11 -6.947598382418359815e-11 2.110256256571699697e-10
4.764521645562323329e+02 1.651013562456160428e-10 -1.620336257605111222e-10 4.922363382517432078e-10
4.755384231824022550e+02 3.773742150315459494e-10 -3.702539552756750801e-10 1.125002385338766979e-09
4.746281798518461414e+02 8.451752638714081845e-10 -8.289248295075139066e-10 2.519275357250330069e-09
4.737214145157900589e+02 1.854720118985393391e-09 -1.818224187830986856e-09 5.527664425801773844e-09
4.728181072783784202e+02 3.988156075747746043e-09 -3.907432465203175555e-09 1.188374461669866764e-08
4.719182383952190776e+02 8.403002005446403500e-09 -8.226989365363408055e-09 2.503299337625621506e-08
4.710217882719449563e+02 1.734895678390092272e-08 -1.697023352192534766e-08 5.166814708972719309e-08
4.701287374627912072e+02 3.509933472756380999e-08 -3.429431417969481383e-08 1.044929836348224338e-07
4.692390666691898673e+02 6.958627784654113626e-08 -6.789398462478314252e-08 2.070665403178654283e-07
4.683527567383790142e+02 1.351958255251872566e-07 -1.316738721459974879e-07 4.020655231963720011e-07
4.674697886620289182e+02 2.574172362660090201e-07 -2.501539216492241081e-07 7.649883941812420954e-07
4.665901435748828021e+02 4.803649232813091832e-07 -4.655107138423869018e-07 1.426240560405005162e-06
4.657138027534135745e+02 8.786078752411055179e-07 -8.484684321347582335e-07 2.605684182616969375e-06
4.648407476144948873e+02 1.575242847244768666e-06 -1.514559985850265519e-06 4.665045680339802427e-06
4.639709597140878259e+02 2.768704121377522879e-06 -2.647484232291356080e-06 8.184892475046402262e-06
4.631044207459424911e+02 4.771357158866449892e-06 -4.531223555425492520e-06 1.407393787315839315e-05
4.622411125403127699e+02 8.063393935205337174e-06 -7.592007742640314379e-06 2.371879561305098873e-05
4.613810170626872491e+02 1.336584329297785541e-05 -1.244978190854479700e-05 3.918146849450050782e-05
4.605241164125327487e+02 2.173656678883544954e-05 -1.997617169091114219e-05 6.344930526858202772e-05
4.596703928220528610e+02 3.469295223847890426e-05 -3.135168125068409810e-05 1.007375857276419066e-04
4.588198286549599061e+02 5.436482963102745445e-05 -4.810884405391056010e-05 1.568385033159654487e-04
4.579724064052601307e+02 8.368134270638590748e-05 -7.214057418744818182e-05 2.395032596002199697e-04
4.571281086960528910e+02 1.265968199487493926e-04 -1.056452206202987317e-04 3.588388605177975305e-04
4.562869182783430801e+02 1.883640440610765115e-04 -1.509744543062016618e-04 5.277025424283547390e-04
4.554488180298660609e+02 2.758697196563956035e-04 -2.103519502280245808e-04 7.620913895408157335e-04
4.546137909539262409e+02 3.980570899294230670e-04 -2.854476069743551968e-04 1.081561786833201222e-03
4.537818201782479264e+02 5.664744479108449948e-04 -3.768346918592333059e-04 1.509783587680923458e-03
4.529528889538387944e+02 7.960042172512621231e-04 -4.834384462687993551e-04 2.075446880771323818e-03
4.521269806538664398e+02 1.105841947672738228e-03 -6.022126390016076768e-04 2.813896534347084134e-03
4.513040787725460632e+02 1.520802601859291706e-03 -7.284432450073232996e-04 3.770048448725906495e-03
4.504841669240411193e+02 2.073026115727518662e-03 -8.572112256320923041e-04 5.003263457087129412e-03
4.496672288413760157e+02 2.804128666921381317e-03 -9.864899751401453969e-04 6.594747308982908465e-03
4.488532483753597262e+02 3.767796069534718600e-03 -1.121856220299200825e-03 8.657448359368638893e-03
4.480422094935221935e+02 5.032742144604741147e-03 -1.281695152258144257e-03 1.134717944146762525e-02
4.472340962790613617e+02 6.685866418041863657e-03 -1.500441884722214471e-03 1.487217472080594287e-02
4.464288929298021458e+02 8.835359305589990039e-03 -1.826934729333898723e-03 1.949765334051388119e-02
4.456265837571662018e+02 1.161344299012238325e-02 -2.316340517520328740e-03 2.554322649776509177e-02
4.448271531851532927e+02 1.517842753830545184e-02 -3.016652384578810079e-03 3.337350746118971506e-02
4.440305857493329427e+02 1.971582161225642754e-02 -3.952464534848012384e-03 4.338410775936087094e-02
4.432368660958475175e+02 2.543836398512954247e-02 -5.108800258461935161e-03 5.598552822872102097e-02
4.424459789804257071e+02 3.258500695750226467e-02 -6.417377098889948464e-03 7.158739101389448301e-02
4.416579092674064100e+02 4.141902634002740669e-02 -7.748097527448752873e-03 9.058615020750356017e-02
4.408726419287733620e+02 5.222547307140675693e-02 -8.909822584814989371e-03 1.133607687276284998e-01
4.400901620431997117e+02 6.530803524857439757e-02 -9.665860861352770436e-03 1.402819313585015604e-01
4.393104547951029986e+02 8.098499327885501364e-02 -9.770020117860295228e-03 1.717400066755702948e-01
4.385335054737102496e+02 9.958333903049736147e-02 -9.027131436878946952e-03 2.081938094978736664e-01
4.377592994721324544e+02 1.214294027647877389e-01 -7.375920685827074171e-03 2.502347262154025476e-01
4.369878222864493864e+02 1.468337042733280362e-01 -4.980736632741909579e-03 2.986481451793979724e-01
4.362190595148039165e+02 1.760675108327346416e-01 -2.303761799086065203e-03 3.544387834645553736e-01
4.354529968565055924e+02 2.093290528252882421e-01 -1.190846449334813893e-04 4.187771902955099712e-01
4.346896201111442224e+02 2.466987459938368987e-01 5.622523519887431213e-04 4.928352396356849852e-01
4.339289151777120424e+02 2.880851389966229692e-01 -1.345159583136337463e-03 5.775154375763823511e-01
4.331708680537358305e+02 3.331664180745433357e-01 -6.793621135230075089e-03 6.731264572843168592e-01
4.324154648344174348e+02 3.813356322388042896e-01 -1.641252383001697707e-02 7.790837883076255910e-01
4.316626917117838502e+02 4.316605862813294725e-01 -3.038310041561658598e-02 8.937042729782755934e-01
4.309125349738455952e+02 4.828707221379775483e-01 -4.839124770528685504e-02 1.014132691981242118e+00
4.301649810037645238e+02 5.333825229424176140e-01 -6.964686007630679909e-02 1.136411905961141944e+00
4.294200162790294826e+02 5.813716228133170016e-01 -9.294995227078554911e-02 1.255693197897419733e+00
4.286776273706411757e+02 6.248940077915028368e-01 -1.167858541529117056e-01 1.366573869735917324e+00
4.279378009423053868e+02 6.620511634604951956e-01 -1.394356680860234510e-01 1.463537995007013759e+00
4.272005237496339305e+02 6.911859927059551545e-01 -1.590907032616758199e-01 1.541462688673586268e+00
4.264657826393546429e+02 7.110893101985745757e-01 -1.739611879057978150e-01 1.596139808302946772e+00
4.257335645485294435e+02 7.211921918126918962e-01 -1.823717609890183611e-01 1.624756144614402320e+00
4.250038565037793319e+02 7.217184952763372463e-01 -1.828403948009583169e-01 1.626277385353632754e+00
4.242766456205191048e+02 7.137748809649806514e-01 -1.741443949648438239e-01 1.601694156894804877e+00
4.235519191021983261e+02 6.993622697137118482e-01 -1.553876144006500482e-01 1.554112153828073772e+00
4.228296642395511640e+02 6.813017891258441594e-01 -1.260975128126589906e-01 1.488701091064347226e+00
4.221098684098531066e+02 6.630783371768690371e-01 -8.639869269031069665e-02 1.412555367044048715e+00
4.213925190761858062e+02 6.486142929560609893e-01 -3.732447153671367840e-02 1.334553057448835567e+00
4.206776037867091418e+02 6.419932594760315858e-01 1.869205157904915010e-02 1.265294467373014209e+00
4.199651101739410137e+02 6.471582005182792141e-01 7.726825369866369142e-02 1.217048147337894681e+00
4.192550259540435036e+02 6.676097423118584340e-01 1.320859112690341841e-01 1.203133573354682850e+00
4.185473389261177886e+02 7.061291287325768273e-01 1.767053445923688626e-01 1.235552912872784681e+00
4.178420369715046263e+02 7.645470774035958428e-01 2.082669877703229866e-01 1.320827167036868754e+00
4.171391080530928548e+02 8.435753981663285384e-01 2.296018096731065883e-01 1.457548986659550572e+00
4.164385402146347701e+02 9.427133633493340881e-01 2.469681342810881863e-01 1.638458592417580073e+00
4.157403215800680982e+02 1.060235829479870606e+00 2.663573380089745424e-01 1.854114320950766448e+00
4.150444403528447310e+02 1.193265083085862432e+00 2.916664835593980598e-01 2.094863682612326361e+00
4.143508848152665678e+02 1.337923232604913082e+00 3.246156148588490997e-01 2.351230850350977342e+00
4.136596433278280642e+02 1.489556623442522154e+00 3.652691053751009886e-01 2.613844141509943597e+00
4.129707043285644659e+02 1.643018328357502833e+00 4.125705754112946044e-01 2.873466081303710951e+00
4.122840563324077152e+02 1.792989649925335049e+00 4.647473446224987814e-01 3.121231955228171095e+00
4.115996879305479297e+02 1.934317403806871560e+00 5.195950294827282878e-01 3.349039778131014611e+00
4.109175877898016438e+02 2.062341280442915092e+00 5.746837546535691343e-01 3.549998806232261384e+00
4.102377446519861905e+02 2.173185465099888081e+00 6.275258122940218231e-01 3.718845117905754005e+00
4.095601473333003355e+02 2.263991289255916417e+00 6.757371240225085174e-01 3.852245454489324761e+00
4.088847847237108795e+02 2.333072907187200951e+00 7.172151198993678145e-01 3.948930694475033754e+00
4.082116457863457413e+02 2.379985286148754486e+00 7.503415530389446753e-01 4.009629019258564853e+00
4.075407195568922702e+02 2.405502231279055270e+00 7.741988023182255763e-01 4.036805660239885185e+00
4.068719951430024366e+02 2.411510604668070545e+00 7.887645772658747889e-01 4.034256632070267301e+00
4.062054617237029106e+02 2.400834237601477739e+00 7.950301342789015679e-01 4.006638340924054020e+00
4.055411085488117919e+02 2.377006405135552392e+00 7.949825099088109193e-01 3.959030300362293975e+00
4.048789249383602851e+02 2.344012631042010408e+00 7.914111184112764263e-01 3.896614143672743946e+00
4.042189002820207975e+02 2.306025926887798949e+00 7.875422658914281726e-01 3.824509587884169726e+00
4.035610240385397560e+02 2.267154612792729118e+00 7.865569709687565414e-01 3.747752254616701251e+00
4.029052857351770172e+02 2.231219148716681477e+00 7.910866665501516959e-01 3.671351630883211037e+00
4.022516749671494836e+02 2.201569588644609610e+00 8.027933676427302379e-01 3.600345809646488870e+00
4.016001813970813714e+02 2.180950048099133731e+00 8.221257237320975797e-01 3.539774372466169439e+00
4.009507947544588546e+02 2.171411593003748752e+00 8.483097617618771125e-01 3.494513424245620392e+00
4.003035048350902798e+02 2.174270767988318642e+00 8.795903991286206924e-01 3.468951136848016148e+00
3.996583015005721791e+02 2.190108015846359280e+00 9.136851825074289168e-01 3.466530849185289753e+00
3.990151746777593758e+02 2.218798774265356766e+00 9.483440926223424272e-01 3.489253455908371659e+00
3.983741143582411155e+02 2.259570152460126380e+00 9.818510849797196238e-01 3.537289219940533247e+00
3.977351105978216879e+02 2.311077629335852812e+00 1.013304480422958731e+00 3.608850778248747115e+00
3.970981535160065619e+02 2.371498748487137931e+00 1.042604994641247007e+00 3.700392502333029299e+00
3.964632332954926710e+02 2.438643633890130502e+00 1.070216367171508809e+00 3.807070900608752861e+00
3.958303401816643259e+02 2.510084460870333878e+00 1.096850262992367320e+00 3.923318658748300436e+00
3.951994644820936173e+02 2.583306909751256430e+00 1.123217754728247364e+00 4.043396064774265497e+00
3.945705965660455377e+02 2.655885391364364967e+00 1.149918782144881524e+00 4.161852000583848188e+00
3.939437268639880472e+02 2.725680124417256600e+00 1.177467444667167129e+00 4.273892804167346071e+00
3.933188458671065746e+02 2.791048167659142987e+00 1.206404428270728912e+00 4.375691907047557727e+00
3.926959441268232354e+02 2.851053094577284952e+00 1.237427354627719245e+00 4.464678834526850437e+00
3.920750122543205975e+02 2.905650560369748447e+00 1.271465262627791137e+00 4.539835858111705313e+00
3.914560409200700519e+02 2.955821367655619536e+00 1.309628674209091459e+00 4.602014061102146947e+00
3.908390208533643886e+02 3.003621692511659447e+00 1.352982313441800866e+00 4.654261071581517584e+00
3.902239428418550915e+02 3.052123468367445636e+00 1.402120981921057608e+00 4.702125954813833886e+00
3.896107977310937258e+02 3.105227373457148499e+00 1.456595335739622854e+00 4.753859411174674143e+00
3.889995764240779295e+02 3.167346146481619940e+00 1.514350344931379544e+00 4.820341948031860113e+00
3.883902698808013270e+02 3.242975473306942025e+00 1.571493869339420923e+00 4.914457077274462016e+00
3.877828691178079907e+02 3.336190593428124629e+00 1.622798824299990006e+00 5.049582362556259696e+00
3.871773652077509951e+02 3.450125301260090538e+00 1.663128832248811362e+00 5.237121770271369492e+00
3.865737492789547787e+02 3.586502107016227736e+00 1.689352401180844732e+00 5.483651812851610963e+00
3.859720125149821115e+02 3.745284452816774579e+00 1.701735429195305960e+00 5.788833476438242087e+00
3.853721461542047564e+02 3.924511935609682478e+00 1.704039326845731894e+00 6.144984544373633284e+00
3.847741414893781666e+02 4.120357478171028376e+00 1.702482200311911997e+00 6.538232756030145865e+00
3.841779898672202762e+02 4.327413809066230854e+00 1.704325173595844456e+00 6.950502444536617475e+00
3.835836826879940418e+02 4.539180297238720740e+00 1.716687589668693947e+00 7.361673004808747756e+00
3.829912114050940204e+02 4.748686597703411394e+00 1.745752219609828515e+00 7.751620975796993385e+00
3.824005675246364149e+02 4.949163591644163418e+00 1.796254190480429891e+00 8.102072992807896057e+00
3.818117426050536665e+02 5.134660606326892918e+00 1.871102135069127259e+00 8.398219077584657910e+00
3.812247282566916624e+02 5.300514303784094494e+00 1.971038439188221192e+00 8.629990168379968907e+00
3.806395161414119457e+02 5.443598929503917105e+00 2.094323789131218749e+00 8.792874069876615906e+00
3.800560979721961985e+02 5.562326080392999472e+00 2.236501726221833408e+00 8.888150434564165536e+00
3.794744655127557280e+02 5.656407855743767144e+00 2.390357550101616102e+00 8.922458161385918629e+00
3.788946105771434532e+02 5.726441380836449824e+00 2.546228105234790373e+00 8.906654656438108830e+00
3.783165250293700410e+02 5.773406367282264640e+00 2.692823970251572163e+00 8.853988764312957116e+00
3.777402007830232833e+02 5.798183602752605026e+00 2.818646979454065171e+00 8.777720226051144436e+00
3.771656298008913382e+02 5.801197515272483507e+00 2.913870800809374551e+00 8.688524229735591575e+00
3.765928040945885868e+02 5.782261011586343535e+00 2.972224307757029393e+00 8.592297715415659454e+00
3.760217157241859809e+02 5.740660610306669298e+00 2.992182282126877535e+00 8.489138938486460617e+00
3.754523567978437768e+02 5.675472558575187065e+00 2.976928091707520707e+00 8.374017025442853424e+00
3.748847194714481930e+02 5.586055554076544638e+00 2.933136822085188111e+00 8.238974286067900721e+00
3.743187959482511360e+02 5.472631591846698562e+00 2.869200589891268915e+00 8.076062593802127765e+00
3.737545784785131673e+02 5.336849451804009270e+00 2.793626490929535855e+00 7.880072412678482685e+00
3.731920593591499369e+02 5.182227807055628688e+00 2.714011098011911205e+00 7.650444516099345726e+00
3.726312309333814028e+02 5.014395178992040236e+00 2.636593691516869065e+00 7.392196666467211408e+00
3.720720855903845177e+02 4.841076907296574028e+00 2.566162288982024808e+00 7.115991525611123691e+00
3.715146157649490988e+02 4.671817847834794257e+00 2.506046272586412993e+00 6.837589423083175966e+00
3.709588139371362558e+02 4.517466303119633153e+00 2.458002548759464556e+00 6.576930057479801306e+00
3.704046726319405707e+02 4.389473752960874720e+00 2.421953799393348206e+00 6.356993706528401233e+00
3.698521844189550052e+02 4.299082826509044608e+00 2.395782249309194256e+00 6.202383403708895848e+00
3.693013419120384810e+02 4.256482077320940860e+00 2.375668073984907203e+00 6.137296080656975406e+00
3.687521377689870974e+02 4.270002421268896065e+00 2.357465836086328537e+00 6.182539006451463592e+00
3.682045646912076791e+02 4.345419999742246020e+00 2.338875733851162320e+00 6.351964265633330164e+00
3.676586154233945649e+02 4.485417400749315497e+00 2.321082187173750810e+00 6.649752614324880184e+00
3.671142827532090109e+02 4.689242375147000708e+00 2.308639748357740107e+00 7.069845001936261752e+00
3.665715595109619471e+02 4.952591612152550837e+00 2.307920331519931256e+00 7.597262892785169086e+00
3.660304385692986671e+02 5.267736333067544408e+00 2.325400860507907730e+00 8.210071805627180197e+00
3.654909128428872691e+02 5.623894859723112205e+00 2.366581114407950270e+00 8.881208605038274584e+00
3.649529752881091440e+02 6.007843160966452878e+00 2.435520954472871313e+00 9.580165367460033110e+00
3.644166189027527025e+02 6.404736729834976217e+00 2.534696152995026264e+00 1.027477730667492573e+01
3.638818367257091495e+02 6.799096591284486735e+00 2.664952803470405751e+00 1.093324037909856905e+01
3.633486218366718958e+02 7.175891147434399819e+00 2.825484436395334864e+00 1.152629785847346611e+01
3.628169673558373916e+02 7.521627681968464429e+00 3.013843695987461047e+00 1.202941166794946959e+01
3.622868664436099948e+02 7.825356903807495712e+00 3.226029285782495926e+00 1.242468452183249461e+01
3.617583123003078072e+02 8.079494471604455441e+00 3.456682583166068135e+00 1.270230636004284541e+01
3.612312981658726585e+02 8.280376789695717221e+00 3.699406732595094560e+00 1.286134684679633899e+01
3.607058173195816266e+02 8.428493812042848532e+00 3.947197537796022004e+00 1.290979008628967506e+01
3.601818630797612286e+02 8.528375886618729140e+00 4.192958696195630885e+00 1.286379307704182828e+01
3.596594288035043405e+02 8.588149607640104932e+00 4.430067713666398177e+00 1.274623150161381169e+01
3.591385078863896183e+02 8.618813165713612889e+00 4.652960473404890607e+00 1.258466585802233695e+01
3.586190937622029082e+02 8.633309264403475680e+00 4.857700580171513849e+00 1.240891794863543751e+01
3.581011799026616131e+02 8.645489520414443518e+00 5.042476626068801870e+00 1.224850241476008428e+01
3.575847598171408208e+02 8.669067104411103841e+00 5.207917226778426389e+00 1.213021698204378218e+01
3.570698270524026725e+02 8.716645531056398610e+00 5.357058596908716552e+00 1.207623246520408244e+01
3.565563751923270388e+02 8.798894310944703534e+00 5.494822897194516997e+00 1.210296572469489007e+01
3.560443978576454356e+02 8.923920933494166263e+00 5.627038612534059681e+00 1.222080325445427285e+01
3.555338887056765884e+02 9.096867402413847614e+00 5.759295747614411098e+00 1.243443905721328413e+01
3.550248414300645550e+02 9.319741078253239053e+00 5.896071770636398313e+00 1.274341038587007802e+01
3.545172497605192916e+02 9.591474915135622226e+00 6.040436801104895004e+00 1.314251302916635211e+01
3.540111074625586411e+02 9.908200682858376851e+00 6.194336959123541320e+00 1.362206440659321238e+01
3.535064083372538448e+02 1.026370882838794607e+01 6.359199695657740570e+00 1.416821796111815068e+01
3.530031462209757365e+02 1.065005861678976906e+01 6.536548411644794498e+00 1.476356882193474362e+01
3.525013149851442336e+02 1.105829136415631986e+01 6.728414849956047661e+00 1.538816787835659206e+01
3.520009085359794199e+02 1.147918865907732844e+01 6.937471113973912473e+00 1.602090620418074707e+01
3.515019208142551292e+02 1.190400865186019175e+01 7.166885586935300978e+00 1.664113171678508607e+01
3.510043457950539505e+02 1.232512983905197501e+01 7.419933178044908040e+00 1.723032650005904287e+01
3.505081774875252449e+02 1.273653623054103967e+01 7.699394764024645177e+00 1.777367769705743328e+01
3.500134099346441872e+02 1.313409206620884007e+01 8.006794536861526979e+00 1.826138959555615315e+01
3.495200372129737616e+02 1.351557794305203508e+01 8.341559009268475933e+00 1.868959687683559423e+01
3.490280534324282371e+02 1.388049046391746622e+01 8.700234340085231111e+00 1.906074658774970132e+01
3.485374527360386878e+02 1.422963937539718060e+01 9.075957920494326814e+00 1.938332083030003616e+01
3.480482292997206741e+02 1.456460360523821684e+01 9.458425451545489082e+00 1.967078175893094283e+01
3.475603773320437995e+02 1.488712500291623542e+01 9.834587110784800856e+00 1.993966289504766820e+01
3.470738910740030292e+02 1.519852218708052760e+01 1.019018222000646468e+01 2.020686215415458875e+01
3.465887647987923401e+02 1.549919599548300475e+01 1.051192560277127619e+01 2.048646638819473154e+01
3.461049928115795637e+02 1.578827533425596741e+01 1.078974613148320927e+01 2.078680453702872555e+01
3.456225694492841853e+02 1.606342336876745946e+01 1.101821018977664046e+01 2.110863654775827669e+01
3.451414890803557682e+02 1.632079616772910668e+01 1.119647067945655827e+01 2.144512165600165332e+01
3.446617461045549931e+02 1.655512592158271801e+01 1.132677231595453371e+01 2.178347952721089698e+01
3.441833349527365726e+02 1.675989322151632877e+01 1.141224810001897794e+01 2.210753834301368315e+01
3.437062500866334744e+02 1.692755843230730761e+01 1.145496662965438972e+01 2.240015023496022906e+01
3.432304859986434735e+02 1.704983767148183915e+01 1.145489956719227997e+01 2.264477577577139655e+01
3.427560372116168423e+02 1.711802781660302131e+01 1.140999052640971279e+01 2.282606510679633161e+01
3.422828982786466554e+02 1.712339941673989330e+01 1.131710277644226537e+01 2.292969605703752478e+01
3.418110637828597760e+02 1.705767954002615383e+01 1.117340099139323684e+01 2.294195808865907082e+01
3.413405283372106851e+02 1.691363491367107486e+01 1.097767762973686168e+01 2.284959219760528626e+01
3.408712865842761062e+02 1.668574038052605246e+01 1.073123867011396193e+01 2.264024209093814122e+01
3.404033331960517899e+02 1.637088462499112751e+01 1.043816482084882935e+01 2.230360442913342212e+01
3.399366628737507199e+02 1.596903354908147499e+01 1.010498146980967249e+01 2.183308562835327749e+01
3.394712703476034790e+02 1.548375164137225646e+01 9.739922435672093926e+00 2.122758084707242077e+01
3.390071503766594105e+02 1.492248109353142915e+01 9.352021446442051911e+00 2.049294074062080639e+01
3.385442977485902816e+02 1.429650063319182607e+01 8.950229157194465657e+00 1.964277210918918826e+01
3.380827072794949117e+02 1.362052860570065249e+01 8.542680886976627974e+00 1.869837632442467523e+01
3.376223738137058490e+02 1.291198984629562041e+01 8.136176646829669679e+00 1.768780304576156936e+01
3.371632922235970682e+02 1.219002184128480160e+01 7.735905206925028033e+00 1.664413847564457427e+01
3.367054574093939436e+02 1.147434033666099573e+01 7.345450257106790559e+00 1.560323041621520090e+01
3.362488642989843015e+02 1.078410795838069980e+01 6.967140929610541100e+00 1.460107498715085761e+01
3.357935078477310071e+02 1.013694630097005600e+01 6.602807899666408353e+00 1.367108470227370276e+01
3.353393830382862006e+02 9.548202934380086049e+00 6.254910153086257196e+00 1.284149571567391668e+01
3.348864848804072949e+02 9.030536068268474992e+00 5.927752994451737756e+00 1.213331914208521134e+01
3.344348084107737122e+02 8.593821383298642758e+00 5.628214174853073182e+00 1.155942859174421145e+01
3.339843486928060088e+02 8.245329565812189898e+00 5.365347998877691538e+00 1.112531113274668826e+01
3.335351008164857376e+02 7.990080161167201211e+00 5.148723561265437176e+00 1.083143676106896436e+01
3.330870598981771309e+02 7.831255172617495930e+00 4.986119232576158744e+00 1.067639111265883223e+01
3.326402210804502033e+02 7.770557653362618389e+00 4.881582247986659517e+00 1.065953305873857815e+01
3.321945795319052195e+02 7.808424954535163387e+00 4.834599308209249990e+00 1.078225060086107590e+01
3.317501304469984120e+02 7.944047812648350693e+00 4.840555652200435155e+00 1.104753997309626712e+01
3.313068690458693482e+02 8.175196779529281699e+00 4.892173755911175093e+00 1.145821980314738653e+01
3.308647905741697173e+02 8.497907056573831497e+00 4.981338431209012541e+00 1.201447568193865045e+01
3.304238903028929712e+02 8.906112363363602569e+00 5.100672204070367144e+00 1.271155252265683799e+01
3.299841635282061816e+02 9.391340545947933549e+00 5.244457908365671273e+00 1.353822318353019583e+01
3.295456055712823513e+02 9.942583545813942436e+00 5.408883415623835234e+00 1.447628367600404964e+01
3.291082117781346597e+02 1.054643104388172681e+01 5.591837213559863962e+00 1.550102487420358877e+01
3.286719775194517865e+02 1.118751348199128337e+01 5.792476634459537976e+00 1.658255032952302699e+01
3.282368981904346015e+02 1.184924303955629554e+01 6.010626717567670418e+00 1.768785936154491623e+01
3.278029692106341599e+02 1.251478046751685547e+01 6.245928390487768489e+00 1.878363254454594156e+01
3.273701860237909500e+02 1.316810319643853866e+01 6.496640594396054347e+00 1.983956579848102209e+01
3.269385440976754467e+02 1.379501732473111630e+01 6.758121187775565808e+00 2.083191346168666414e+01
3.265080389239297460e+02 1.438395175633738887e+01 7.021236545222031999e+00 2.174666696745274663e+01
3.260786660179109049e+02 1.492640067381198854e+01 7.271234980906749357e+00 2.258156636671722595e+01
3.256504209185348486e+02 1.541693785173678499e+01 7.487872412080620599e+00 2.334600329139295027e+01
3.252232991881221551e+02 1.585280328927911953e+01 7.647599865510340322e+00 2.405800671304789873e+01
3.247972964122446911e+02 1.623314406528227138e+01 7.728116503019739625e+00 2.473817162754480137e+01
3.243724081995734991e+02 1.655805960429487911e+01 7.714433440149697674e+00 2.540168576844006409e+01
3.239486301817278786e+02 1.682764081328716443e+01 7.604295016570940646e+00 2.605098661000338822e+01
3.235259580131257735e+02 1.704119276192357191e+01 7.410492687853467153e+00 2.667189283599367400e+01
3.231043873708350702e+02 1.719679046992174420e+01 7.158909729774891595e+00 2.723467121006860125e+01
3.226839139544265436e+02 1.729124527328693617e+01 6.883165130607030058e+00 2.769932541596684672e+01
3.222645334858271440e+02 1.732047139887776765e+01 6.617936748538946645e+00 2.802300604921658689e+01
3.218462417091753878e+02 1.728015898563655028e+01 6.392905927853582249e+00 2.816741204341952098e+01
3.214290343906770318e+02 1.716659991107015415e+01 6.228421763147703238e+00 2.810477805899260062e+01
3.210129073184625099e+02 1.697748945419397515e+01 6.133200096884345420e+00 2.782177881150360221e+01
3.205978563024449386e+02 1.671254382187199639e+01 6.103932925634439677e+00 2.732115471810955398e+01
3.201838771741797132e+02 1.637382468101266042e+01 6.126520057498033189e+00 2.662112930452728676e+01
3.197709657867247870e+02 1.596573289676387475e+01 6.178605199608193210e+00 2.575286059391955362e+01
3.193591180145022577e+02 1.549470657771317050e+01 6.233102390554151384e+00 2.475631076487218962e+01
3.189483297531610333e+02 1.496871612462255818e+01 6.262371067522310319e+00 2.367506118172280694e+01
3.185385969194404083e+02 1.439667934734291244e+01 6.242589729417571398e+00 2.255076896526825081e+01
3.181299154510347194e+02 1.378791869186430574e+01 6.157677284451802180e+00 2.141816009927681108e+01
3.177222813064592515e+02 1.315175404077328736e+01 6.001915396501940947e+00 2.030159268504463554e+01
3.173156904649168837e+02 1.249727836646521695e+01 5.780476655238709682e+00 1.921408007769172599e+01
3.169101389261659278e+02 1.183331255686666772e+01 5.507584469923978432e+00 1.815904064380935523e+01
3.165056227103889341e+02 1.116849217974459307e+01 5.202891910715170098e+00 1.713409244877401960e+01
3.161021378580625196e+02 1.051141152162103687e+01 4.887325971989792350e+00 1.613549707125228139e+01
3.156996804298282200e+02 9.870742721443010126e+00 4.579632828124116095e+00 1.516185261476190504e+01
3.152982465063641939e+02 9.255259112033241919e+00 4.294269086078092101e+00 1.421624913798839174e+01
3.148978321882580076e+02 8.673717192909586871e+00 4.040603819233909100e+00 1.330683056658526375e+01
3.144984335958803854e+02 8.134584309147321335e+00 3.823009482620765898e+00 1.244615913567387722e+01
3.141000468692600975e+02 7.645632305259124628e+00 3.641389193681832559e+00 1.164987541683641759e+01
3.137026681679591888e+02 7.213445523853612151e+00 3.491887439310453534e+00 1.093500360839677121e+01
3.133062936709500264e+02 6.842910672924490179e+00 3.367807237892697092e+00 1.031801410795628371e+01
3.129109195764925175e+02 6.536764278684651153e+00 3.260953662652519291e+00 9.812574894716782126e+00
3.125165421020127496e+02 6.295270232529823318e+00 3.163548557375150505e+00 9.426991907684497463e+00
3.121231574839821974e+02 6.116086141136580778e+00 3.070385078042150440e+00 9.161787204231011117e+00
3.117307619777981813e+02 5.994354637470982183e+00 2.980283782346734966e+00 9.008425492595229400e+00
3.113393518576647807e+02 5.923027269625238844e+00 2.895915574039165552e+00 8.950138965211310804e+00
3.109489234164753952e+02 5.893397638015118289e+00 2.821999861126017972e+00 8.964795414904218163e+00
3.105594729656951358e+02 5.895791267108564604e+00 2.762912762784994758e+00 9.028669771432134894e+00
3.101709968352450915e+02 5.920336560236412637e+00 2.720856453827210863e+00 9.119816666645613523e+00
3.097834913733867666e+02 5.957727829738709069e+00 2.695114862732891137e+00 9.220340796744526557e+00
3.093969529466078825e+02 5.999890280149181798e+00 2.682319190219855098e+00 9.317461370078508054e+00
3.090113779395087477e+02 6.040468565036484883e+00 2.677396418774230291e+00 9.403540711298738586e+00
3.086267627546892527e+02 6.075083682015337772e+00 2.674844460807058066e+00 9.475322903223617033e+00
3.082431038126375142e+02 6.101334194878893946e+00 2.669993498873882487e+00 9.532674890883907182e+00
3.078603975516183482e+02 6.118552492840041879e+00 2.659929818000764890e+00 9.577175167679317980e+00
3.074786404275634482e+02 6.127359996250122620e+00 2.643823781847514987e+00 9.610896210652731142e+00
3.070978289139615072e+02 6.129092281453905500e+00 2.622565407791498604e+00 9.635619155116312839e+00
3.067179595017503289e+02 6.125182465514016350e+00 2.597846433714444903e+00 9.652518497313586465e+00
3.063390286992080291e+02 6.116596720994845526e+00 2.571039772973003235e+00 9.662153669016687374e+00
3.059610330318472506e+02 6.103408833503934261e+00 2.542310807761097191e+00 9.664506859246770887e+00
3.055839690423080128e+02 6.084582013278026835e+00 2.510308182184048942e+00 9.658855844372004285e+00
3.052078332902526654e+02 6.057997698962672928e+00 2.472560311622236551e+00 9.643435086303108861e+00
3.048326223522614100e+02 6.020735909301137667e+00 2.426431375003823110e+00 9.615040443598452669e+00
3.044583328217280496e+02 5.969573840335654857e+00 2.370268231892871391e+00 9.568879448778437435e+00
3.040849613087573857e+02 5.901633690787481790e+00 2.304287363375662423e+00 9.498980018199301156e+00
3.037125044400621618e+02 5.815082356734099456e+00 2.230842410689841682e+00 9.399322302778356786e+00
3.033409588588625070e+02 5.709769665951166751e+00 2.153923008494173619e+00 9.265616323408160326e+00
3.029703212247840156e+02 5.587692096852692636e+00 2.077954383385070436e+00 9.097429810320313948e+00
3.026005882137583285e+02 5.453187220561394710e+00 2.006121028098053927e+00 8.900253413024735494e+00
3.022317565179235430e+02 5.312799290817517672e+00 1.938553125083100737e+00 8.687045456551933498e+00
3.018638228455254193e+02 5.174804132756483099e+00 1.870893798574141842e+00 8.478714466938825467e+00
3.014967839208200076e+02 5.048434538003764516e+00 1.794065994274826714e+00 8.302803081732703205e+00
3.011306364839755361e+02 4.942896806313615166e+00 1.696249205454038789e+00 8.189544407173192653e+00
3.007653772909768009e+02 4.866305880409830031e+00 1.567435976081809290e+00 8.165175784737851217e+00
3.004010031135286454e+02 4.824683562521016711e+00 1.404934924599769985e+00 8.244432200442263436e+00
3.000375107389615437e+02 4.821157964643782989e+00 1.216336019665245072e+00 8.425979909622320463e+00
2.996748969701364445e+02 4.855473494544018109e+00 1.017676876205754422e+00 8.693270112882281353e+00
2.993131586253515479e+02 4.923874610346135050e+00 8.281957332870505395e-01 9.019553487405220338e+00
2.989522925382491394e+02 5.019371918102386587e+00 6.648802990800529722e-01 9.373863537124719869e+00
2.985922955577230482e+02 5.132346005300369107e+00 5.388373641990542584e-01 9.725854646401685955e+00
2.982331645478272435e+02 5.251401967019321049e+00 4.537695463768864901e-01 1.004903438766175583e+01
2.978748963876842026e+02 5.364362362951031749e+00 4.061038754147272001e-01 1.032262085048733624e+01
2.975174879713953260e+02 5.459280773967069678e+00 3.863099288595097103e-01 1.053225161907462848e+01
2.971609362079503285e+02 5.525370408733827787e+00 3.810835650991820645e-01 1.066965725236847362e+01
2.968052380211387913e+02 5.553767195729168549e+00 3.760942772770818343e-01 1.073144011418125565e+01
2.964503903494613724e+02 5.538077633733076155e+00 3.588830098736106589e-01 1.071727225759254054e+01
2.960963901460420402e+02 5.474691726271984749e+00 3.213502416957560448e-01 1.062803321084821384e+01
2.957432343785408193e+02 5.362865784053674645e+00 2.612402656312912685e-01 1.046449130247605730e+01
2.953909200290672743e+02 5.204596644489355661e+00 1.822238866847803174e-01 1.022696940229393192e+01
2.950394440940947334e+02 5.004318489522106894e+00 9.258431615052352404e-02 9.916052662893688918e+00
2.946888035843741704e+02 4.768458299299419778e+00 2.935659255176676415e-03 9.533980939343662087e+00
2.943389955248507022e+02 4.504888901082232167e+00 -7.636033734822610108e-02 9.086138139512691225e+00
2.939900169545783228e+02 4.222321610183391805e+00 -1.374395638623236993e-01 8.582082784229106309e+00
2.936418649266369130e+02 3.929684070499597226e+00 -1.764049322627601890e-01 8.035773073261953670e+00
2.932945365080491342e+02 3.635531869173147079e+00 -1.938200314344137865e-01 7.464883769780708889e+00
2.929480287796981770e+02 3.347542543603064580e+00 -1.942133111717866401e-01 6.889298398377915689e+00
2.926023388362460764e+02 3.072135418797065309e+00 -1.847059390904786103e-01 6.328976776684609895e+00
2.922574637860518578e+02 2.814249053242771748e+00 -1.729961310804801200e-01 5.801494237566023671e+00
2.919134007510919560e+02 2.577290420280087258e+00 -1.651093976495702775e-01 5.319690238209744848e+00
2.915701468668790994e+02 2.363248629934447731e+00 -1.635477530121821066e-01 4.890045012881078179e+00
2.912276992823837531e+02 2.172944617014652469e+00 -1.665611005722778259e-01 4.512450334601582291e+00
2.908860551599544806e+02 2.006370725496680940e+00 -1.689530470981057686e-01 4.181694498091467871e+00
2.905452116752398979e+02 1.863063717609038772e+00 -1.641415393004377887e-01 3.890268974518515499e+00
2.902051660171107983e+02 1.742453108388336558e+00 -1.466277525902060230e-01 3.631533969366878889e+00
2.898659153875827883e+02 1.644133711140372656e+00 -1.140659775167319340e-01 3.402333399797476954e+00
2.895274570017397764e+02 1.568025104580609952e+00 -6.863194982106725350e-02 3.204682158982286921e+00
2.891897880876572344e+02 1.514398654992418214e+00 -1.778052057868924687e-02 3.046577830563525158e+00
2.888529058863273917e+02 1.483771817714710561e+00 2.570930708836268591e-02 2.941834328341058402e+00
2.885168076515830080e+02 1.476687243447469822e+00 4.532015934684638370e-02 2.908054327548093010e+00
2.881814906500238180e+02 1.493409068234687664e+00 2.525768457863868111e-02 2.961560451890736356e+00
2.878469521609416688e+02 1.533579768509825580e+00 -4.340231790311298299e-02 3.110561854922764269e+00
2.875131894762473621e+02 1.595887652368269682e+00 -1.596303289812705251e-01 3.351405633717809973e+00
2.871801999003972696e+02 1.677797039445382943e+00 -3.148587174702167646e-01 3.670452796360982539e+00
2.868479807503209713e+02 1.775389908484303447e+00 -4.974374425863532512e-01 4.048217259554959924e+00
2.865165293553494053e+02 1.883358649920906736e+00 -6.954501286612770894e-01 4.462167428503089894e+00
2.861858430571425060e+02 1.995174248659746574e+00 -8.975805510144030386e-01 4.887929048333895743e+00
2.858559192096191737e+02 2.103433281407250721e+00 -1.093153119124750106e+00 5.300019681939250660e+00
2.855267551788859919e+02 2.200362372899893781e+00 -1.272134065684594750e+00 5.672858811484381647e+00
2.851983483431673676e+02 2.278433447686058599e+00 -1.425346945962849832e+00 5.982213841334966808e+00
2.848706960927357841e+02 2.331021511379075761e+00 -1.544881565600882078e+00 6.206924588359033379e+00
2.845437958298428498e+02 2.353023289560732589e+00 -1.624585502484992450e+00 6.330632081606458073e+00
2.842176449686508022e+02 2.341353462208429104e+00 -1.660519113185772166e+00 6.343226037602630818e+00
2.838922409351636134e+02 2.295247145805665578e+00 -1.651278199870181984e+00 6.241772491481513363e+00
2.835675811671603128e+02 2.216321768293193717e+00 -1.598123747249003967e+00 6.030767283835391623e+00
2.832436631141267185e+02 2.108384941531783241e+00 -1.504896706951187157e+00 5.721666590014754306e+00
2.829204842371894983e+02 1.977011678358278957e+00 -1.377731999269896868e+00 5.331755355986454781e+00
2.825980420090491521e+02 1.828947742936813281e+00 -1.224614709027000981e+00 4.882510194900627098e+00
2.822763339139145842e+02 1.671420012274695610e+00 -1.054838437774764603e+00 4.397678462324156712e+00
2.819553574474375637e+02 1.511445265330807031e+00 -8.784271187720927854e-01 3.901317649433706958e+00
2.816351101166474677e+02 1.355224333208859600e+00 -7.055633469168433036e-01 3.416012013334563058e+00
2.813155894398874466e+02 1.207690516882052201e+00 -5.460230027841200817e-01 2.961404036548224816e+00
2.809967929467492809e+02 1.072253578110140326e+00 -4.085432693176145880e-01 2.553050425537894963e+00
2.806787181780107403e+02 9.507489202033286846e-01 -2.999684909652876597e-01 2.201466331371944918e+00
2.803613626855714642e+02 8.435715703056779757e-01 -2.240375504711960564e-01 1.911180691082552174e+00
2.800447240323910023e+02 7.499511415806475734e-01 -1.800446039529756681e-01 1.679946887114270648e+00
2.797287997924257752e+02 6.683102383115231415e-01 -1.623399317956164267e-01 1.498960408418662515e+00
2.794135875505673425e+02 5.966457822486112006e-01 -1.617665878270438395e-01 1.355058152324266185e+00
2.790990849025809553e+02 5.328794570532078279e-01 -1.686467903826913695e-01 1.234405704489107025e+00
2.787852894550442215e+02 4.751373082787926916e-01 -1.754233757888069012e-01 1.125697992346392340e+00
2.784721988252866822e+02 4.219360803088207379e-01 -1.776681643512771358e-01 1.021540324968918556e+00
2.781598106413290452e+02 3.722716239822084217e-01 -1.737161752639302947e-01 9.182594232283470825e-01
2.778481225418239546e+02 3.256197438316437709e-01 -1.637669583796629025e-01 8.150064460429503610e-01
2.775371321759958505e+02 2.818702407485323413e-01 -1.490195885240341578e-01 7.127600700210988682e-01
2.772268372035821358e+02 2.412198699201079932e-01 -1.310389730935353769e-01 6.134787129337513356e-01
2.769172352947745708e+02 2.040497762765621226e-01 -1.113609418889426328e-01 5.194604944420668780e-01
2.766083241301606677e+02 1.708088059359511024e-01 -9.128822090777910514e-02 4.329058327796812544e-01
2.763001014006663354e+02 1.419174945396232679e-01 -7.183278087095777698e-02 3.556677699502043266e-01
2.759925648074975015e+02 1.177001631325863135e-01 -5.378459964886430494e-02 2.891849259140369388e-01
2.756857120620837804e+02 9.834585080054443484e-02 -3.791886993037574954e-02 2.346105715314646123e-01
2.753795408860211182e+02 8.389379648796399525e-02 -2.535966244270596720e-02 1.931472554186339508e-01
2.750740490110158021e+02 7.423635238417389259e-02 -1.792064704343160689e-02 1.663933518117794164e-01
2.747692341788282420e+02 6.913157535262448583e-02 -1.755790602562206856e-02 1.558210567308710437e-01
2.744650941412173779e+02 6.821891262284625335e-02 -2.439569000177995231e-02 1.608335152474724694e-01
2.741616266598852008e+02 7.103373303459148413e-02 -3.619479049570037410e-02 1.782622565648833146e-01
2.738588295064222962e+02 7.701921921165021112e-02 -5.044494515138002455e-02 2.044833835746804607e-01
2.735567004622530476e+02 8.553663855748790124e-02 -6.558557102498240032e-02 2.366588481399581889e-01
2.732552373185810097e+02 9.587671767941645384e-02 -8.078964416548924110e-02 2.725430795243221627e-01
2.729544378763361010e+02 1.072754488629654862e-01 -9.553690580619586536e-02 3.100878035321268378e-01
2.726542999461200907e+02 1.189371074443731913e-01 -1.093768083324147683e-01 3.472510232211611370e-01
2.723548213481541325e+02 1.300657469799506027e-01 -1.218457088440132868e-01 3.819772028039144507e-01
2.720559999122258432e+02 1.399043484053925368e-01 -1.324655697774466401e-01 4.122742665882317414e-01
2.717578334776366091e+02 1.477786237466332531e-01 -1.407797072202482125e-01 4.363369547135147464e-01
2.714603198931499719e+02 1.531407185829075646e-01 -1.464011637718014847e-01 4.526826009376166415e-01
2.711634570169394465e+02 1.556071327830740869e-01 -1.490593375277448340e-01 4.602736030938930356e-01
2.708672427165375893e+02 1.549853217826357710e-01 -1.486357378883185199e-01 4.586063814535901173e-01
2.705716748687842710e+02 1.512846606888708367e-01 -1.451832581471836636e-01 4.477525795249253093e-01
2.702767513597767675e+02 1.447095334158186863e-01 -1.389264296727950876e-01 4.283454965044324880e-01
2.699824700848186581e+02 1.356348527611145049e-01 -1.302430449285162384e-01 4.015127504507452483e-01
2.696888289483701442e+02 1.245668380981388434e-01 -1.196301460434339714e-01 3.687638222397116583e-01
2.693958258639983683e+02 1.120939047977441705e-01 -1.076593674533517925e-01 3.318471770488400918e-01
2.691034587543274483e+02 9.883369979957069840e-02 -9.492773081398170332e-02 2.925951304131231279e-01
2.688117255509903316e+02 8.538248310689261489e-02 -8.201009738362312340e-02 2.527750635974083671e-01
2.685206241945788861e+02 7.227224690068100033e-02 -6.941864919874414508e-02 2.139631430001061319e-01
2.682301526345964930e+02 5.993940776351199679e-02 -5.757322305270736601e-02 1.774520385797313526e-01
2.679403088294089912e+02 4.870694780885336667e-02 -4.678439606067041900e-02 1.441982916783771662e-01
2.676510907461977240e+02 3.877989705407763193e-02 -3.724928395377891804e-02 1.148090780619341889e-01
2.673624963609113365e+02 3.025237520643221656e-02 -2.905838196758233835e-02 8.956313238044677494e-02
2.670745236582187090e+02 2.312327220804296854e-02 -2.221066854853128228e-02 6.845721296461722283e-02
2.667871706314622884e+02 1.731713463890200908e-02 -1.663368980472359690e-02 5.126795908252761852e-02
2.665004352826111926e+02 1.270690167495982029e-02 -1.220540977003391897e-02 3.761921311995355954e-02
2.662143156222153380e+02 9.135665288410119850e-03 -8.775117697057809724e-03 2.704644827387804942e-02
2.659288096693585430e+02 6.435429732046974577e-03 -6.181450090424457644e-03 1.905230955451840680e-02
2.656439154516139638e+02 4.441726180834567814e-03 -4.266429974465295316e-03 1.314988233613443094e-02
2.653596310049976523e+02 3.003743638624174501e-03 -2.885198638641262980e-03 8.892685915889611548e-03
2.650759543739242758e+02 1.990264498795244526e-03 -1.911717252333993387e-03 5.892246249924482440e-03
2.647928836111615283e+02 1.292098367465066826e-03 -1.241104773032405267e-03 3.825301507962538487e-03
2.645104167777860766e+02 8.218966446665449928e-04 -7.894599057637202710e-04 2.433253195096810474e-03
2.642285519431390526e+02 5.122425904575787651e-04 -4.920265721709469152e-04 1.516511753086104662e-03
2.639472871847822262e+02 3.128030725708762358e-04 -3.004580774321085517e-04 9.260642225738609148e-04
2.636666205884542364e+02 1.871557537099768833e-04 -1.797695193704642853e-04 5.540810267904180790e-04
2.633865502480268788e+02 1.097165652638471277e-04 -1.053865234090621420e-04 3.248196539367564245e-04
2.631070742654626429e+02 6.301995241256999418e-05 -6.053282544111850193e-05 1.865727302662584632e-04
2.628281907507711139e+02 3.546670035965451649e-05 -3.406698196698670965e-05 1.050003826862957562e-04
2.625498978219666810e+02 1.955691499417336549e-05 -1.878508752663420555e-05 5.789891751498092975e-05
2.622721936050263025e+02 1.056614965640967094e-05 -1.014914909594888004e-05 3.128144840876822023e-05
2.619950762338471577e+02 5.593324482189076349e-06 -5.372579980470164944e-06 1.655922894484831764e-05
2.617185438502053216e+02 2.901082763381041899e-06 -2.786589482932416297e-06 8.588755009694500520e-06
2.614425946037134736e+02 1.474304089604231082e-06 -1.416119637352075238e-06 4.364727816560537613e-06
2.611672266517805383e+02 7.340926386368912379e-07 -7.051211541433317464e-07 2.173306431417114328e-06
2.608924381595698492e+02 3.581389163422014047e-07 -3.440047110474873664e-07 1.060282543731890176e-06
2.606182272999589600e+02 1.711941849348945333e-07 -1.644378855088577558e-07 5.068262553786468224e-07
2.603445922534989450e+02 8.017950105493765407e-08 -7.701516041371601438e-08 2.373741625235913225e-07
2.600715312083739832e+02 3.679379102792101306e-08 -3.534169807699237275e-08 1.089292801328343856e-07
2.597990423603616819e+02 1.654331627989892337e-08 -1.589042261812908693e-08 4.897705517792693697e-08
2.595271239127931722e+02 7.287984754231600165e-09 -7.000359288299659475e-09 2.157632879676286146e-08
2.592557740765137169e+02 3.145786073337973851e-09 -3.021635404041471816e-09 9.313207550717418278e-09
2.589849910698432041e+02 1.330416929821631132e-09 -1.277911085994507008e-09 3.938744945637769893e-09
2.587147731185376074e+02 5.512939003003461456e-10 -5.295366971385994502e-10 1.632124497739291741e-09
2.584451184557497641e+02 2.238285386342458660e-10 -2.149949872639101024e-10 6.626520645324018086e-10
2.581760253219911760e+02 8.903988254619365926e-11 -8.552586069143290903e-11 2.636056257838202534e-10
2.579074919650936408e+02 3.470487983169564148e-11 -3.333522723661187574e-11 1.027449869000031587e-10
2.576395166401712231e+02 1.325358472763194821e-11 -1.273052264516996202e-11 3.923769210043385683e-11
2.573720976095824540e+02 4.959215947593832200e-12 -4.763496987460815879e-12 1.468192888264847786e-11
2.571052331428926436e+02 1.818149238429006876e-12 -1.746394694551021103e-12 5.382693171409034249e-12
2.568389215168370470e+02 6.531048127840524948e-13 -6.273295700507789415e-13 1.933539195618884133e-12
2.565731610152830058e+02 2.298651259626272696e-13 -2.207933364096682075e-13 6.805235883349227719e-13
2.563079499291937964e+02 7.926840827332073572e-14 -7.614002455246611311e-14 2.346768410991075341e-13
2.560432865565915677e+02 2.678329687670320843e-14 -2.572627514805987046e-14 7.929286890146627784e-14
2.557791692025210466e+02 8.866756464033440665e-15 -8.516823657470565181e-15 2.625033658553744493e-14
2.555155961790134143e+02 2.876089340622401276e-15 -2.762582443374002633e-15 8.514761124618805185e-15
2.552525658050502386e+02 9.140644363579667542e-16 -8.779902377610362931e-16 2.706119110476969801e-15
2.549900764065279759e+02 2.846348670757659521e-16 -2.734015510051672875e-16 8.426712851566992410e-16
2.547281263162219886e+02 8.684328303864907658e-17 -8.341595153494387752e-17 2.571025176122420060e-16
2.544667138737518428e+02 2.596098790017285610e-17 -2.493641917609617883e-17 7.685839497644188796e-17
2.542058374255456386e+02 7.604016377852633547e-18 -7.303918500681184009e-18 2.251195125638645264e-17
2.539454953248056484e+02 2.182236018860728222e-18 -2.096112533033630934e-18 6.460584570755086992e-18
2.536856859314733299e+02 6.136168023837926103e-19 -5.893999818718786755e-19 1.816633586639463704e-18
2.534264076121950495e+02 1.690556204424098065e-19 -1.623837209753837662e-19 5.004949618602034034e-19
2.531676587402877203e+02 4.563508166132508520e-20 -4.383406093088639004e-20 1.351042242535365845e-19
2.529094376957048951e+02 1.206993405729416132e-20 -1.159358558456549710e-20 3.573345369915381973e-20
2.526517428650031150e+02 3.127863628794791664e-21 -3.004420281432055102e-21 9.260147539021638806e-21
2.523945726413077466e+02 7.941957708016350373e-22 -7.628522737557349156e-22 2.351243815359004990e-21
2.521379254242803540e+02 1.975805442333846156e-22 -1.897828885014074173e-22 5.849439769681766014e-22
2.518817996200847062e+02 4.816123687898487373e-23 -4.626051964862313822e-23 1.425829934065928680e-22
2.516261936413545186e+02 1.150238589952084353e-23 -1.104843611570576278e-23 3.405320791474744544e-23
2.513711059071601426e+02 2.691628282880150730e-24 -2.585401271562889408e-24 7.968657837323190869e-24
2.511165348429761934e+02 6.171334398476224321e-25 -5.927778327543548232e-25 1.827044712449599871e-24
2.508624788806491210e+02 1.386372462705232359e-25 -1.331658294250966087e-25 4.104403219661430804e-25
2.506089364583648660e+02 3.051529794095711029e-26 -2.931099015435014228e-26 9.034158603626436286e-26
2.503559060206173115e+02 6.581003974284558300e-27 -6.321280004187466460e-27 1.948328795275658378e-26
2.501033860181757404e+02 1.390604206712979154e-27 -1.335723029492527116e-27 4.116931442918485244e-27
2.498513749080539412e+02 2.879067001706935983e-28 -2.765442588960661160e-28 8.523576592374534022e-28
2.495998711534783467e+02 5.840322808807269597e-29 -5.609830344058769610e-29 1.729047596167330880e-28
2.493488732238568844e+02 1.160803689977353395e-29 -1.114991752461058704e-29 3.436599132415765494e-29
2.490983795947479962e+02 2.260567892862923795e-30 -2.171352984301448361e-30 6.692488770027296302e-30
2.488483887478297163e+02 4.313334879306640435e-31 -4.143106071728096429e-31 1.276977583034137642e-30
2.485988991708691458e+02 8.063909532939483121e-32 -7.745661647573669846e-32 2.387348071345263499e-31
2.483499093576915300e+02 1.477117229170522235e-32 -1.418821754413449036e-32 4.373056212754493506e-32
2.481014178081506714e+02 2.651069590078499403e-33 -2.546443256219777327e-33 7.848582436376776476e-33
2.478534230280978932e+02 4.661912732205044032e-34 -4.477927053456592105e-34 1.380175251786668017e-33
2.476059235293529923e+02 8.032375418649908111e-35 -7.715372049377622805e-35 2.378012288667744010e-34
2.473589178296738851e+02 1.356003169244816900e-35 -1.302487546407205616e-35 4.014493884896838882e-35
2.471124044527271337e+02 2.242922450506479892e-36 -2.154403931790834126e-36 6.640248832803793576e-36
2.468663819280587006e+02 3.635002038882768634e-37 -3.491544115967163449e-37 1.076154819373270155e-36
2.466208487910644749e+02 5.772074220688817432e-38 -5.544275234675332397e-38 1.708842367605296726e-37
2.463758035829615665e+02 8.980406638737989376e-39 -8.625988547757653262e-39 2.658680182523363201e-38
2.461312448507588329e+02 1.368979500549975436e-39 -1.314951757632048263e-39 4.052910758731999135e-39
2.458871711472288837e+02 2.044724190145485582e-40 -1.964027705765085566e-40 6.053476086056057137e-40
2.456435810308787779e+02 2.992329211619590081e-41 -2.874234825760510998e-41 8.858893248999691159e-41
2.454004730659224265e+02 4.290627943661745465e-42 -4.121295281336672233e-42 1.270255116866016507e-41
2.451578458222516588e+02 6.027943719082286010e-43 -5.790046662590678138e-43 1.784593410075524936e-42
2.449156978754086538e+02 8.297635784365166117e-44 -7.970163727402926743e-44 2.456543529613325898e-43
2.446740278065579162e+02 1.119119323329552075e-44 -1.074952488785262189e-44 3.313191135444365965e-44
2.444328342024584799e+02 1.478887943538735712e-45 -1.420522586288433448e-45 4.378298473365904872e-45
2.441921156554366235e+02 1.914833379734910396e-46 -1.839263127931017629e-46 5.668929887400838421e-46
2.439518707633579879e+02 2.429201597451645690e-47 -2.333331440630312057e-47 7.191734635533603437e-47
2.437120981296010314e+02 3.019485676684145431e-48 -2.900319541750299048e-48 8.939290895118590517e-48
2.434727963630293459e+02 3.677386157007934586e-49 -3.532255514934121320e-49 1.088702782894998897e-48
2.432339640779651120e+02 4.388158918461960140e-50 -4.214977127328965332e-50 1.299129496425288656e-49
2.429955998941622681e+02 5.130530869030068541e-51 -4.928050844520488511e-51 1.518911258258062559e-50
2.427577024367797662e+02 5.877316925079774758e-52 -5.645364461403237518e-52 1.739999831156278703e-51
2.425202703363555372e+02 6.596791567452538116e-53 -6.336444528840036570e-53 1.953002766374511466e-52
2.422833022287796609e+02 7.254763543576990022e-54 -6.968449176192243161e-54 2.147797626334622552e-53
2.420467967552687867e+02 7.817188939272578347e-55 -7.508678056398049642e-55 2.314305593494320778e-54
2.418107525623396725e+02 8.253056211554059426e-56 -7.927343518920067000e-56 2.443345594202818947e-55
2.415751683017838332e+02 8.537207645591935257e-57 -8.200280715913612313e-57 2.527469600709748169e-56
2.413400426306414772e+02 8.652741581801480439e-58 -8.311255023727508840e-58 2.561673818733046972e-57
2.411053742111762404e+02 8.592676658840374392e-59 -8.253560605375637516e-59 2.543891392305638630e-58
2.408711617108496910e+02 8.360650194270859528e-60 -8.030691229113645984e-60 2.475199161765536504e-59
2.406374038022960917e+02 7.970553549744732528e-61 -7.655990024194525200e-61 2.359709712368399026e-60
2.404040991632975590e+02 7.445155313372893434e-62 -7.151327000316822024e-62 2.204163762706260889e-61
2.401712464767586823e+02 6.813902067425536173e-63 -6.544986609583458277e-63 2.017279074443453170e-62
2.399388444306823089e+02 6.110192040028114555e-64 -5.869048995457236583e-64 1.808943307551346569e-63
2.397068917181442771e+02 5.368471848936005953e-65 -5.156601315593534605e-65 1.589354501346554567e-64
2.394753870372695133e+02 4.621504150736907474e-66 -4.439113225197237686e-66 1.368212152667105421e-65
2.392443290912073053e+02 3.898098976297085782e-67 -3.744257746917597205e-67 1.154045569951176943e-66
2.390137165881071439e+02 3.221508072843283464e-68 -3.094368981353818356e-68 9.537385127040385283e-68
2.387835482410947350e+02 2.608569626940310321e-69 -2.505620584145162496e-69 7.722759838025783653e-69
2.385538227682479544e+02 2.069581291377691172e-70 -1.987903803940243434e-70 6.127066386695626100e-70
2.383245388925732584e+02 1.608790131726104376e-71 -1.545298092867308101e-71 4.762878356319517054e-71
2.380956953419816671e+02 1.225330220787335519e-72 -1.176971698156684549e-72 3.627632139731355336e-72
2.378672908492656290e+02 9.144158458046973946e-74 -8.783277785857537446e-74 2.707159470195148377e-73
2.376393241520753463e+02 6.686074155730160371e-75 -6.422203516709841496e-75 1.979435182817016322e-74
2.374117939928956389e+02 4.789999655357929850e-76 -4.600958935717764787e-76 1.418095824643362449e-75
2.371846991190227811e+02 3.362301253947087712e-77 -3.229605660121302025e-77 9.954208168015477832e-77
2.369580382825415654e+02 2.312462028954816072e-78 -2.221199081658954902e-78 6.846123139568586567e-78
2.367318102403024511e+02 1.558294167970899425e-79 -1.496794987987708869e-79 4.613383323929507120e-79
2.365060137538986567e+02 1.028871477006754904e-80 -9.882663374608692631e-81 3.046009291474379072e-80
2.362806475896439053e+02 6.655943967853453798e-82 -6.393262437978915523e-82 1.970515037368582078e-81
2.360557105185495175e+02 4.218859226126395795e-83 -4.052358966930094022e-83 1.249007741918288342e-82
2.358312013163025540e+02 2.620096327778312960e-84 -2.516692375593103180e-84 7.756885031149729556e-84
2.356071187632431361e+02 1.594323068432003706e-85 -1.531401982444403908e-85 4.720048119308411320e-85
2.353834616443427592e+02 9.505440525614169586e-87 -9.130301601449802145e-87 2.814118265267814310e-86
2.351602287491820107e+02 5.552710290995634462e-88 -5.333568657407125653e-88 1.643898923939839458e-87
2.349374188719289407e+02 3.178151739095992479e-89 -3.052723735941071495e-89 9.409027214133055757e-89
2.347150308113173764e+02 1.782301158158754937e-90 -1.711961384088630812e-90 5.276563700406140686e-90
2.344930633706249807e+02 9.793194892488166427e-92 -9.406699538990286416e-92 2.899308932396661518e-91
2.342715153576523903e+02 5.272353885236757174e-93 -5.064276715221162808e-93 1.560898448569467801e-92
2.340503855847011891e+02 2.781131701491383850e-94 -2.671372374541154708e-94 8.233635777523922940e-94
2.338296728685533026e+02 1.437392602837446205e-95 -1.380664888516655380e-95 4.255450094191548122e-95
2.336093760304494822e+02 7.278905865068499299e-97 -6.991638703913929616e-97 2.154945043405092717e-96
2.333894938960684442e+02 3.611550130533338921e-98 -3.469017753745245013e-98 1.069211801481192221e-97
2.331700252955060364e+02 1.755731251257676253e-99 -1.686440077330083532e-99 5.197902579845436444e-99
2.329509690632544903e+02 8.362945733910316087e-101 -8.032896173660004504e-101 2.475878764148063921e-100
2.327323240381817868e+02 3.902989341388196953e-102 -3.748955110296160455e-102 1.155493379307255436e-101
2.325140890635109372e+02 1.784729076465620355e-103 -1.714293482884684598e-103 5.283751635815925308e-103
2.322962629868000590e+02 7.996207958007692408e-105 -7.680631963115229977e-105 2.367304787913061634e-104
2.320788446599215433e+02 3.510206845307473328e-106 -3.371674052850921972e-106 1.039208774346586814e-105
2.318618329390422730e+02 1.509795701625839436e-107 -1.450210547872085691e-107 4.469801951123764562e-107
2.316452266846033865e+02 6.362686241355507643e-109 -6.111578334789209230e-109 1.883695081750022263e-108
2.314290247613002691e+02 2.627239579263975460e-110 -2.523553713613519721e-110 7.778032872141469459e-110
2.312132260380630839e+02 1.062908049060626572e-111 -1.020959632158133274e-111 3.146775730279386234e-111
2.309978293880364504e+02 4.213359931577055248e-113 -4.047076705924320532e-113 1.247379656907843276e-112
2.307828336885604585e+02 1.636433167242010312e-114 -1.571850176461958920e-114 4.844716510945980086e-114
2.305682378211505750e+02 6.227372332845552432e-116 -5.981604685252709286e-116 1.843634935094381415e-115
2.303540406714788560e+02 2.321925279179492181e-117 -2.230288858029495982e-117 6.874139416388479992e-117
2.301402411293541093e+02 8.482590348881456463e-119 -8.147818929394669651e-119 2.511299962715758038e-118
2.299268380887030219e+02 3.036306404378692205e-120 -2.916476427545663447e-120 8.989089236303047169e-120
2.297138304475510324e+02 1.064877239246818262e-121 -1.022851106862763886e-121 3.152605585356400625e-121
2.295012171080032601e+02 3.659235332314495296e-123 -3.514821025357345365e-123 1.083329168998633529e-122
2.292889969762259170e+02 1.232020641596304496e-124 -1.183398076782882203e-124 3.647439359975490774e-124
2.290771689624270948e+02 4.064269283424847019e-126 -3.903870025506165144e-126 1.203240859235585918e-125
2.288657319808386603e+02 1.313662531534722220e-127 -1.261817911870114556e-127 3.889142974939558381e-127
2.286546849496970708e+02 4.160274611537595346e-129 -3.996086435535106032e-129 1.231663565861029737e-128
2.284440267912255820e+02 1.290913169075433571e-130 -1.239966369068462332e-130 3.821792707219329274e-130
2.282337564316154612e+02 3.924722103764062629e-132 -3.769830173854829461e-132 1.161927438138295660e-131
2.280238728010078830e+02 1.169116092820518428e-133 -1.122976100454878203e-133 3.461208286095915254e-133
2.278143748334757390e+02 3.412268627453292870e-135 -3.277601035939463267e-135 1.010213829084604901e-134
2.276052614670056471e+02 9.758108331337571579e-137 -9.372997693663648928e-137 2.888921435633878827e-136
2.273965316434801025e+02 2.734166163804109108e-138 -2.626260386767847365e-138 8.094592714376066178e-138
2.271881843086592596e+02 7.506215368388454460e-140 -7.209852345718115753e-140 2.222228308249502374e-139
2.269802184121636799e+02 2.019082129356508413e-141 -1.932697245597997271e-141 5.970861504311013222e-141
2.267726329074563409e+02 5.321374156392129457e-143 5.321374156392129457e-143 5.321374156392129457e-143
2.265654267518251288e+02 1.374138332144775635e-144 1.374138332144775635e-144 1.374138332144775635e-144
2.263585989063655290e+02 3.476753979410841277e-146 3.476753979410841277e-146 3.476753979410841277e-146
2.261521483359630338e+02 8.618949051749873183e-148 8.618949051749873183e-148 8.618949051749873183e-148
2.259460740092762308e+02 2.093493004153772012e-149 2.093493004153772012e-149 2.093493004153772012e-149
2.257403748987190397e+02 4.982250525873029489e-151 4.982250525873029489e-151 4.982250525873029489e-151
2.255350499804444269e+02 1.161760099772826895e-152 1.161760099772826895e-152 1.161760099772826895e-152
2.253300982343265559e+02 2.654264503117153837e-154 2.654264503117153837e-154 2.654264503117153837e-154
2.251255186439446732e+02 5.941673574382660885e-156 5.941673574382660885e-156 5.941673574382660885e-156
2.249213101965657700e+02 1.303197462500322117e-157 1.303197462500322117e-157 1.303197462500322117e-157
2.247174718831280700e+02 2.800583397857899387e-159 2.800583397857899387e-159 2.800583397857899387e-159
2.245140026982244308e+02 5.896898349889265182e-161 5.896898349889265182e-161 5.896898349889265182e-161
2.243109016400857172e+02 1.216565847506078720e-162 1.216565847506078720e-162 1.216565847506078720e-162
2.241081677105646008e+02 2.459146752782943705e-164 2.459146752782943705e-164 2.459146752782943705e-164
2.239057999151187630e+02 4.870461560740907952e-166 4.870461560740907952e-166 4.870461560740907952e-166
2.237037972627951490e+02 9.451323771094585350e-168 9.451323771094585350e-168 9.451323771094585350e-168
2.235021587662132561e+02 1.797016269368669518e-169 1.797016269368669518e-169 1.797016269368669518e-169
2.233008834415496437e+02 3.347713043787024791e-171 3.347713043787024791e-171 3.347713043787024791e-171
2.230999703085214492e+02 6.110563860414820158e-173 6.110563860414820158e-173 6.110563860414820158e-173
2.228994183903706130e+02 1.092826448526208975e-174 1.092826448526208975e-174 1.092826448526208975e-174
2.226992267138481907e+02 1.914952273948073054e-176 1.914952273948073054e-176 1.914952273948073054e-176
2.224993943091983795e+02 3.287770991117178657e-178 3.287770991117178657e-178 3.287770991117178657e-178
